1.0
1.0
1.0
40.0
30.0
1.0
230.0425
150.0
255.0
1.0
1.0
1.0
40.0
30.0
1.0
0.0
0.0
0.0
40.0
30.0
1.0
804.0
1.0
18.200248756218905
14.522388059701493
0.0
18.200248756218905
14.522388059701493
0.0
0.688574057884488
0.0
0.0
49.37882915708542
40.0
30.0
49.4064773081425
49.4064773081425
741.3333333333334
34.000980766279184
0.22908957398700963
1729.1041454400938
2.3324246566188314
804.0
230.0
252.0
47540853.0
0.8417803165949815
11.0
2.5294183487291417
255.0
6.557869854706566
243.03855721393035
245.0
224.0
31.0
5.0095974406824855
243.16746118488896
-0.7158317464623158
47540853.0
0.6385887725551348
62.673886475582286
5.0865591458778106
2.236130724993477
0.8785917972351613
0.4305041495686407
0.5539079246468162
0.2088471307780852
0.453287854004763
0.2088471307780852
0.7327091104144845
0.16373801456798193
0.46280251682874735
1.53716644495181
-0.17427703805562705
0.4902870221163541
0.8955764346109574
0.9791152869221915
0.8955764346109574
0.9477882173054787
0.2088471307780852
0.649116623318011
1.3283193141737257
0.19068876385622535
129.3555861472402
0.5231832672856463
0.2694013789249772
5.5027226994093645
21.248486410674047
97.54072202352864
4.987522180237152
0.22985426510171045
3.739731839581645
48.879629903493274
0.19082766639394536
0.3069029850746269
9.480412729663875
0.3588976656006162
2.1160669166056105
0.0918374651865334
11.583333333333334
0.4826388888888889
0.8055555555555556
6.25
15446.916666666666
62733.708333333336
3835.728009259259
0.3819444444444444
4.583333333333333
0.1909722222222222
0.4003554989466876
1.5184188287497158
0.2760056293765895
3.3716535224393285
0.029850746268656716
14324.666666666666
3.4534586822602673
132.02238805970148
0.1642069503230118
3.5290896264943936
513.4253731343283
0.18735148882453403
5.083333333333333
46.36318407960199
223.05597014925374
10.55787037037037
0.22654090657822
0.04304315162816555
0.22316803191932752
0.014733966388697037
