1.0
1.0
1.0
40.0
30.0
1.0
224.12416666666667
117.0
253.0
1.0
1.0
1.0
40.0
30.0
1.0
0.0
0.0
0.0
40.0
30.0
1.0
846.0
1.0
18.90307328605201
15.622931442080379
0.0
18.90307328605201
15.622931442080379
0.0
0.7627944049508951
0.0
0.0
47.7746532953474
40.0
30.0
49.4064773081425
49.4064773081425
788.8333333333334
36.44223823215984
0.22874739596839835
1804.893032413173
2.2880537068411235
846.0
224.0
247.0
48030053.0
0.6631985848748897
10.0
3.134730618034121
253.0
6.757440101939875
238.1193853427896
241.0
215.0
38.0
4.7923513365185935
238.27108992310463
-0.948935864028272
48030053.0
0.7613550626226046
72.27061711628637
3.8317312484953883
1.948787684627386
0.645797735322795
-0.1388572486203984
0.27063184399985274
0.13481133410087892
0.3336939193036267
0.13481133410087892
0.568798325569745
0.11636806773441141
0.6931472952272656
1.061010640782517
-0.12616964027594293
0.35290585849467465
0.9325943329495605
0.9865188665899121
0.9325943329495605
0.9662971664747803
0.13481133410087892
0.8286081559132765
0.9261993066816387
0.10136079452518293
87.63823067534808
0.4506789281014833
0.3598571328980017
3.2563861846178535
46.330866239285136
183.781183199206
12.191536445168214
0.5202602874528699
3.7838914301936555
37.572753327487916
0.1913809241452641
0.2290189125295508
25.718279161178994
0.43599888383973534
1.0826209025248033
0.3347819706353937
26.85
0.67125
0.584375
2.475
13411.95
53617.35
3363.1833333333334
0.8256944444444445
10.45
0.26125
0.5153485798203766
1.0496525746669936
0.45598144984140054
3.084183719779184
0.04728132387706856
12964.627500000002
2.6692486178517036
227.53900709219857
0.268958637224821
4.919817357722896
644.1063829787234
0.12750867662592424
3.7943262411347516
56.297872340425535
223.59101654846336
14.854150249540321
0.32899921197793536
0.05312328215806067
0.14360213567083432
0.03614960094284189
