1.0
1.0
1.0
40.0
30.0
1.0
231.58333333333334
144.0
255.0
1.0
1.0
1.0
40.0
30.0
1.0
0.0
0.0
0.0
40.0
30.0
1.0
797.0
6.0
16.706398996235883
13.707653701380176
0.0
16.706398996235883
13.707653701380176
0.0
0.7848567027545624
0.0
0.0
42.048697159831995
40.0
30.0
49.4064773081425
49.4064773081425
739.75
33.00220180799087
0.23308010841622614
1697.0796623575475
2.2941259376242615
797.0
230.0
252.0
46558162.0
0.7081685293745552
10.0
2.1277120220632644
255.0
6.24348521510243
241.57590966122962
242.0
227.0
28.0
4.91223903414481
241.69560478034768
-0.14838106330294834
46558162.0
0.6882223016361544
57.84524148744743
1.577176430556921
1.2066426995001462
1.0712234101382758
0.6191202597486053
0.5702458257014533
0.08550333588703464
0.7395356981415934
0.08550333588703464
0.4186068649094462
0.07790515954709845
0.5942202596586575
1.1243879670068047
-0.4705321412701744
0.7038856767834734
0.9572483320564826
0.9828993328225931
0.9572483320564826
0.9714988880376552
0.08550333588703464
0.7506056325563366
1.0388846311197704
0.163937290397122
94.32776782273604
0.6231583165732976
0.18842084171335122
1.755836705202312
62.462691089656865
84.88692753043907
56.85663197946132
0.811040823699422
4.158715829625084
20.488268601648016
0.13088551272480628
0.19008782936010038
31.472400365819603
0.2977683438708718
0.5436212781639206
0.2363051102976097
5.8
0.58
0.21000000000000002
1.9
32691.3
38303.7
31288.2
0.775
1.6
0.16
0.11904899669462239
0.1393458286627037
0.11397478870260205
2.846439344671013
0.012547051442910916
26339.21
2.970269841290289
231.69259723964868
0.29070589365075117
3.3662589793280633
548.5131744040151
0.1558888491819228
1.5796737766624842
59.306148055207025
90.03638644918445
51.623588456712675
0.855081555834379
0.026368192497501813
0.04471904120168445
0.021780480321456155
