1.0
1.0
1.0
40.0
30.0
1.0
233.60833333333332
171.0
255.0
1.0
1.0
1.0
40.0
30.0
1.0
0.0
0.0
0.0
40.0
30.0
1.0
906.0
3.0
20.20419426048565
14.817880794701987
0.0
20.20419426048565
14.817880794701987
0.0
0.7030313353202297
0.0
0.0
47.132094028497086
40.0
30.0
49.4064773081425
49.4064773081425
853.1666666666666
33.13533900129293
0.22693106579454825
1916.9587064929194
2.246874826911021
906.0
233.0
248.0
52845519.0
0.2151146004196087
6.0
3.2355748545937395
255.0
4.4619266211520925
241.44481236203092
242.0
226.0
29.0
3.0591999999999997
241.51270653366987
-0.7214325015981861
52845519.0
0.9339088441540089
32.79000068223128
1.087224102475067
1.037386279816312
0.20769445033585554
0.12797083609944393
0.09408254555623895
0.04986947394773651
0.30830937243458745
0.04986947394773651
0.28511142799556216
0.04733483281267474
0.8806891574353375
0.43023020435902537
-0.13139244730945634
0.23557366821931847
0.9750652630261318
0.9900261052104528
0.9750652630261318
0.9833768420174211
0.04986947394773651
0.9376789832098199
0.3803607304112892
0.035988004875993865
92.56736919089462
0.724788676272596
0.137605661863702
1.4951926572425083
100.46017324599131
101.91985999675606
100.0952515583001
0.8762018356893729
4.253969334623957
11.753688678707562
0.08952487226315509
0.14045253863134657
44.57396903578794
0.2320072575598745
0.5765689130922877
0.14586684367677116
8.384615384615385
0.6449704142011834
0.1775147928994083
3.3076923076923075
55634.46153846154
55673.92307692308
55624.596153846156
0.4230769230769231
3.4615384615384617
0.26627218934911245
0.49467306468255134
1.7475220675315544
0.1814608139703007
2.6535442970305656
0.01434878587196468
50777.44378698225
2.024804574172684
344.7704194260486
0.3805413017947556
2.6315171361879837
846.121412803532
0.03304557792299558
1.1026490066225165
64.66887417218543
66.34105960264901
64.25082781456953
0.9743377483443708
0.026421654550136627
0.050813182684569205
0.020323772516528484
