1.0
1.0
1.0
40.0
30.0
1.0
237.60583333333332
174.0
255.0
1.0
1.0
1.0
40.0
30.0
1.0
0.0
0.0
0.0
40.0
30.0
1.0
933.0
3.0
18.414790996784564
15.19935691318328
0.0
18.414790996784564
15.19935691318328
0.0
0.7410299744061188
0.0
0.0
48.33133971021717
40.0
30.0
49.4064773081425
49.4064773081425
877.8333333333334
35.814971428475666
0.22498471302281278
1970.6333407131617
2.2448832436451434
933.0
234.0
252.0
55961174.0
0.8039781508143975
8.0
2.7784743375695453
255.0
5.225469822134457
244.82315112540192
247.0
229.0
26.0
3.8768283038501568
244.90778280674144
-0.7239747303777426
55961174.0
0.629596697947935
41.44675234264878
1.7089068651045096
1.2598437319419973
0.9655593924818393
0.5357106318971775
0.6279935671092131
0.14124866144296283
0.6331566037897993
0.14124866144296283
0.5835094243294037
0.12062854089086159
0.49475034483305047
1.3779464991025994
-0.3330190260532859
0.6453962369354667
0.9293756692785186
0.9717502677114074
0.9293756692785186
0.9529171128523457
0.14124866144296283
0.6695319373365216
1.2366978376596367
0.192310557138044
115.27440380384834
0.5558862618257213
0.22205686908713934
2.0004191606264476
41.12859379105621
59.873096771835684
36.44246804586135
0.749895209843388
4.1360457381167635
27.94856162661523
0.13100057181175045
0.22213290460878884
18.5514863280644
0.25846255606891266
0.5881213458378856
0.17604785862666952
6.636363636363637
0.6033057851239669
0.1983471074380165
3.1818181818181817
44741.90909090909
47967.454545454544
43935.52272727273
0.45454545454545453
1.1818181818181819
0.10743801652892562
0.057472527739220576
0.15834072152083403
0.032255479293817196
3.4594316186372938
0.011789924973204717
37547.78512396695
3.1857324532518283
219.7545551982851
0.2355354289370687
3.178595019580948
587.4137191854234
0.18520165102603253
1.7363344051446945
55.349410503751336
90.08574490889603
46.66532690246517
0.8159163987138264
0.026042900606711664
0.05188632571642448
0.019582044329283458
