1.0
1.0
1.0
40.0
30.0
1.0
235.18333333333334
163.0
255.0
1.0
1.0
1.0
40.0
30.0
1.0
0.0
0.0
0.0
40.0
30.0
1.0
902.0
1.0
18.543237250554323
16.216186252771617
0.0
18.543237250554323
16.216186252771617
0.0
0.7057454987241091
0.0
0.0
46.80682632544612
40.0
30.0
49.4064773081425
49.4064773081425
852.0
33.033706988744726
0.22811420698306217
1905.277272695975
2.2362409303943367
902.0
233.0
254.0
53508897.0
0.7923010256059694
11.0
2.1429252222869204
255.0
6.204148455513985
243.4490022172949
244.0
227.0
28.0
5.012356073052512
243.56211162102963
-0.22328873324032025
53508897.0
0.6369118145928485
55.08553669844297
1.7028666072236995
1.258871831044893
0.9507988660736963
0.5273609921539162
0.6198640134760313
0.147497771821959
0.6163475421197899
0.147497771821959
0.5973871084911289
0.12463095317879043
0.49168815417221445
1.3882891322432267
-0.3177446742211125
0.6303423701948105
0.9262511140890205
0.9705004456356081
0.9262511140890205
0.9508340760593469
0.147497771821959
0.6673792830441274
1.2407913604212681
0.19184044632449754
115.73592185338292
0.5716165626937189
0.21419171865314063
1.9330419530014202
44.91473909918442
64.23032006914117
40.085843856695234
0.766739511749645
4.055629741499935
28.97562142886994
0.13639302729426836
0.22450110864745013
22.4549243175149
0.2878906514286411
0.5585783185872736
0.220218734638983
5.0
0.625
0.1875
3.25
40884.5
54501.125
37480.34375
0.4375
1.25
0.15625
0.15526142414671237
0.621032413536256
0.03881867679932646
2.7499999999999973
0.008869179600886918
28171.9375
3.1497346948888043
215.90243902439025
0.2393596884971067
3.2399840708747742
574.4944567627495
0.18154409270357572
1.7150776053215078
55.13747228381375
89.02549889135256
46.665465631929045
0.8212305986696231
0.026547131273466928
0.05105519567809057
0.02042011517231102
