1.0
1.0
1.0
40.0
30.0
1.0
232.35416666666666
166.0
255.0
1.0
1.0
1.0
40.0
30.0
1.0
0.0
0.0
0.0
40.0
30.0
1.0
809.0
4.0
20.30407911001236
14.441285537700866
0.0
20.30407911001236
14.441285537700866
0.0
0.7480749306234763
0.0
0.0
47.564974950495916
40.0
30.0
49.4064773081425
49.4064773081425
725.0833333333334
35.582165336199616
0.217413978472589
1795.2376300344247
2.475905247720158
809.0
231.0
248.0
46328071.0
0.30475277318553706
9.0
2.323607883743781
255.0
5.069745340200861
239.2249690976514
239.0
229.0
26.0
3.9559506172839503
239.30283734307247
0.22990515700199657
46328071.0
0.8971398711345326
37.262120672716236
1.1445622748076736
1.0603892120149787
0.3405685986896767
0.20599170667818892
0.15374793959517996
0.07321072247452616
0.35542428568218243
0.07321072247452616
0.3764983348994405
0.06772685348730698
0.8187938154778399
0.6084424352498139
-0.1507149442104998
0.2985985910131177
0.963394638762737
0.9853578555050948
0.963394638762737
0.9755964258418247
0.07321072247452616
0.9030054267477581
0.5352317127752881
0.05673966551742652
141.36054734237214
0.7460737242335219
0.12696313788323907
1.4483499950692178
36.86574876921928
38.326580046464244
36.500540949908036
0.8879125012326955
3.693197256058201
28.89095933875815
0.14774628206884585
0.23362175525339923
16.87770139219913
0.3145307635029257
0.6116651452770998
0.24024716805938215
7.461538461538462
0.5739644970414202
0.21301775147928992
3.076923076923077
38273.92307692308
38347.769230769234
38255.46153846154
0.4807692307692308
2.230769230769231
0.17159763313609466
0.1849405413062492
0.7299049287706367
0.0486994444401523
3.0269868333592838
0.016069221260815822
34401.25443786982
2.690833680888915
174.44375772558715
0.21562887234312378
3.3474799115635134
725.7861557478368
0.051430064432733714
1.1631644004944375
54.19901112484549
57.113720642768854
53.47033374536465
0.9592088998763906
0.029449968560422382
0.050168101885720635
0.02427043522909782
