1.0
1.0
1.0
40.0
30.0
1.0
231.775
172.0
255.0
1.0
1.0
1.0
40.0
30.0
1.0
0.0
0.0
0.0
40.0
30.0
1.0
885.0
1.0
20.10960451977401
14.502824858757062
0.0
20.10960451977401
14.502824858757062
0.0
0.777185445580026
0.0
0.0
44.29175279313636
40.0
30.0
49.4064773081425
49.4064773081425
827.75
34.422905630054046
0.2248383414951995
1896.1813803357109
2.2907657871769387
885.0
229.0
249.0
50960711.0
0.4263952927704071
12.0
2.08457999069023
255.0
6.376137125347123
239.84745762711864
241.0
225.0
30.0
5.013382425562268
239.96400624632292
-0.20179758436383838
50960711.0
0.8411286667305053
55.92136359283731
1.2346723271185054
1.0928390275135142
0.5707767666480343
0.33450385159002516
0.24917604336178528
0.08768951084407589
0.4805484865244122
0.08768951084407589
0.42578254836658297
0.07966126300489593
0.7519059598921736
0.7880770917254892
-0.23312800233414316
0.423603335323402
0.9561552445779621
0.9824620978311849
0.9561552445779621
0.9707701630519747
0.08768951084407589
0.8633162170644476
0.7003875808814136
0.0842163885514653
106.98937921912861
0.6439047800880642
0.1780476099559679
1.6970173921977112
60.644440077498466
64.621944334199
59.65006401332333
0.8257456519505721
4.109384417967716
21.257419806093722
0.12360347198406235
0.18728813559322036
28.47729388826677
0.26946683394023246
0.6111745950193375
0.18403989367045617
7.222222222222222
0.8024691358024691
0.09876543209876544
3.6666666666666665
72655.0
72998.66666666667
72569.08333333333
0.3333333333333333
1.2222222222222223
0.13580246913580246
0.13389441744680214
0.5355771592163495
0.0334737320044153
2.947702779220087
0.010169491525423728
62985.55555555555
2.5646987488010944
246.39209039548024
0.2784091416898082
3.0138389351718855
744.3988700564972
0.07943566663474737
1.2610169491525425
59.289265536723164
66.55367231638418
57.47316384180791
0.9347457627118644
0.024142645225070567
0.0413609333563934
0.019838073192239857
