1.0
1.0
1.0
40.0
30.0
1.0
235.46916666666667
161.0
255.0
1.0
1.0
1.0
40.0
30.0
1.0
0.0
0.0
0.0
40.0
30.0
1.0
881.0
2.0
18.14982973893303
15.618615209988649
0.0
18.14982973893303
15.618615209988649
0.0
0.7413483130865173
0.0
0.0
47.21096033786167
40.0
30.0
49.4064773081425
49.4064773081425
825.1666666666666
34.999765805668225
0.2278187095695266
1867.4795478086583
2.263154370198334
881.0
235.0
253.0
53057786.0
0.8766638202997918
9.0
2.948441673073415
255.0
5.428353138073154
245.31441543700342
247.0
227.0
28.0
3.9515847619330438
245.4068085905741
-0.7962866103365668
53057786.0
0.5830246559669965
45.33928141197509
1.832700810447051
1.308697552671025
0.8780274972886231
0.43903365990314114
0.6668161314444998
0.18678369513204696
0.5625427577622412
0.18678369513204696
0.6904107055700804
0.1510040364039873
0.4221960503077393
1.5551446318836777
-0.25600631769078985
0.5988296295316424
0.9066081524339765
0.9626432609735907
0.9066081524339765
0.9377387682893176
0.18678369513204696
0.5979105997629517
1.3683609367516314
0.2133999566441367
124.89831228396407
0.5279731974081235
0.23601340129593823
2.145761081412775
25.766861609282603
43.25098117993817
21.39583171661871
0.7135597296468063
3.903034330420824
37.975431746659496
0.1556058398537466
0.2684449489216799
10.525987364983166
0.3116043488976353
0.7732194663799106
0.19620056952706644
6.846153846153846
0.5266272189349113
0.23668639053254437
2.8461538461538463
26396.69230769231
34683.846153846156
24324.903846153848
0.5384615384615384
1.6153846153846154
0.1242603550295858
0.07156175762498203
0.22699569077596432
0.03270327433723645
3.3927474104487807
0.014755959137343927
21804.023668639056
3.4666930476005673
160.61180476730988
0.18230624831703732
3.276750571079969
513.6447219069239
0.20848767201650176
1.8887627695800226
50.23269012485812
88.0272417707151
40.78405221339387
0.7778093076049943
0.03007554861184395
0.06672269091560616
0.020913763035903393
