1.0
1.0
1.0
40.0
30.0
1.0
226.47333333333333
155.0
255.0
1.0
1.0
1.0
40.0
30.0
1.0
0.0
0.0
0.0
40.0
30.0
1.0
862.0
2.0
19.680974477958237
15.62645011600928
0.0
19.680974477958237
15.62645011600928
0.0
0.6968787237968816
0.0
0.0
46.9166100358298
40.0
30.0
49.4064773081425
49.4064773081425
806.1666666666666
32.69518732664504
0.22841157088839703
1833.9292692413965
2.274876083408803
862.0
223.0
248.0
48858012.0
0.9010501637888222
15.0
2.122931551408967
255.0
8.005264829539028
237.8909512761021
241.0
218.0
37.0
6.426178314463038
238.0752576524165
-0.4619898154336007
48858012.0
0.6655918088296252
87.72360721572345
4.014685699522918
1.9832395999098476
1.4816949505986634
0.04863419398760737
0.49354380884074134
0.16782018049807246
0.4915715717846299
0.1671499392112092
0.6513678634750928
0.13951496873019603
0.5752548259884923
1.4424444381063943
-0.22298289485212988
0.5462680988594959
0.9164920545230818
0.9832489161634326
0.9165367372755393
0.9582460272615408
0.1665634780852038
0.7511227609052632
1.2720897627275827
0.16534099733470348
90.72395771790933
0.4128777895002754
0.42601036115856794
3.4930604789475757
37.81484107290559
153.1529776674938
10.028597194323002
0.5099140020174967
3.91156779564931
48.80431486076648
0.21739258484334537
0.25435034802784223
21.376065691629066
0.4645056046247733
1.2613399552658913
0.3290063076544447
27.818181818181817
0.6322314049586777
0.6053719008264463
2.590909090909091
10871.863636363636
43562.22727272727
2731.040404040404
0.8042929292929292
11.136363636363637
0.253099173553719
0.5062444394347205
0.978037523531042
0.45145554151367334
3.1998139367608847
0.05104408352668213
10488.059917355373
3.1553934294568635
190.35266821345706
0.2208267612685117
5.1171182325676545
573.7401392111369
0.19385123895758527
3.965197215777262
53.63109048723898
221.87470997679813
14.269334880123743
0.3360402165506574
0.05645894421616717
0.15500524566404716
0.038445174839757734
