1.0
1.0
1.0
40.0
30.0
1.0
229.71
151.0
255.0
1.0
1.0
1.0
40.0
30.0
1.0
0.0
0.0
0.0
40.0
30.0
1.0
935.0
2.0
20.216042780748662
14.793582887700534
0.0
20.216042780748662
14.793582887700534
0.0
0.7867505305250455
0.0
0.0
45.24857708479614
40.0
30.0
49.4064773081425
49.4064773081425
879.1666666666666
35.59934202696678
0.22405707970138097
1980.7952946451785
2.25303730196608
935.0
227.0
250.0
53673519.0
0.8819257360162863
10.0
2.711800894158986
255.0
6.988274185707341
239.43636363636364
241.0
218.0
37.0
4.9367388930880995
239.59305740167056
-0.49596743464869436
53673519.0
0.6761062655494866
75.06092367525522
4.387406232583855
2.0756449965584434
1.2935268382946936
0.27851333401324835
0.4888755300711245
0.17246978406891478
0.4794396608129685
0.17246978406891478
0.6609789132758936
0.14225295644345703
0.5650863996564038
1.4472438058247596
-0.20533026826931935
0.5257432974548861
0.9137651079655427
0.9827530215931085
0.9137651079655427
0.9568825539827713
0.17246978406891478
0.7427039695810036
1.2747740217558454
0.1653363285350098
96.53112231290265
0.40653278973470186
0.446984807976195
4.281853398019621
38.6751271310588
162.04681081860514
9.744657454523399
0.4061894468022773
4.019121590871592
49.438709456578124
0.2058537198050348
0.25240641711229944
22.07723558975428
0.45296307372882033
1.7042127579830777
0.2613882726011086
22.644444444444446
0.5032098765432099
0.8069135802469136
3.511111111111111
11400.822222222223
45882.2
2846.7246913580248
0.6932098765432099
9.488888888888889
0.2108641975308642
0.4496830921855502
1.1698283244339351
0.3690827251665376
3.484686009274995
0.0481283422459893
10969.106172839505
3.156661762016345
206.36470588235295
0.22071091538219567
4.972891418113186
632.15935828877
0.18738196688495523
4.364705882352941
53.70374331550802
233.75080213903743
13.199405822935235
0.2883541295306001
0.052590618739078124
0.18326158358966482
0.03073923717915898
