1.0
1.0
1.0
40.0
30.0
1.0
224.895
153.0
255.0
1.0
1.0
1.0
40.0
30.0
1.0
0.0
0.0
0.0
40.0
30.0
1.0
774.0
2.0
18.698966408268735
15.049095607235142
0.0
18.698966408268735
15.049095607235142
0.0
0.7457664338655288
0.0
0.0
46.00077195995468
40.0
30.0
45.45327270945405
45.45327270945405
722.75
34.305831659636816
0.23562412337655828
1652.9375267338175
2.2870114517244104
774.0
226.3
252.0
45694861.0
1.1879012663018607
10.0
3.25373043124872
255.0
7.538609458566195
242.78682170542635
246.0
218.0
37.0
4.965900512458484
242.97590027345322
-1.091089292551347
45694861.0
0.5147560576621331
91.84731987260382
5.048613808964323
2.2148137963567582
2.1085397785522844
0.142366766455421
0.8442659980208721
0.2715063039950039
0.5139215409917274
0.2685223117660249
0.8449059307818032
0.19820989176848333
0.34631541270459776
2.027334469102193
-0.19544072050638284
0.589424141097422
0.8660372433398854
0.9729870923187601
0.8662361761551507
0.9330186216699428
0.2659113185656683
0.5421190646966842
1.747310147524432
0.278943075503969
106.97950032171929
0.39706838318134885
0.459702652130927
4.8369406201924825
16.163530634443628
78.81055462278482
3.9288830222949467
0.3525157090879287
3.865823395469112
65.5581932761108
0.23924921401196309
0.34657622739018085
7.390772321887403
0.4833130378472124
2.0929390088540147
0.2220014893385007
19.31578947368421
0.5083102493074793
0.7652354570637119
3.3421052631578947
7207.421052631579
30414.184210526317
1765.437865497076
0.7068713450292398
7.684210526315789
0.20221606648199447
0.4364971500435197
0.8480103298153674
0.37936991263858266
3.4246587630450467
0.04909560723514212
6792.548476454293
3.880807567285348
114.4625322997416
0.1478844086559969
4.656304041557331
398.421188630491
0.30511821538502626
4.988372093023256
43.43669250645995
218.07881136950905
10.255634510479473
0.27853143841515937
0.059115212706290284
0.22126215838282873
0.03235405860300331
