1.0
1.0
1.0
40.0
30.0
1.0
230.69083333333333
150.0
255.0
1.0
1.0
1.0
40.0
30.0
1.0
0.0
0.0
0.0
40.0
30.0
1.0
1062.0
1.0
19.545197740112993
13.82768361581921
0.0
19.545197740112993
13.82768361581921
0.0
0.7431209839730685
0.0
0.0
47.41872658371409
40.0
30.0
49.4064773081425
49.4064773081425
1017.1666666666666
35.237850757639514
0.22101742745402048
2213.0217618133192
2.175672713563807
1062.0
224.10000000000002
247.0
59734007.0
0.8283732134841769
11.0
3.073275409163181
255.0
7.342215767428827
236.98399246704332
238.0
210.0
45.0
5.069199232956423
237.16389042766858
-0.5736125838502522
59734007.0
0.7017583992112384
85.29823716755153
4.031186007390291
1.9823184406109595
1.7381654319943887
-0.0013471455898306783
0.5187324967631625
0.11242354139445809
0.643607824116984
0.11242354139445809
0.5055884945963884
0.0995655974682196
0.6259855862690906
1.2828174034628144
-0.36857315675788216
0.6605914737804484
0.9437882293027708
0.9887576458605541
0.9437882293027708
0.9718941146513855
0.11242354139445809
0.7856642136590887
1.170393862068357
0.15778900953940514
77.54083242851524
0.42061310437437116
0.42064046261921995
3.8091165191125214
82.60020587180648
333.79771348167276
21.825394570415355
0.45745063400837693
4.4860705792500575
24.319136398111976
0.13089095639558912
0.1725517890772128
45.744289526235384
0.33047158404162347
1.0080323026349136
0.21971443754333447
10.714285714285714
0.5102040816326531
0.7210884353741497
3.1904761904761907
37126.47619047619
148818.57142857142
9386.044973544973
0.716931216931217
5.571428571428571
0.2653061224489796
0.5210924495413289
1.5231535212274319
0.38991103494402085
3.2660562582833648
0.01977401129943503
34569.00680272109
2.7180058184082503
373.35593220338984
0.35155925819528233
3.5803320317348857
745.2674199623352
0.1704668376122939
4.0508474576271185
61.63841807909605
252.77212806026364
17.181000209248797
0.31575643440050216
0.03314256788367855
0.11538981485040134
0.017450822372747973
