1.0
1.0
1.0
40.0
30.0
1.0
224.81
138.0
255.0
1.0
1.0
1.0
40.0
30.0
1.0
0.0
0.0
0.0
40.0
30.0
1.0
874.0
1.0
18.305491990846683
13.691075514874141
0.0
18.305491990846683
13.691075514874141
0.0
0.6424763985890152
0.0
0.0
48.39784624117141
40.0
30.0
49.4064773081425
49.4064773081425
818.8333333333334
31.094473952492713
0.2268995849684463
1865.4377687122767
2.278165400422076
874.0
220.0
248.0
49185551.0
0.9167065389993289
13.0
2.447865232619564
255.0
8.261579104461983
237.01487414187642
240.0
215.0
40.0
6.153566740941973
237.226419569736
-0.7110467421143138
49185551.0
0.6483382119611036
100.32357738690574
3.835595264587376
1.9351460145679649
1.5487020278763595
-0.14971083633109744
0.5235042268076682
0.16036833034345538
0.531015676181833
0.16036833034345538
0.6322387457728151
0.1341066313422553
0.5672250013601292
1.449191395556293
-0.24730077454721217
0.5728647690747931
0.9198158348282723
0.9839631669656544
0.9198158348282723
0.9599079174141362
0.16036833034345538
0.744620463341028
1.2888230652128383
0.1709681392877809
90.71603919203503
0.4180303781964869
0.4184573989999818
3.265816525521196
39.11780780259116
154.6985175888828
10.946891112498289
0.5477676058637471
3.9321780698568842
44.71010766691464
0.2047239204688379
0.24828375286041188
21.533961264867955
0.4537812703813253
1.1452720664809228
0.34266778365109246
25.10810810810811
0.6785975164353543
0.48940832724616506
2.2432432432432434
12499.243243243243
49859.62162162162
3185.364864864865
0.8393393393393394
7.324324324324325
0.197954711468225
0.42151607360620563
0.664203869823051
0.3944576700703017
3.161495595066314
0.04233409610983982
11941.26223520818
3.1218703894295903
208.93363844393593
0.23905450622875965
5.0524430666757425
566.6475972540046
0.2007498599249093
3.7734553775743707
54.244851258581235
214.20823798627003
15.864734299516908
0.36384439359267734
0.05005412657477602
0.12970371494644134
0.034637183564181
