1.0
1.0
1.0
40.0
30.0
1.0
238.48083333333332
172.0
255.0
1.0
1.0
1.0
40.0
30.0
1.0
0.0
0.0
0.0
40.0
30.0
1.0
843.0
4.0
19.28825622775801
14.32502965599051
0.0
19.28825622775801
14.32502965599051
0.0
0.7065774033033979
0.0
0.0
48.845845371405844
40.0
30.0
48.82622246293481
48.82622246293481
789.75
34.51337058468724
0.23157704754644928
1784.219856108647
2.259221090355995
843.0
240.0
254.0
51697856.0
0.9748332371599724
8.0
2.877236038832528
255.0
4.318638315117591
247.58481613285883
249.0
233.0
22.0
3.3669928679339445
247.64096001490864
-0.6543010039957263
51697856.0
0.5173425981039866
27.80389756405764
2.1953812249834024
1.432635003100112
0.8082853722257541
0.18225620499948525
0.7767486641453314
0.20504756863386725
0.5824125118087353
0.20504756863386725
0.7265439058344104
0.16180727776092768
0.347294605849473
1.7099770073844272
-0.2672757081904993
0.6330388999279715
0.8974762156830663
0.9589904862732266
0.8974762156830663
0.9316508104553776
0.20504756863386725
0.4648412125829543
1.5049294387505603
0.24544905819479967
126.16731840257667
0.5267604163662025
0.23661979181689874
2.1543398761812
24.919514134839496
51.45121811872163
18.286588138868964
0.7114150309547
3.79744388454802
45.81025087558469
0.18393230070226887
0.2844009489916963
11.296466674468002
0.3881316536677397
0.7401089045495863
0.30013734094727806
8.333333333333334
0.5555555555555556
0.2222222222222222
3.0
17479.0
23238.4
16039.15
0.5
1.4
0.09333333333333334
0.1815566073662742
0.4928783499371292
0.1037261717235604
3.773557262275181
0.017793594306049824
14320.560000000001
3.6488774524813827
152.97390272835113
0.18146370430409386
3.9740828453990646
436.11981020166075
0.24132870094800668
2.2206405693950177
49.19691577698695
110.78766310794781
33.799228944246735
0.6948398576512456
0.03495315171672993
0.07610074552425425
0.02466625326484884
