1.0
1.0
1.0
40.0
30.0
1.0
229.5625
156.0
255.0
1.0
1.0
1.0
40.0
30.0
1.0
0.0
0.0
0.0
40.0
30.0
1.0
779.0
1.0
20.28369704749679
14.45186136071887
0.0
20.28369704749679
14.45186136071887
0.0
0.7391053569992319
0.0
0.0
44.354906989147786
40.0
30.0
49.4064773081425
49.4064773081425
731.6666666666666
32.782949364881794
0.23770170782785272
1651.9389846495349
2.257775377653123
779.0
233.0
253.0
46622537.0
0.9014483370958337
7.0
3.3832453568670053
255.0
5.651272738658067
244.53016688061618
246.0
224.0
31.0
3.8495996093750007
244.64098817187173
-0.9212922474339955
46622537.0
0.6082730072621988
54.210579047888984
5.239277369363417
2.2589937056849276
1.1254709769096778
0.5315795132752217
0.6869465502894595
0.14209383327757405
0.6579391627024553
0.14061890702388674
0.5859218336474862
0.12171922255345637
0.48044377592852966
1.4735248306063573
-0.35985986637373374
0.6857359247127881
0.9298380391134253
0.9858586901916436
0.9299363675303378
0.9649190195567126
0.13932834655191034
0.6560785463524064
1.3268580497084725
0.20726009589175837
91.01654046396571
0.5171824950527719
0.29062832140993167
5.252887892838059
38.868922868383
193.17136242771625
8.711077645899074
0.25359543787699934
4.204508429730134
24.668112673594404
0.13640409013005075
0.22496790757381258
17.19813059876849
0.30630445275811835
1.5317130891517157
0.10582247970667745
9.1
0.455
0.9475
5.15
17324.45
72971.25
4229.472222222222
0.5180555555555555
5.6
0.28
0.5280288911734283
1.4522592670404082
0.4253365643948378
2.9219280948873587
0.025673940949935817
15807.3475
3.257455408714127
182.03209242618743
0.23367405959715973
3.603029459116968
473.8446726572529
0.20540471062436455
5.200256739409499
55.44672657252888
286.5712451861361
12.075809442304948
0.2252175153330481
0.03769457438278882
0.16722737306066818
0.016241008100136994
