1.0
1.0
1.0
40.0
30.0
1.0
214.43166666666667
124.0
255.0
1.0
1.0
1.0
40.0
30.0
1.0
0.0
0.0
0.0
40.0
30.0
1.0
796.0
2.0
19.5678391959799
15.059045226130653
0.0
19.5678391959799
15.059045226130653
0.0
0.6673037006459943
0.0
0.0
51.61165260569857
40.0
30.0
49.4064773081425
49.4064773081425
733.75
34.44064678023813
0.2290344425102011
1717.7056214398024
2.34099573620416
796.0
211.0
254.0
44076070.0
1.4187491066197249
21.0
2.1739357956844705
255.0
12.166889725006946
234.8467336683417
237.0
205.0
50.0
9.376743924260511
235.31244598656676
-0.4717333150650363
44076070.0
0.41479066185197344
218.95892149188148
4.370080822121901
2.0140266815343146
5.218044176607002
0.1167497234393261
1.439289762508446
0.18493516354788053
0.772236601446251
0.1790491350616128
0.6867679989064356
0.15181200751448906
0.3164274309655875
2.133986834272225
-0.4539384137112171
0.8416605940791246
0.9110640353178204
0.9817781464984243
0.911456437216905
0.9555320176589103
0.17389886013612854
0.5069767689537461
1.9339251627055087
0.40605623151408166
88.95616994907411
0.3991203244038874
0.4674676786752573
3.313609391691486
31.652479720609314
145.31860485826522
9.699890323875916
0.5636058134215839
3.947492272925472
48.181287653711365
0.2098214049539192
0.2810929648241206
17.68771202092301
0.4464613391412826
1.0074667355982883
0.32744275645909676
15.24
0.6096
0.3776
2.12
8000.88
33945.32
2514.8144444444442
0.8088888888888889
5.88
0.2352
0.48959432329905944
0.9329906597792298
0.42319165893210325
3.182683189255488
0.031407035175879394
6987.094400000002
3.8697833137530266
164.20854271356785
0.20629213908739677
4.822548673013308
330.17336683417085
0.4327337062195399
4.209798994974874
50.402010050251256
234.71231155778895
16.654138749302067
0.40832635399218314
0.048893613989891505
0.1387251556820383
0.03224901638482543
