1.0
1.0
1.0
40.0
30.0
1.0
227.02333333333334
158.0
255.0
1.0
1.0
1.0
40.0
30.0
1.0
0.0
0.0
0.0
40.0
30.0
1.0
792.0
3.0
17.654040404040405
16.574494949494948
0.0
17.654040404040405
16.574494949494948
0.0
0.5937549507099157
0.0
0.0
46.74700824054439
40.0
30.0
45.17742799230607
45.17742799230607
746.8333333333334
27.75626757370046
0.23816537420039252
1671.429123727847
2.2380215894592905
792.0
225.0
252.0
45318533.0
1.0096707368146243
18.0
1.6894949734795417
255.0
8.971265687174778
238.99621212121212
241.0
222.0
33.0
7.507468373723518
239.20779659010896
-0.08608273140853445
45318533.0
0.6138117283950617
101.18054120752986
4.540172382334191
2.098813711236734
2.0758151274457393
0.30772598429844245
0.697626892055113
0.15701936226503632
0.6332115274494279
0.15559079083646493
0.6244596937774828
0.13222138849567727
0.5102834339407172
1.5948631841761247
-0.33415823792414856
0.6828631936009564
0.9223474617246247
0.9843639978394304
0.9224426998198628
0.9611737308623123
0.1543407908364649
0.6994916717762802
1.433319194997944
0.21366156358003732
75.50900112257675
0.40751854505260593
0.44439114671761965
4.2352795185256005
40.53062712153641
176.10701906016067
10.271832045277034
0.4108893092555013
4.186199125905333
32.351428561148566
0.1731453791315806
0.23295454545454547
20.917387318081808
0.4004013223506522
1.2868730257382437
0.2440999968539435
15.88888888888889
0.588477366255144
0.6172839506172839
2.7037037037037037
13536.592592592593
55155.22222222222
3374.6923868312756
0.7798353909465021
5.222222222222222
0.1934156378600823
0.4259335882103628
0.730499720157831
0.39166419446252665
3.049735649670585
0.03409090909090909
12676.148148148146
3.2796899713669316
194.15656565656565
0.24514717885930007
4.433425160697888
486.1388888888889
0.23128858024691357
4.513888888888889
55.361111111111114
252.9760101010101
13.893693883277216
0.29128086419753085
0.04314110413151419
0.14166930767583874
0.025181937474258623
