1.0
1.0
1.0
40.0
30.0
1.0
249.7475
175.0
255.0
1.0
1.0
1.0
40.0
30.0
1.0
0.0
0.0
0.0
40.0
30.0
1.0
1165.0
1.0
19.58540772532189
14.097854077253219
0.0
19.58540772532189
14.097854077253219
0.0
0.723402999655464
0.0
0.0
46.77867052961197
40.0
30.0
49.4064773081425
49.4064773081425
1129.9166666666667
33.83983058101595
0.2196271537124996
2388.704169569067
2.1140533988368464
1165.0
246.0
255.0
73466274.0
0.8920307048246667
6.0
5.67413537191246
255.0
3.3626171047541846
251.08497854077254
253.0
229.0
26.0
2.494416567462544
251.11985066724938
-1.4424523337319106
73466274.0
0.5729521634216876
17.512950321427915
3.034089985902677
1.6950867882891933
1.0389705481207434
-0.5416556602187339
0.7454206745884939
0.10234075792980679
0.7584926500039986
0.10234075792980679
0.4734785538622706
0.09150470054565632
0.48461458319519335
1.3468695616097808
-0.48183271946255213
0.7555348860754023
0.9488296210350966
0.9795318484140386
0.9488296210350966
0.9658864140233978
0.10234075792980679
0.6439164093242901
1.2445288036799742
0.21194035812957518
83.77906430657369
0.5022635365872886
0.2488682317063557
2.5975451457178615
113.66463212944751
399.57068657250136
42.18811851868407
0.6006137135705346
4.674826601545924
16.469946063531797
0.094996061413763
0.14313304721030043
57.32961249068592
0.2503891734286893
0.6365814310061164
0.15384110903433257
4.25
0.53125
0.234375
2.875
81552.125
287240.75
30129.96875
0.53125
1.0
0.125
0.14047720917886208
0.5587866274285662
0.03589985461643607
2.9999999999999973
0.0068669527896995704
60345.484375
2.702292947857374
479.84120171673817
0.41188085984269374
2.8364670559413505
667.4892703862661
0.2135239182891562
3.072961373390558
64.53648068669528
206.18540772532188
29.124248927038625
0.48175965665236054
0.021970416381462774
0.06440174158202465
0.01136258508132231
