1.0
1.0
1.0
40.0
30.0
1.0
241.57416666666666
192.0
255.0
1.0
1.0
1.0
40.0
30.0
1.0
0.0
0.0
0.0
40.0
30.0
1.0
1004.0
1.0
17.02589641434263
15.014940239043824
0.0
17.02589641434263
15.014940239043824
0.0
0.7622937116032092
0.0
0.0
42.65667636102165
40.0
30.0
49.4064773081425
49.4064773081425
968.9166666666666
32.516916147900076
0.22862797673441107
2071.153891001804
2.1375975481226153
1004.0
241.0
252.0
61009996.0
0.7493284560599818
4.25
4.431801504268763
255.0
3.0983000269836998
246.47410358565736
247.0
232.0
23.0
2.185756734693879
246.50948924301593
-0.8818383262880296
61009996.0
0.6634279614609291
17.444548499230176
1.6020913455493935
1.2156157046263267
1.0697386897932541
0.6167845311355198
0.5869874541076278
0.08951153665917246
0.735338368866499
0.08951153665917246
0.43252894295427813
0.08123952555845718
0.5805109790581428
1.1560906434504088
-0.4627787410216172
0.7056540411270456
0.9552442316704138
0.9820976926681655
0.9552442316704138
0.9701628211136092
0.08951153665917246
0.7396285270440872
1.0665791067912367
0.16912474769170005
74.09379187428962
0.5298794763831915
0.23506026180840423
2.1341963138168767
103.55980087594735
132.72133258819815
96.26941794788466
0.7164509215457808
4.5494185302253385
12.6263501873967
0.08748991308924473
0.13919322709163345
45.59510109180163
0.19989365351197594
0.4454871549522272
0.13849527815191312
4.142857142857143
0.5918367346938775
0.20408163265306123
3.142857142857143
90688.0
96632.71428571429
89201.82142857143
0.4642857142857143
1.0
0.14285714285714285
0.14439480125879675
0.14900708627039386
0.1432417300058975
2.807354922057602
0.0069721115537848604
70116.24489795917
2.5781572528361973
401.8227091633466
0.40022182187584326
2.5906930048729384
666.0816733067729
0.1682860192695354
1.6424302788844622
64.78685258964144
98.62051792828686
56.32843625498008
0.8393924302788844
0.02105550900454619
0.03768710431642039
0.016897610176577642
