1.0
1.0
1.0
40.0
30.0
1.0
215.45916666666668
151.0
254.0
1.0
1.0
1.0
40.0
30.0
1.0
0.0
0.0
0.0
40.0
30.0
1.0
708.0
2.0
21.173728813559322
17.358757062146893
0.0
21.173728813559322
17.358757062146893
0.0
0.6589425455655796
0.0
0.0
48.34189426059069
40.0
30.0
49.4064773081425
49.4064773081425
662.9166666666666
31.854530861535714
0.24456623369657143
1503.350527381415
2.26778206518881
708.0
222.0
251.0
41449146.0
1.3344597954251922
14.0
3.4768004694327983
254.0
9.229914775447671
241.6864406779661
247.0
210.0
44.0
6.275147408118949
241.9586566449395
-1.2763125996682352
41449146.0
0.4500023939480992
131.65591783970126
5.041625402945446
2.202156630948944
2.936268806020886
0.014495954437589803
1.0701985112426167
0.3018880007675905
0.560029383052519
0.30107893927891727
0.8798391755014712
0.2094739710566853
0.28292812869975653
2.2502818127528346
-0.21945345018417273
0.6459508031386749
0.8495414365094087
0.9698485412227181
0.8495953739419868
0.9247707182547044
0.3003710104763283
0.46592218157141446
1.9457425862874898
0.34302162800255176
97.54648340197659
0.3694783999606026
0.5124255905917232
4.440679803890539
13.193747795773636
68.06619322799996
3.3382337737210968
0.4149248339745679
3.7644804386979613
64.22716924622382
0.23817820825169203
0.3718220338983051
5.494207314854991
0.4712304787536723
1.6978116028767296
0.2713401766011174
18.515151515151516
0.5610651974288338
0.7897153351698807
3.272727272727273
6196.121212121212
28213.909090909092
1469.0816498316499
0.7348484848484849
5.424242424242424
0.16437098255280075
0.3003766308615682
0.9586912953096566
0.22723048713081861
3.5634618344106643
0.046610169491525424
5735.823691460056
3.953689511321262
100.99435028248588
0.14264738740464106
4.205568323278752
318.60169491525426
0.38016494302403525
4.959039548022599
40.51129943502825
216.31214689265536
9.513064971751412
0.309989014438167
0.0558483381713221
0.21517081423226328
0.030816874662026806
