1.0
1.0
1.0
40.0
30.0
1.0
213.18833333333333
120.0
255.0
1.0
1.0
1.0
40.0
30.0
1.0
0.0
0.0
0.0
40.0
30.0
1.0
878.0
1.0
17.503416856492027
14.798405466970387
0.0
17.503416856492027
14.798405466970387
0.0
0.7253082635709542
0.0
0.0
45.581211714092625
40.0
30.0
49.4064773081425
49.4064773081425
827.8333333333334
33.06042951980856
0.22856141002179364
1865.4194083197056
2.253375568737313
878.0
206.0
248.0
46322554.0
1.2792175448866756
27.0
1.7462248625623917
255.0
14.034822359784352
229.1503416856492
233.0
200.0
55.0
11.691140151015153
229.69365058862408
-0.28365485367638177
46322554.0
0.4475770673668153
249.29402607915068
3.167050460030047
1.7039355826921887
3.611737210581126
0.22262124928771318
1.234438440986913
0.1798493420229131
0.7456220995786363
0.17920666850106223
0.6764899565256728
0.14691508634212305
0.32678772040666465
2.0142972844748983
-0.41962041158722324
0.8076456916860518
0.910460933101654
0.9820447276525635
0.9105037780031107
0.9552304665508271
0.1786443291694427
0.469485202237646
1.8322228479782667
0.35357194575245654
91.29219200684244
0.4051854171613202
0.4552855685845234
3.213145990227687
32.999795045297795
105.40369881440188
15.92142170506271
0.5755677241881091
4.2973800069391235
42.5447009011031
0.18174339429150077
0.25683371298405466
16.47406331687087
0.379010209946517
1.1822864630337315
0.23266709210040967
5.375
0.3359375
0.68359375
4.9375
12108.75
37593.875
5812.538194444444
0.4322916666666667
1.875
0.1171875
0.13517925792350555
0.47557208728107186
0.09029506378713181
3.874999999999995
0.018223234624145785
9097.484375
3.8295288890283747
173.82004555808655
0.19797271703654507
3.924118284981917
392.97266514806375
0.35858572755434015
3.161731207289294
52.16173120728929
163.51936218678816
26.981144014173626
0.5367628448494052
0.03264838464070349
0.10503379282405614
0.018719295704070507
