1.0
1.0
1.0
40.0
30.0
1.0
225.76
128.0
255.0
1.0
1.0
1.0
40.0
30.0
1.0
0.0
0.0
0.0
40.0
30.0
1.0
925.0
1.0
22.21189189189189
16.336216216216215
0.0
22.21189189189189
16.336216216216215
0.0
0.6801663339685236
0.0
0.0
47.818703412392765
40.0
30.0
49.4064773081425
49.4064773081425
883.4166666666666
32.52467219513532
0.2314996010995498
1923.2877691331066
2.1771015215165814
925.0
227.0
255.0
56331122.0
1.2462878417826333
15.0
4.161892405292155
255.0
9.992054930606281
246.4691891891892
254.0
202.0
53.0
6.90040816326531
246.77623522185087
-1.4369023500503038
56331122.0
0.47544309715120525
151.44905069393715
6.859895725153967
2.5589172721356785
5.821616153685537
-1.7200356471488731
1.396127099168697
0.14897222222222223
0.8072135496753148
0.1454148821264206
0.6008994341385802
0.12686807125817634
0.40095395427369673
1.8231989253988945
-0.49347126919931766
0.8313279519885106
0.9276482929463699
0.9852669627052763
0.9278854489527566
0.9638241464731849
0.14230220954259415
0.5830401186115471
1.6666155077093923
0.3862748303477298
71.11187018146067
0.37684725902004335
0.5000011933412324
5.084102484041011
56.218220604080116
447.99497169014387
8.829326294527206
0.34678208910635067
4.426924654832849
26.258427547783892
0.1347055193157774
0.20297297297297298
28.50363310329277
0.32646209665248727
1.094167776555436
0.17018326432722955
7.375
0.4609375
0.62109375
3.0625
19769.9375
165311.625
2620.487847222222
0.6927083333333334
1.875
0.1171875
0.17574492452784515
0.30135001505943054
0.1617557413607706
3.374999999999996
0.017297297297297298
16427.65234375
3.2704189184195283
274.96324324324326
0.2972575602629657
3.793596493791089
439.78486486486486
0.40465858290723156
6.815135135135135
58.20216216216216
432.4518918918919
10.69858858858859
0.22369369369369368
0.02929128601390506
0.14815325495563592
0.011892907566485608
