1.0
1.0
1.0
40.0
30.0
1.0
244.74833333333333
201.0
255.0
1.0
1.0
1.0
40.0
30.0
1.0
0.0
0.0
0.0
40.0
30.0
1.0
829.0
1.0
23.475271411338962
15.522316043425814
0.0
23.475271411338962
15.522316043425814
0.0
0.7861333139063976
0.0
0.0
43.580921609829176
40.0
30.0
49.4064773081425
49.4064773081425
777.6666666666666
34.26041432822995
0.23164977557933214
1765.419408319705
2.270149260591134
829.0
243.8
255.0
51920509.0
0.9676120357404294
8.0
1.8613596658872025
255.0
3.800334962553165
250.22316043425815
251.0
242.0
13.0
3.1776840198664558
250.26044093934544
-0.4969314581397281
51920509.0
0.5222811211787421
18.65828144711971
2.8276109602774184
1.6373768028791438
0.8875810053443106
-0.36795494424230746
0.7553837883707359
0.1690388967200255
0.6340093758969312
0.1690388967200255
0.6501259866886361
0.13940516075534623
0.3983834966992731
1.5830041262603507
-0.32426561413707944
0.6699080197871908
0.9154805516399873
0.966192220655995
0.9154805516399873
0.9436537010933248
0.1690388967200255
0.5528573545191309
1.4139652295403256
0.23110567127269036
107.26386347347236
0.51088471232076
0.24455764383962
2.284210423140892
31.679940338378294
102.38927153510689
14.002607539196145
0.678947394214777
3.9158206085555287
34.30751778489586
0.15755420389115599
0.25361881785283474
14.64537182355756
0.34898021724795175
0.6008011404059297
0.28602498645845736
5.545454545454546
0.5041322314049587
0.24793388429752064
2.3636363636363638
23405.18181818182
81058.09090909091
8991.954545454546
0.6590909090909091
1.5454545454545454
0.14049586776859505
0.07173819363428985
0.1499065557896437
0.05219610309545139
3.277613436819112
0.013268998793727383
17725.504132231403
3.3909004044657136
174.93244873341376
0.21101622283885857
3.7796202496649647
432.97104945717734
0.23885943941062887
2.8166465621230397
52.3751507840772
161.1785283474065
25.174306393244873
0.5458383594692401
0.030334393038813166
0.07215315103390238
0.019879703540040868
