1.0
1.0
1.0
40.0
30.0
1.0
238.55666666666667
204.0
250.0
1.0
1.0
1.0
40.0
30.0
1.0
0.0
0.0
0.0
40.0
30.0
1.0
1098.0
1.0
19.114754098360656
13.89344262295082
0.0
19.114754098360656
13.89344262295082
0.0
0.7199960118902334
0.0
0.0
46.376007600520296
40.0
30.0
49.4064773081425
49.4064773081425
1061.25
33.390540519765764
0.22228141515023575
2263.563975817967
2.132922474268991
1098.0
236.0
245.0
63487445.0
0.027203339308376394
3.0
3.8208458531870577
250.0
2.5762190570037915
240.4344262295082
241.0
230.0
20.0
1.7054091288826378
240.4599512606859
-0.4402860734279756
63487445.0
0.994550449401296
12.274843978619847
1.0038394058534796
1.00191970292674
0.0037791446970871006
0.0037940570732527476
0.003824248663915315
0.003839405853479483
-0.001923499914350339
0.003839405853479483
0.03626013203633986
0.003824248663915315
0.9923439240773873
0.04009953788981903
-0.0002658061349651407
0.0032641059804966463
0.9980802970732603
0.9992321188293042
0.9980802970732603
0.9987201980488403
0.003839405853479483
0.9961605941465206
0.03626013203633986
0.0019159136293486992
56.0622809852686
0.9017061933011815
0.049146903349409216
1.1561404926343006
512.6775096678348
512.8336501604691
512.6384745446761
0.960964876841425
4.14486613354322
4.9513050159334995
0.08890937621676057
0.05623861566484517
124.21481763450198
0.09970397842842649
0.25584447106272723
0.06066885526985132
2.5
0.625
0.1875
3.25
299757.0
299759.25
299756.4375
0.4375
2.5
0.625
0.7500002085027418
3.0000002085027417
0.18750020850274182
0.8112781244591322
0.0036429872495446266
224406.75
0.9203321015208749
781.7431693989071
0.7119700996347059
1.2711703013593187
1092.016393442623
0.0027247752993520263
1.0081967213114753
74.3752276867031
74.38342440801458
74.37317850637523
0.9979508196721312
0.01741100097362024
0.025607722285095648
0.015361820645751385
