1.0
1.0
1.0
40.0
30.0
1.0
245.26416666666665
147.0
255.0
1.0
1.0
1.0
40.0
30.0
1.0
0.0
0.0
0.0
40.0
30.0
1.0
1099.0
1.0
20.964513193812557
14.208371246587808
0.0
20.964513193812557
14.208371246587808
0.0
0.806340226210773
0.0
0.0
43.87058129425221
40.0
30.0
49.4064773081425
49.4064773081425
1059.75
35.37461444480544
0.2214709563107054
2269.706111441703
2.141737307328807
1099.0
240.0
255.0
69557780.0
0.7837541263023178
1.0
9.369843295409947
255.0
5.5008598270741675
251.43767060964512
255.0
215.0
40.0
1.670251121878247
251.5787819560351
-2.6679295207570526
69557780.0
0.7080379963255538
70.98132887785323
8.11924966545631
2.820783886794774
4.439982439148986
-1.5227125556912486
0.7273485860582233
0.07777104690981765
0.8054277134219908
0.07678679494131371
0.3899023837168504
0.07160474040021357
0.6848297027597557
1.057068983774777
-0.5256334531700455
0.7248513183292247
0.9617050277261935
0.9922683223229491
0.9617706445240938
0.9808525138630968
0.07592557446887277
0.8216848788596103
0.9775103017880172
0.20127990824201022
53.1354628860785
0.37710146624794033
0.5245663943952195
5.59823751195334
170.3177092917041
1503.1291589575883
20.207140702647624
0.3191842797519438
4.341690712675255
22.391677822588164
0.1557444391653004
0.1278434940855323
101.36867953682571
0.34469230613769436
1.2898355392902392
0.16627668313308125
5.153846153846154
0.39644970414201186
0.6745562130177515
3.5384615384615383
63413.46153846154
563036.2307692308
7287.7692307692305
0.6217948717948718
2.076923076923077
0.15976331360946747
0.3375247265382264
0.38306230040765155
0.3295697945776918
3.0850551027564737
0.011828935395814377
56266.7100591716
2.0988628319146527
552.8580527752503
0.5030555530257054
3.0959338500299305
778.1337579617834
0.23432668129932002
8.042766151046406
66.73248407643312
569.1201091901729
8.786978060863412
0.1613588110403397
0.024924963565448422
0.14721950553550708
0.008963324648150861
