1.0
1.0
1.0
40.0
30.0
1.0
235.675
131.0
255.0
1.0
1.0
1.0
40.0
30.0
1.0
0.0
0.0
0.0
40.0
30.0
1.0
1066.0
1.0
17.684803001876173
15.090056285178237
0.0
17.684803001876173
15.090056285178237
0.0
0.7837430062209436
0.0
0.0
43.94157357540522
40.0
30.0
49.4064773081425
49.4064773081425
1021.3333333333334
34.43890097206686
0.2213943828649549
2215.2829114290525
2.1690106835140854
1066.0
232.0
255.0
63802801.0
1.2597479652316528
14.0
4.863110277021991
255.0
8.067818535740559
244.41932457786118
247.0
206.0
49.0
5.877763161427152
244.64777491550367
-1.3807600447076611
63802801.0
0.4544385738272161
111.72754400909577
5.735978321688593
2.347776260661308
2.72838906597833
-0.14893263118310526
1.0971964809674875
0.20151963943278062
0.68934724894247
0.1994704591049118
0.7228083276132569
0.16073405923558676
0.3245906104477715
1.996394906999262
-0.35519437882475025
0.7554037440837186
0.9004696884803309
0.979942613610316
0.9006063005021889
0.9502348442401655
0.19767742631802654
0.4556562618517272
1.7887169523591104
0.324679030100067
102.81093654677348
0.38357995504757314
0.48443251255720343
5.287607402156029
32.35423550305966
188.7718220778701
6.857748043816587
0.32437787616336017
4.3775421474086755
43.34110808663644
0.15733025909927414
0.25070356472795496
14.914133145503904
0.35835334135903535
1.4993369914512726
0.17189902124526824
7.7
0.385
0.8474999999999999
4.65
18994.8
90997.8
4363.05
0.5319444444444444
1.3
0.065
0.17640590940078865
0.2985170910071092
0.1614295589892245
4.084183719779183
0.01876172607879925
16153.91
3.679774072099834
230.81050656660412
0.2165201750155761
3.9999683197871088
484.4315196998124
0.34746153494151477
5.75984990619137
52.92120075046904
314.3302063789869
11.19204711277882
0.24364185949551803
0.03358713986254636
0.15737002384686766
0.013873496096172005
