1.0
1.0
1.0
40.0
30.0
1.0
227.62916666666666
181.0
255.0
1.0
1.0
1.0
40.0
30.0
1.0
0.0
0.0
0.0
40.0
30.0
1.0
802.0
1.0
22.216957605985037
16.948877805486283
0.0
22.216957605985037
16.948877805486283
0.0
0.722994442053023
0.0
0.0
47.54572884861582
40.0
30.0
49.4064773081425
49.4064773081425
756.4166666666666
34.375297700909314
0.23787862047342048
1687.7292330734217
2.2312163486703827
802.0
232.0
245.0
45896765.0
0.29922157150140927
5.0
4.4827584805221115
255.0
3.9696985715262953
239.16084788029926
240.0
222.0
33.0
2.4027090153216255
239.22350748550159
-0.9065413163567817
45896765.0
0.9156690567844727
29.975374842196253
4.00041022017161
1.9972931861421157
0.2160695507708238
0.03505111610365321
0.08124210664053344
0.036365282970251545
0.37826014801247826
0.036365282970251545
0.2252491276698772
0.035036873406291844
0.9075778258741175
0.38415496899929424
-0.25493878225804667
0.32305375964564753
0.9818173585148742
0.9963634717029749
0.9818173585148742
0.9909086792574371
0.036365282970251545
0.9523972414266012
0.34778968602904337
0.029401847402696246
57.585303289126095
0.5740165871416508
0.25206560501982833
3.6125778218292064
154.1270065944941
617.5490853721874
38.6959325626576
0.4106877140044563
4.099664496499975
12.559483368343123
0.12777044395748505
0.12281795511221945
75.99574811859654
0.3311040021286997
0.7959229199646082
0.23658904278711132
13.736842105263158
0.7229916897506925
0.2714681440443213
1.736842105263158
30332.947368421053
121363.84210526316
7583.644736842105
0.8742690058479532
7.0
0.3684210526315789
0.5669774305427079
0.5723687864983168
0.5660356994160538
1.712095436212845
0.02369077306733167
28551.218836565095
1.631014161250564
422.75311720698255
0.5271235875398785
3.2465780685443497
734.3665835411472
0.043452777034968686
3.988778054862843
67.52618453865337
272.05610972568576
16.881372956497646
0.2694305901911887
0.03297254882603268
0.08807611938282287
0.01985088481280108
