1.0
1.0
1.0
40.0
30.0
1.0
222.85
131.0
255.0
1.0
1.0
1.0
40.0
30.0
1.0
0.0
0.0
0.0
40.0
30.0
1.0
934.0
1.0
21.123126338329765
12.994646680942184
0.0
21.123126338329765
12.994646680942184
0.0
0.7478407162990888
0.0
0.0
47.5040608636681
40.0
30.0
49.4064773081425
49.4064773081425
886.6666666666666
35.525470903401065
0.22808639410596382
1956.853588726402
2.206977731646318
934.0
217.0
255.0
51712220.0
1.4883523197582942
23.0
1.9332442938336947
255.0
11.395820055115113
234.90149892933619
234.0
208.0
47.0
10.4439830513256
235.30066419284316
0.07605760242425796
51712220.0
0.3807321781474535
187.68837034421728
4.385310614205318
2.0045144260202377
6.075353634754626
0.27064237148088216
1.669108219668209
0.2003080175004111
0.7847987351532931
0.19850296334878653
0.7070013467846266
0.157300902402132
0.27180069121974254
2.227943192306729
-0.4777556084392265
0.8599108753037137
0.9009290237407692
0.9800525084415723
0.9010493606842108
0.9504645118703847
0.19692354096611508
0.4342441265268448
2.0228872146599985
0.467354059292155
92.9203262426026
0.38601985978997777
0.4946985465292946
3.4826450411158056
40.419620997582015
225.27306790628256
11.69313183206844
0.5466796624134622
4.19648211524139
42.92088425484228
0.16345903642642134
0.2612419700214133
20.28160379846689
0.3503758388982666
0.8843797860886887
0.24425580296820398
8.076923076923077
0.621301775147929
0.5443786982248522
2.4615384615384617
21972.46153846154
100697.61538461539
5932.626068376068
0.8055555555555555
1.3076923076923077
0.10059171597633136
0.19728584845809213
0.20094269325969064
0.19687939150222603
3.3927474104487807
0.013918629550321198
16810.591715976334
3.8414460478340713
211.38543897216275
0.22632273979888945
3.9769222656805248
355.6038543897216
0.4888795400043101
4.407922912205567
51.72591006423983
250.81905781584584
17.71160480609089
0.40854746609564596
0.033275612003465835
0.11400682173892636
0.018873425651036498
