1.0
1.0
1.0
40.0
30.0
1.0
243.3325
176.0
255.0
1.0
1.0
1.0
40.0
30.0
1.0
0.0
0.0
0.0
40.0
30.0
1.0
1116.0
1.0
19.93548387096774
15.112903225806452
0.0
19.93548387096774
15.112903225806452
0.0
0.7285634734038756
0.0
0.0
47.37237007408753
40.0
30.0
49.4064773081425
49.4064773081425
1074.0
34.51377848455102
0.21987080251803884
2306.673274401831
2.147740478958874
1116.0
239.0
255.0
68005773.0
1.0034313493422178
11.0
3.0875674134419446
255.0
5.518773846687478
246.76612903225808
247.0
223.0
32.0
4.719415803021365
246.85435499631186
-0.5855800042477148
68005773.0
0.5184815842550841
43.55014308012486
5.888113028305412
2.395617716153562
0.9212858278295342
0.2584089654664985
0.7873659701282447
0.1908828751498621
0.6097874298984595
0.18991200136345432
0.6988878661998821
0.1535679012920152
0.36618889913727104
1.6959061072220505
-0.29578655249014546
0.6596555987111957
0.9051410866969136
0.9809565220443864
0.9052058116160074
0.9525705433484569
0.18906248680034754
0.5044458349453812
1.5019264689758611
0.2445622113195267
129.10516861883136
0.4893625031474175
0.27824682227378295
6.122029211777364
31.127176789812978
177.5699455847252
6.32374748902215
0.20277101347112297
4.2703594237113816
35.27791918395806
0.1284849801258538
0.2361111111111111
11.247675714777719
0.2675988729961391
1.6270144723070659
0.06211427130768104
6.714285714285714
0.47959183673469385
0.6734693877551021
6.571428571428571
36332.857142857145
180267.35714285713
8113.200396825398
0.32142857142857145
1.2857142857142858
0.09183673469387756
0.12328430321270194
0.25212345465115243
0.10894447384840401
3.5216406363433146
0.012544802867383513
29978.489795918373
3.474920648700296
234.1810035842294
0.2098396089464421
3.211668657905217
578.6254480286739
0.24601029663031052
5.939964157706093
53.77956989247312
314.59767025089604
10.691731381919555
0.19909896455595383
0.02777197155080006
0.16194268729494982
0.006725102654267305
