1.0
1.0
1.0
40.0
30.0
1.0
224.14583333333334
171.0
255.0
1.0
1.0
1.0
40.0
30.0
1.0
0.0
0.0
0.0
40.0
30.0
1.0
708.0
2.0
17.60169491525424
15.009887005649718
0.0
17.60169491525424
15.009887005649718
0.0
0.6244990907460195
0.0
0.0
46.56046591270509
40.0
30.0
48.25971404805462
48.25971404805462
668.5833333333334
29.07696862719536
0.2486243782778418
1487.2276296441498
2.22444616175119
708.0
228.0
255.0
41056719.0
0.9978421265583608
13.0
2.2868600770893415
255.0
7.320370104376137
240.6370056497175
240.0
221.0
34.0
6.450628735345836
240.81053984760493
-0.05566756723957938
41056719.0
0.5984191962718248
83.54761363273641
4.964590671368287
2.193878246786477
1.6145092406145358
0.5505671916554974
0.7306830147480208
0.12481467080862321
0.7079216232699983
0.12481467080862321
0.5380544177144118
0.10848334178693488
0.5092294419651754
1.4717879978131645
-0.4382501859638216
0.7454359571674202
0.9375926645956884
0.9875185329191376
0.9375926645956884
0.9687963322978441
0.12481467080862321
0.6861076449689961
1.3469733270045419
0.213874421389161
60.79799589810949
0.42506263620294776
0.4203905166482862
4.416432576895097
57.58630221790875
270.4475845975218
13.501820381817442
0.37940919735897777
4.2019990756589305
21.342268908203526
0.1454988571074877
0.20127118644067798
29.55074417973873
0.34830961055717524
0.9444702845173443
0.2299673087776924
17.083333333333332
0.7118055555555556
0.24826388888888887
1.7083333333333333
9403.5
42230.083333333336
2224.678240740741
0.8692129629629629
8.083333333333334
0.3368055555555556
0.5837108825776499
0.5839848587167273
0.583644473867699
2.163890986728062
0.03389830508474576
8533.25
2.965884579489051
223.090395480226
0.315099428644387
4.138992626639855
423.680790960452
0.23021800887356764
4.9124293785310735
58.74858757062147
294.3672316384181
13.163135593220339
0.25572818581293155
0.044125408755781026
0.12799737580478937
0.02828160128106369
