1.0
1.0
1.0
40.0
30.0
1.0
246.91166666666666
234.0
255.0
1.0
1.0
1.0
40.0
30.0
1.0
0.0
0.0
0.0
40.0
30.0
1.0
390.0
8.0
9.72051282051282
16.446153846153845
0.0
9.72051282051282
16.446153846153845
0.0
0.8840264294476587
0.0
0.0
38.24659533839632
40.0
30.0
48.25971404805462
48.25971404805462
344.0833333333333
33.81100111553197
0.2786762719325688
852.1052158637999
2.4764501308708162
390.0
249.0
255.0
25028576.0
0.6001310136416087
4.75
2.02835841589681
255.0
2.1576594345825093
253.31794871794872
255.0
249.0
6.0
2.1576594345825093
253.32950064577142
-0.9249652001660069
25028576.0
0.7504142011834318
5.8527547666009205
3.66508017162322
1.9023519949661267
0.6234827197385381
-0.3628873501714466
0.26815274027564817
0.08395162655032035
0.5200986927081831
0.08395162655032035
0.41334422812068145
0.07661418920509809
0.7473336273819177
0.7981334993079334
-0.26579450251677483
0.45773726247664226
0.9580241867248398
0.9832096746899359
0.9580241867248398
0.9720161244832266
0.08395162655032035
0.8603761816909667
0.7141818727576134
0.08802609170649212
50.75572063869936
0.5195577487284808
0.24022112563575956
2.774251900581688
47.044544624996746
184.14272403866818
12.769999771578894
0.556437024854578
3.4264829542530566
23.298471696742972
0.2350939694339481
0.24935897435897436
28.202680448731073
0.4871723002742983
1.0027403378236952
0.3582802908869489
12.333333333333334
0.5138888888888888
0.24305555555555558
2.25
3242.4166666666665
12839.541666666666
843.1354166666666
0.6875
5.333333333333333
0.2222222222222222
0.4695246743823587
0.8840450135775327
0.3658945895835651
3.369910023274061
0.06153846153846154
2978.3541666666665
2.625680617373945
119.45641025641025
0.30629848783694935
5.666640368178829
292.66153846153844
0.12479289940828403
3.5615384615384613
54.738461538461536
212.14615384615385
15.386538461538462
0.3596153846153846
0.058824229929388655
0.14174909232448915
0.03809301433061353
