1.0
1.0
1.0
40.0
30.0
1.0
232.61916666666667
131.0
255.0
1.0
1.0
1.0
40.0
30.0
1.0
0.0
0.0
0.0
40.0
30.0
1.0
1013.0
1.0
18.39585389930898
13.155972359328727
0.0
18.39585389930898
13.155972359328727
0.0
0.7192263148627547
0.0
0.0
47.95790896070622
40.0
30.0
49.4064773081425
49.4064773081425
965.1666666666666
34.49259013033221
0.22377613190847473
2110.596619928034
2.186769076078088
1013.0
230.0
255.0
60011517.0
1.1410729992903197
13.0
3.7395438537532955
255.0
7.68536176789593
243.20138203356368
245.0
210.0
45.0
6.038274499817859
243.39551982742654
-0.9634148595214901
60011517.0
0.5143256130325512
94.46684902779171
5.324433619833179
2.271124820925921
1.908977546101555
0.23933753050778667
0.8669776466910404
0.20127858543943516
0.6220535935905172
0.20073510717856557
0.7140554399874205
0.15856141134000581
0.37948524806076867
1.8410756215047903
-0.305626639091711
0.6818067777716025
0.8996867942368042
0.9798972250680966
0.8997230261208622
0.9498433971184022
0.20025956370030473
0.5593305566919374
1.6377913827726238
0.2670640580326189
104.92047895207975
0.39952992615602007
0.4513994758328762
5.351278982114568
34.17435109546062
174.93782486175155
7.779230356945091
0.30725214578724236
4.2855996438438115
44.89764955566156
0.16194358273851517
0.2581441263573544
15.13410930374992
0.3641199528791052
1.7377481747695254
0.15857354740743462
10.428571428571429
0.4965986394557823
0.870748299319728
3.8095238095238093
21710.04761904762
92360.85714285714
5295.493386243386
0.667989417989418
3.0952380952380953
0.1473922902494331
0.3413591899308842
0.38189148183048244
0.33685555597582706
3.272804327334617
0.02073050345508391
19383.133786848073
3.5573368389892814
214.2458045409674
0.211496351965417
4.053010761385308
521.0118460019743
0.287566667868548
5.362290227048371
52.14511352418559
277.10167818361305
11.551469781726444
0.24506416584402765
0.03718975938150479
0.16797001866265132
0.01635108142919378
