1.0
1.0
1.0
40.0
30.0
1.0
218.935
149.0
255.0
1.0
1.0
1.0
40.0
30.0
1.0
0.0
0.0
0.0
40.0
30.0
1.0
824.0
2.0
21.08009708737864
14.12742718446602
0.0
21.08009708737864
14.12742718446602
0.0
0.7680581581453017
0.0
0.0
49.217997271143126
40.0
30.0
49.4064773081425
49.4064773081425
770.0833333333334
37.80228433167467
0.2323899573652981
1748.3374121849251
2.2703223618893085
824.0
220.0
245.0
45916819.0
0.801878692703204
11.0
3.405896467280323
255.0
7.5780999622961644
235.86043689320388
238.0
209.0
46.0
5.025226517176194
236.05993921653166
-0.9549688950423908
45916819.0
0.6970408379677634
94.14921145960976
3.795254071682837
1.9303984710216455
1.1452702598233802
-0.20671875690344343
0.41055626373787213
0.1355513889808949
0.4989339297838477
0.1355513889808949
0.5684192808538493
0.11656137602335433
0.6348474231293723
1.236851867091599
-0.2381196820147602
0.5208952118686764
0.9322243055095525
0.9864448611019104
0.9322243055095525
0.9661121527547762
0.1355513889808949
0.7907884234228494
1.101300478110705
0.13652691317969173
80.1745909324697
0.4314772777295927
0.39005002659972654
3.173209511809577
48.66270601032113
191.37474666811042
13.503088446979381
0.5509411774048288
3.904588100969476
35.49082496823354
0.18378498388192097
0.22512135922330095
25.304905149558998
0.4185238340165521
1.012527788997837
0.3292840913584716
9.105263157894736
0.4792243767313019
0.7590027700831026
3.4210526315789473
14662.21052631579
58045.52631578947
3836.0307017543855
0.6871345029239766
2.8947368421052633
0.1523545706371191
0.3469278477518614
1.248974655838271
0.2466997186250745
3.6163485660751595
0.023058252427184466
12781.390581717451
2.762375583474881
232.9490291262136
0.2827051324347252
4.55990197002545
574.3616504854369
0.1662017508719012
3.7366504854368934
56.38592233009709
222.08373786407768
15.864920442286948
0.35359358144552316
0.038293686530257554
0.12265354586638684
0.022456418109202507
