1.0
1.0
1.0
40.0
30.0
1.0
238.2175
194.0
255.0
1.0
1.0
1.0
40.0
30.0
1.0
0.0
0.0
0.0
40.0
30.0
1.0
958.0
3.0
18.661795407098122
13.266179540709812
0.0
18.661795407098122
13.266179540709812
0.0
0.6213074324422362
0.0
0.0
46.33703767132079
40.0
30.0
49.4064773081425
49.4064773081425
917.5
28.7895459025475
0.22800566848420453
2002.6690935844708
2.1827456060866166
958.0
235.0
250.0
56534674.0
0.5530130277784471
8.0
2.4628104605109855
255.0
4.403280146094201
242.8643006263048
243.0
232.0
23.0
3.303814046394181
242.92638729683927
0.04284726346657036
56534674.0
0.7761842913864567
30.161126389790844
1.3464869302488571
1.1327677142049088
0.76718975920929
0.4482957648071787
0.35692204823305496
0.10363242473173942
0.550577859189014
0.10363242473173942
0.47697994578299724
0.09245103922158962
0.6772717242960131
0.9722044726476449
-0.2796375065348534
0.5128585377561625
0.9481837876341302
0.9792735150536521
0.9481837876341302
0.9654558584227535
0.10363242473173942
0.8154160734292213
0.8685720479159057
0.11513861824119859
90.11487812501088
0.5650706913530478
0.21746465432347611
1.9593886996031322
75.22911783653615
84.08229482479804
73.01582358947067
0.760152825099217
4.354336974743574
17.670582423360482
0.10633606746898522
0.16623173277661796
34.27087583716349
0.2523001521638977
0.6740590265321954
0.14686043357182324
6.636363636363637
0.6033057851239669
0.1983471074380165
3.1818181818181817
63363.27272727273
64663.36363636364
63038.25
0.45454545454545453
1.3636363636363635
0.12396694214876033
0.13547266650441558
0.20098118112154892
0.11909553785013229
3.095795255000931
0.011482254697286013
55778.44628099173
2.590097800584316
300.55532359081417
0.3137320705540858
2.876582650877568
743.5845511482255
0.11190785430677166
1.38517745302714
61.707724425887264
75.71503131524008
58.20589770354906
0.903705636743215
0.023545889437503912
0.04241027162624116
0.018829793890319604
