1.0
1.0
1.0
40.0
30.0
1.0
217.415
122.0
255.0
1.0
1.0
1.0
40.0
30.0
1.0
0.0
0.0
0.0
40.0
30.0
1.0
860.0
1.0
21.413953488372094
16.88139534883721
0.0
21.413953488372094
16.88139534883721
0.0
0.7435656206590641
0.0
0.0
44.91501440936199
40.0
30.0
49.4064773081425
49.4064773081425
813.4166666666666
33.397260566208054
0.23291970121589098
1809.2001342652634
2.224198505397312
860.0
217.0
251.0
47408637.0
1.198154782301121
15.0
2.6283843810345466
255.0
9.524910762574365
234.48488372093024
235.0
205.0
50.0
6.817942857142857
234.789953134761
-0.34750791691132166
47408637.0
0.5242401297998919
143.16139940508384
4.117893468942112
1.9818009409796595
3.2265780348138438
0.041508534503721106
0.9399723738380462
0.17865127186800536
0.6801952325219038
0.17865127186800536
0.6705809313547346
0.14536600868782823
0.42501154066092844
1.8557425297466181
-0.36402468773654983
0.7426163412506436
0.9106743640659973
0.9821348728131994
0.9106743640659973
0.9553371820329987
0.17865127186800536
0.6306590231085205
1.677091257878613
0.2796559114265129
81.82073607536182
0.3813147997902883
0.4970268360858352
3.6251215603712703
37.81100337941558
156.01251676102683
10.866482764477814
0.5219764170639309
4.2191874165401755
39.07544878560273
0.17529779523367972
0.24970930232558136
20.05575309469689
0.37427289641788886
1.0323236565426401
0.2597335009660316
9.0
0.5
0.5833333333333333
2.8333333333333335
17529.444444444445
70791.33333333333
4593.725308641976
0.7268518518518519
1.6666666666666667
0.09259259259259259
0.19304450037996027
0.36510341388317763
0.15076549584110605
3.836591668108974
0.020930232558139535
15246.728395061727
3.5266173824595435
183.93488372093023
0.21387777176852352
4.065110870740941
450.846511627907
0.3079718766901028
4.069767441860465
53.097674418604655
225.16046511627906
16.21892764857881
0.37209302325581395
0.03458026851998336
0.114204872463628
0.019076557055674695
