1.0
1.0
1.0
40.0
30.0
1.0
224.86166666666668
135.0
255.0
1.0
1.0
1.0
40.0
30.0
1.0
0.0
0.0
0.0
40.0
30.0
1.0
952.0
2.0
20.0031512605042
15.584033613445378
0.0
20.0031512605042
15.584033613445378
0.0
0.7201280811116205
0.0
0.0
44.47552625435451
40.0
30.0
49.4064773081425
49.4064773081425
914.3333333333334
32.028075377977814
0.23109186883414015
1971.3746229719554
2.1560786981100497
952.0
222.0
254.0
52378304.0
1.260893912595934
15.0
2.260249569455659
255.0
9.329267000918016
234.28991596638656
231.0
212.0
43.0
7.305324087562884
234.56177627814023
0.47182883099493383
52378304.0
0.495242214532872
127.46216721982913
4.260677802178552
2.0105714714094356
3.6834260180708918
0.16443608462107306
1.079921124654704
0.20697966897203368
0.67824070797881
0.20697966897203368
0.7288001883898431
0.162649346683463
0.3669232885652224
2.0206609013108783
-0.3543794205023198
0.755915449242406
0.8965101655139832
0.9793020331027966
0.8965101655139832
0.9482550827569916
0.20697966897203368
0.5746284144871562
1.8136812323388452
0.32172519840668445
93.3047629433297
0.3827741393357721
0.48699203343294784
3.7636643336152527
35.724342335522834
155.000271307562
10.156964474728538
0.49441366883495663
4.259500727445936
40.90600771838227
0.1628242592837259
0.2557773109243697
18.250095916066066
0.3530863229730151
0.9458256642265496
0.24389039135658105
7.375
0.4609375
0.62109375
3.0625
25186.625
102563.25
6545.107638888889
0.6927083333333334
2.0
0.125
0.2843579480707211
0.3361914642978441
0.2715567217099665
3.4999999999999956
0.01680672268907563
21646.375
3.663543086938012
189.37394957983193
0.1989222159452016
3.7583680531035943
471.47058823529414
0.33801903114186854
4.279411764705882
52.11344537815126
234.51470588235293
15.539740896358541
0.3598856209150327
0.03404564289340074
0.11227136853418614
0.019223457658158798
