1.0
1.0
1.0
40.0
30.0
1.0
220.2375
150.0
255.0
1.0
1.0
1.0
40.0
30.0
1.0
0.0
0.0
0.0
40.0
30.0
1.0
700.0
1.0
17.794285714285714
12.42
0.0
17.794285714285714
12.42
0.0
0.7346703195902821
0.0
0.0
47.125634404835075
39.0
30.0
49.4064773081425
49.4064773081425
645.6666666666666
34.621804889094975
0.23995599916458604
1505.536964395981
2.3317557528074047
700.0
221.0
248.0
38360589.0
1.0590093112559689
15.0
2.174181507784335
255.0
8.243371428571429
233.89
233.0
218.0
37.0
6.371579034538601
234.09579540985231
0.2714318131776292
38360589.0
0.5808448979591837
96.30932857142855
3.8444604102512967
1.9256303804675428
2.359176886886999
0.024216387472075232
0.7177410476086461
0.17221647117043057
0.6125065727726807
0.17221647117043057
0.6559621838724483
0.14114573089350899
0.4916120362670663
1.6385617653841416
-0.3357553189789809
0.6852422087899002
0.9138917644147847
0.982778352882957
0.9138917644147847
0.9569458822073925
0.17221647117043057
0.685844640448443
1.4663452942137112
0.22248937969476917
84.99741516609387
0.44143113422680624
0.37067733087646954
2.9742283657800304
34.6475778292261
139.76037638157274
9.875685524026927
0.5815377198775669
3.7158551000596862
40.002061368081876
0.19996334093465262
0.27535714285714286
20.068401088821524
0.4297908166964681
0.822337140317966
0.3456719107630222
13.736842105263158
0.7229916897506925
0.2714681440443213
1.736842105263158
12732.105263157895
51007.63157894737
3303.633040935673
0.8742690058479532
2.263157894736842
0.11911357340720222
0.268249728678149
0.2686271618034945
0.26817972672007945
3.260828171224452
0.027142857142857142
11374.764542936286
3.3003651996129704
149.90571428571428
0.21415102040816328
4.684563265306123
406.5914285714286
0.2509775510204082
3.7585714285714285
50.885714285714286
209.92714285714285
14.945992063492065
0.38813492063492067
0.041408473257027685
0.10453064058956918
0.02760441684463321
