1.0
1.0
1.0
40.0
30.0
1.0
222.09333333333333
143.0
255.0
1.0
1.0
1.0
40.0
30.0
1.0
0.0
0.0
0.0
40.0
30.0
1.0
858.0
1.0
20.244755244755243
14.721445221445222
0.0
20.244755244755243
14.721445221445222
0.0
0.7107010790079104
0.0
0.0
51.893515551603556
40.0
30.0
49.4064773081425
49.4064773081425
806.0
36.88077749603843
0.23053624315414803
1816.7769342526108
2.254065675251378
858.0
223.0
252.30000000000007
48972071.0
1.1384010187380798
15.0
2.841777865470935
255.0
8.688441705924225
238.66317016317015
240.0
210.0
45.0
6.146439823566477
238.90794425365144
-0.6331941182612716
48972071.0
0.553982536500019
116.89703517151071
4.532684449039474
2.090469221040834
2.5547848445588945
0.29440530362902945
0.8402786482553877
0.1899367175723068
0.6315336453942305
0.18794203672124293
0.6993782515830713
0.1539499158081451
0.43963131821338386
1.8068114040085965
-0.3245790184501435
0.7057361596712852
0.9062284497244849
0.9810983904358954
0.9063614284478891
0.9531142248622424
0.1861966909765621
0.6412503984026194
1.6111541601640453
0.2575538414569236
89.2390003042669
0.39020385572500577
0.4715073764657308
3.9756278487733865
30.406160658886982
135.48535670819015
7.7921004748618525
0.45650515704215455
4.079707204284018
42.30453253269378
0.18181286238654604
0.26573426573426573
15.190892811683021
0.4127613917596893
1.239370986489109
0.27514768275140444
15.214285714285714
0.5433673469387755
0.8099489795918366
3.392857142857143
13708.642857142857
55775.642857142855
3424.472222222222
0.7192460317460317
3.2142857142857144
0.11479591836734694
0.2939360475360524
0.7070920739396634
0.2480297829076546
4.012188403968654
0.03263403263403263
12769.658163265307
3.4491320788925095
181.63170163170165
0.2116919599437082
4.611195331475052
475.31701631701634
0.2815079248645682
4.498834498834499
51.86480186480186
244.67365967365967
13.008611758611758
0.31306656306656305
0.04337128993875025
0.150495139964386
0.02492876172977033
