1.0
1.0
1.0
40.0
30.0
1.0
225.40083333333334
139.0
255.0
1.0
1.0
1.0
40.0
30.0
1.0
0.0
0.0
0.0
40.0
30.0
1.0
960.0
1.0
19.603125
13.465625
0.0
19.603125
13.465625
0.0
0.7709928122684248
0.0
0.0
44.40787848456645
40.0
30.0
49.4064773081425
49.4064773081425
910.0
34.23815511969036
0.22524052212312987
2016.1918767728437
2.215595468981147
960.0
224.0
244.0
53217931.0
0.7250979799020384
11.0
3.312003160702341
255.0
6.499926215277778
235.29895833333333
236.0
211.0
44.0
4.443118049178657
235.4471167622714
-0.4737288094622222
53217931.0
0.7384179687500001
69.74499891493059
3.841110225450769
1.947103828605134
0.9037032255076647
-0.11341948752348723
0.33093935747836273
0.13164355148982526
0.42335814404204847
0.13046569518829404
0.5567611883597972
0.11380565302892798
0.6748218981610645
1.1185406522322765
-0.20819288180817874
0.4562968582638402
0.934884938036006
0.9868900074495497
0.9349634617894413
0.967442469018003
0.12943507092445425
0.8168393937814741
0.9828554901969293
0.11564572724204698
82.41602036286427
0.42336675789201195
0.4051201848954013
3.310325989681951
72.27757830644717
287.1775342910795
19.06619768361204
0.533250441147421
3.8711534711348916
43.021089091071154
0.2129048365215096
0.2020833333333333
44.29057530189048
0.45561891856501535
1.1326078910770188
0.3442713991819504
14.44
0.5776
0.7296
3.04
26759.52
106972.12
6722.192222222223
0.7566666666666667
2.92
0.1168
0.2262738228200736
0.6357368245898588
0.18077790876534144
3.8634651896016416
0.026041666666666668
25284.960000000006
2.5249104051916573
316.7625
0.3299609375
4.5280555555555555
708.88125
0.14285481770833333
3.8364583333333333
59.041666666666664
235.709375
15.761313657407408
0.33023726851851853
0.03508672977292769
0.10639440970253843
0.02076962806968852
