1.0
1.0
1.0
40.0
30.0
1.0
240.10833333333332
190.0
255.0
1.0
1.0
1.0
40.0
30.0
1.0
0.0
0.0
0.0
40.0
30.0
1.0
789.0
6.0
23.43979721166033
14.399239543726235
0.0
23.43979721166033
14.399239543726235
0.0
0.9390541770341222
0.0
0.0
35.34785546797669
40.0
30.0
47.20169488482379
47.20169488482379
743.6666666666666
33.193551326401945
0.23905466009134774
1660.5009204975672
2.2328564596560745
789.0
241.0
255.0
48506070.0
0.9806303641223844
9.0
1.961354052767542
255.0
4.421788180639688
247.893536121673
248.0
237.0
18.0
3.8840441958085368
247.9473910837683
-0.2666884215892155
48506070.0
0.5133658141653052
26.703494339949973
2.2858492334121143
1.4496938463132865
0.8862727526894352
0.1616421618604331
0.8632421130695618
0.1264646110554909
0.7445411095196593
0.1264646110554909
0.544067002757762
0.10992301563637444
0.3952236223010993
1.5355885440663581
-0.4530042715419383
0.7671813457560253
0.9367676944722545
0.9747070777889018
0.9367676944722545
0.9578451296481698
0.1264646110554909
0.48707384815896804
1.4091239330108676
0.24742668103126314
91.40014825357645
0.5624424938004804
0.21877875309975978
1.974072450783133
47.100430999231214
113.58302039337092
30.47978365069629
0.7564818873042166
4.165217586863147
21.244295042451366
0.12675776472445985
0.20627376425855515
21.005382442979304
0.30200394210099835
0.5214460088828263
0.24714342540554135
5.545454545454546
0.5041322314049587
0.24793388429752064
2.3636363636363638
26403.18181818182
53487.181818181816
19632.18181818182
0.6590909090909091
1.5454545454545454
0.14049586776859505
0.23828427268994956
0.5758817182338237
0.15388491130398105
3.095795255000931
0.01394169835234474
21258.380165289254
3.317727222192793
208.06463878326997
0.2637067665187198
3.512614032297706
405.04562737642584
0.24331709291734738
2.2547528517110265
57.53231939163498
136.1254752851711
37.88403041825095
0.6863117870722434
0.028534166166114382
0.05990954912453645
0.020690320426508865
