1.0
1.0
1.0
40.0
30.0
1.0
237.68416666666667
138.0
255.0
1.0
1.0
1.0
40.0
30.0
1.0
0.0
0.0
0.0
40.0
30.0
1.0
1034.0
1.0
18.674081237911025
15.52127659574468
0.0
18.674081237911025
15.52127659574468
0.0
0.689531996689604
0.0
0.0
47.30452560109104
40.0
30.0
49.4064773081425
49.4064773081425
991.0
32.6179839901748
0.2237044575735227
2148.7798500840604
2.1682945005893646
1034.0
228.0
255.0
62732471.0
1.246896587751094
17.0
2.74946216258978
255.0
9.46524174208441
246.06479690522244
253.0
216.0
39.0
7.206673584147048
246.312202622082
-1.0111580721327778
62732471.0
0.4607335131636543
121.8168845332206
6.634649852652479
2.5224325436929496
3.2364380151568857
-0.865240624155557
1.2286690857247824
0.14080936300064156
0.7939051080631417
0.14080936300064156
0.5799288284227304
0.1198378651352596
0.38492943608225333
1.773592225692628
-0.5201449131499863
0.8411008818591647
0.9295953184996792
0.9859190636999359
0.9295953184996792
0.9647976592498396
0.14080936300064156
0.5292270512333006
1.6327828626919871
0.34236961218135603
71.70073582105235
0.3508287421378984
0.5679954845386115
4.9429838132608985
59.26092949929533
443.34248154223826
9.493567533998359
0.38623952806307293
4.369006190218018
31.148314315553023
0.14747586992910175
0.19705029013539654
30.27246539633624
0.34751964747174624
1.044348042457382
0.23037129967737752
13.434782608695652
0.5841209829867675
0.5935727788279773
2.652173913043478
20562.260869565216
153323.21739130435
3179.8478260869565
0.7801932367149758
5.3478260869565215
0.23251417769376181
0.46342060950566966
1.1703468867683073
0.3846494669611192
3.219214129970052
0.022243713733075435
18541.17202268431
3.14103929888172
319.5203094777563
0.3090138389533426
3.845710074114535
476.39845261121854
0.3737901671973033
6.6189555125725335
58.95551257253385
422.3230174081238
9.96190629701268
0.218514936600043
0.03524416180792827
0.15701249175793247
0.018078509560439587
