1.0
1.0
1.0
40.0
30.0
1.0
181.68166666666667
77.0
255.0
1.0
1.0
1.0
40.0
30.0
1.0
0.0
0.0
0.0
40.0
30.0
1.0
670.0
4.0
18.68358208955224
11.967164179104477
0.0
18.68358208955224
11.967164179104477
0.0
0.5479658744036424
0.0
0.0
53.668719149828576
40.0
30.0
49.4064773081425
49.4064773081425
619.9166666666666
29.408626617059323
0.2456414001321038
1431.3244899182414
2.308898222747533
670.0
191.0
253.0
33699483.0
1.8487529692979305
31.0
2.204658243465729
255.0
17.770871018044108
223.2582089552239
224.0
177.0
78.0
13.776306675901752
224.27156712542836
-0.3232878698766795
33699483.0
0.30013811539318336
453.5079550011139
7.090458296250479
2.553457190668029
15.487608242838355
0.18869699569206444
2.5877945487315825
0.30772323093870607
0.7871450555291637
0.28780664804623657
0.9060313114885338
0.2230624689311987
0.18712514627602814
2.8556157926215437
-0.40383664392730984
0.8706783132970635
0.8580883342661286
0.9822783128024288
0.8593050940255674
0.9430898693519235
0.27142808877514424
0.3004932552011369
2.5164156392999417
0.7238794449175721
70.43632659301873
0.2896409652371305
0.8935144587970556
5.5260803024207465
15.555341351630563
116.88847617629673
3.295540293319728
0.41857833279350987
4.027203740477605
68.93523605034856
0.27807553958425923
0.36343283582089553
7.52896793751215
0.5332979085781853
2.274520155628735
0.2930703372422041
8.23076923076923
0.3165680473372781
1.1538461538461537
5.153846153846154
2489.3846153846152
16665.615384615383
517.1444978632478
0.5424679487179487
2.1538461538461537
0.08284023668639054
0.09628646427097036
0.452306113268187
0.0403844472053321
4.238901256602625
0.03880597014925373
1825.3313609467455
4.4079824566868755
106.21194029850746
0.1585252840276231
5.260093562040543
201.09253731343284
0.8027979505457785
6.808955223880597
42.37910447761194
329.57014925373136
8.65726575456053
0.29408167495854065
0.05168138356779971
0.2601287912760461
0.024753957204273213
