1.0
1.0
1.0
40.0
30.0
1.0
222.87666666666667
69.0
255.0
1.0
1.0
1.0
40.0
30.0
1.0
0.0
0.0
0.0
40.0
30.0
1.0
926.0
2.0
20.615550755939523
14.67278617710583
0.0
20.615550755939523
14.67278617710583
0.0
0.6631251910888775
0.0
0.0
51.079656511982556
40.0
30.0
49.4064773081425
49.4064773081425
880.5833333333334
33.87220698526266
0.2298236220142797
1933.1687551411076
2.195327440304087
926.0
217.0
255.0
54975862.0
1.4093028992442442
20.0
3.4301215110494554
255.0
12.857852581296738
243.1598272138229
253.0
199.0
56.0
8.818078798562308
243.65791886471897
-1.283068305550412
54975862.0
0.4228806403911014
242.4798548297561
12.392450984153182
3.4572955094341316
8.873722713504108
-2.3142764785996732
1.8967091374115135
0.13866494848996958
0.8632648438054251
0.13686854130434084
0.5747677718037763
0.11908720350235459
0.36910080151219005
1.9390643760005326
-0.5706714476555779
0.8854786106271346
0.9317453700663925
0.9918749396273954
0.9318651305454344
0.9726861719786528
0.1352966850169157
0.5550634633809101
1.7961487740087203
0.5088435214753708
62.10842282333995
0.3325112993869028
0.6489614217950512
9.105472244146277
62.78479626573549
895.7790497715912
5.001431095463094
0.15534411299259365
4.460106599573302
29.97253952309201
0.15356689792705733
0.2019438444924406
33.86035743013908
0.33669695199280925
2.3139636229866367
0.06946428360248696
3.1666666666666665
0.2638888888888889
1.1875
8.75
20738.166666666668
302517.4166666667
1582.3472222222224
0.2777777777777778
1.5
0.125
0.26187465981328945
1.6673646115507221
0.17286658456949974
3.4182958340544856
0.012958963282937365
14783.472222222223
3.2747319522793386
292.585313174946
0.31596686088007125
3.655654502283446
391.5874730021598
0.5596529815411744
12.197624190064795
58.18574514038877
776.255939524838
5.213072954163667
0.10656647468202544
0.02816184705223582
0.27823688084545073
0.005489572600773572
