1.0
1.0
1.0
40.0
30.0
1.0
239.01916666666668
200.0
255.0
1.0
1.0
1.0
40.0
30.0
1.0
0.0
0.0
0.0
40.0
30.0
1.0
626.0
7.0
20.43929712460064
12.685303514376997
0.0
20.43929712460064
12.685303514376997
0.0
0.6099914909633699
0.0
0.0
51.696113448668314
40.0
30.0
49.4064773081425
49.4064773081425
550.0833333333334
31.534189319564696
0.23326367337386855
1391.8400799929261
2.5302349583267856
626.0
240.0
254.0
38267749.0
0.9461282363800085
9.0
1.69535032172189
255.0
4.461957353856832
247.19329073482427
247.0
239.0
16.0
3.9099199929455417
247.24600999180757
0.01803322151459523
38267749.0
0.5368739090936929
26.066472557645778
2.1639045122095557
1.419348093023832
0.8333192928606326
0.22423710454557533
0.7854507415846118
0.1882795337238806
0.613581535238285
0.1882795337238806
0.6932749585079236
0.15186327835861002
0.36127158398714376
1.6698982185577813
-0.2979213590409274
0.6597427277674773
0.9058602331380596
0.9623440932552239
0.9058602331380596
0.9372401554253731
0.1882795337238806
0.48651214011422766
1.481618684833901
0.24343256882712308
125.95709419900399
0.5847796607037957
0.20761016964810214
1.882907637601325
15.052908659433648
35.37325101978269
9.972823069346386
0.7792730905996688
3.4542858693136242
46.499333174863594
0.20912182172534466
0.3446485623003195
5.912577143605741
0.399893431356351
0.7076908491072911
0.32294407691861593
10.714285714285714
0.5102040816326531
0.24489795918367346
2.7142857142857144
3489.2380952380954
6052.952380952381
2848.309523809524
0.5714285714285714
2.0476190476190474
0.09750566893424037
0.2352239879516501
0.6158962132276958
0.14005593163263858
4.011365041826374
0.03354632587859425
2600.6303854875287
3.6416120245993477
99.53354632587859
0.15899927528095623
3.592799763190397
336.08306709265173
0.23156304545315354
2.0926517571884986
42.56549520766773
97.34185303514377
28.871405750798722
0.7268370607028753
0.043639434148999796
0.09049600709411677
0.03192529091272055
