1.0
1.0
1.0
40.0
30.0
1.0
224.835
124.0
255.0
1.0
1.0
1.0
40.0
30.0
1.0
0.0
0.0
0.0
40.0
30.0
1.0
972.0
3.0
19.245884773662553
15.170781893004115
0.0
19.245884773662553
15.170781893004115
0.0
0.740688591733688
0.0
0.0
47.001375898787785
40.0
30.0
49.4064773081425
49.4064773081425
921.0833333333334
34.813382924018825
0.22497625329530516
2034.9171280037126
2.2092649539531846
972.0
223.0
243.0
53393680.0
0.6094798944493227
8.0
3.756124844815383
255.0
5.8491676404342146
234.2448559670782
235.0
210.0
45.0
3.7881476343376246
234.3752750341322
-0.6451765941610176
53393680.0
0.7759128012328743
61.1170002878965
3.737598545997489
1.9209972051184816
0.7447614382293872
-0.26517950863723416
0.28838282085499606
0.09892784855171881
0.48787365399019367
0.09892784855171881
0.4633835421658791
0.08885515568943099
0.724615738629053
0.9338465464519914
-0.24451503926069185
0.471034380247095
0.9505360757241406
0.990107215144828
0.9505360757241406
0.9752680378620703
0.09892784855171881
0.8474624259247187
0.8349186979002732
0.09682766735167872
79.21849566604456
0.47059796742708276
0.31986958881872884
3.00145991567762
87.03751413387607
344.0544878630619
22.977843397862507
0.549683130412029
4.1549389546111914
25.67060120201847
0.15039053605244662
0.17258230452674897
49.961675704721465
0.37863883027926826
0.7839318527964597
0.3053768377282284
11.9
0.595
0.54
2.5
36061.7
143963.05
9091.306944444445
0.7916666666666667
2.9
0.145
0.3543955783592534
0.7093340585571072
0.2941246071438091
3.541446071165517
0.0205761316872428
33699.74
2.3451369023106294
366.5679012345679
0.37712747040593403
3.898309031482328
754.187242798354
0.11658431980219817
3.727366255144033
61.952674897119344
242.6224279835391
17.12474279835391
0.33301897576588935
0.031875184039474654
0.09159823152321438
0.01848627280987841
