1.0
1.0
1.0
40.0
30.0
1.0
235.77083333333334
175.0
255.0
1.0
1.0
1.0
40.0
30.0
1.0
0.0
0.0
0.0
40.0
30.0
1.0
1044.0
1.0
18.266283524904214
14.656130268199234
0.0
18.266283524904214
14.656130268199234
0.0
0.76793283549108
0.0
0.0
46.816630497979666
40.0
30.0
49.4064773081425
49.4064773081425
995.0833333333334
35.9520278064517
0.22111478668897847
2179.9137282153724
2.1906845941365436
1044.0
231.0
249.0
60199176.0
0.45414258321068723
9.0
2.625583803569339
255.0
5.363845216599874
240.03639846743295
241.0
224.0
31.0
4.024819645128334
240.12922766088158
0.017988202819048945
60199176.0
0.8415246399788613
44.5733877952467
4.362983347073775
2.0782345411822885
0.6255962911941612
0.33646639419972957
0.24810993902810818
0.07241236889434605
0.5484102108195592
0.07241236889434605
0.37328940211365513
0.06702941815832797
0.7748312743674421
0.7624967389019273
-0.2951955466353417
0.47734542202037544
0.9637938155528271
0.9927587631105654
0.9637938155528271
0.9818969077764135
0.07241236889434605
0.8775424487610333
0.6900843700075818
0.08013057698061356
84.63095928926758
0.5705964410870459
0.2465257591586295
5.088566502435116
116.51467210333676
476.1866450852711
28.876113034668208
0.2485391802087093
4.491845140709989
13.918933299418486
0.09270968220441939
0.14080459770114942
56.540558025964444
0.24640559676220336
1.372567007890059
0.07963007611020104
7.375
0.4609375
0.90234375
5.6875
56970.625
228321.375
14230.715277777777
0.453125
6.625
0.4140625
0.6265446661295189
2.6389016518028447
0.4029494168855805
2.5306390622295636
0.01532567049808429
52713.0625
2.1670140519762855
426.63984674329504
0.4086588570338075
2.8269256176509447
878.551724137931
0.08062491742634431
4.385057471264368
64.8199233716475
273.48659003831415
15.814176245210728
0.24313537675606642
0.02854195113904793
0.1310729438469016
0.010497318206763332
