1.0
1.0
1.0
40.0
30.0
1.0
230.44916666666666
138.0
255.0
1.0
1.0
1.0
40.0
30.0
1.0
0.0
0.0
0.0
40.0
30.0
1.0
1054.0
2.0
17.714421252371917
13.09392789373814
0.0
17.714421252371917
13.09392789373814
0.0
0.6880059689869795
0.0
0.0
45.51181072596471
40.0
30.0
49.4064773081425
49.4064773081425
1020.0833333333334
31.312397438869358
0.22648137954792796
2163.758186368041
2.121158258019483
1054.0
230.0
252.0
60662601.0
0.8383523165153325
12.0
3.9195521338013237
255.0
6.993182202794811
239.74667931688805
239.0
202.0
53.0
5.21971723450435
239.90550203178614
-0.3521076950549034
60662601.0
0.6664032204055033
76.1796616485855
4.830969692856155
2.169240892561095
1.3897298472284656
0.5549681890703432
0.6017007766458394
0.10027470116477671
0.7144909955879502
0.09976657108347592
0.46700871472014327
0.0899779441245036
0.5825153925051963
1.2723498082384934
-0.4410197931797728
0.7133907699261193
0.9501675274663921
0.9899959820411208
0.9502014028051455
0.975083763733196
0.0993219572623377
0.7462273063047491
1.170059470437155
0.17549386945265405
67.80201737110539
0.44539851316209567
0.3891084123581764
4.87685019493506
114.13425232728422
505.57164976178143
27.357731817315283
0.3206027819597975
4.631686641373529
16.186157949825716
0.10524931426881086
0.14326375711574954
58.88896077431818
0.27714115269895406
1.0178768480807516
0.15204579571390786
6.714285714285714
0.47959183673469385
0.5357142857142857
2.7857142857142856
51817.857142857145
217273.92857142858
12682.80753968254
0.7123015873015872
2.7142857142857144
0.19387755102040816
0.40082114174266475
0.6400176294104554
0.3411749284690111
3.0930692077718867
0.013282732447817837
46149.91836734693
2.549263320254629
434.1100569259962
0.4118691242182127
3.0222951150221977
702.3889943074004
0.18006852003211765
4.82258064516129
64.70588235294117
309.15085388994305
14.898666455829645
0.24359582542694497
0.026373905446288433
0.10574918497865098
0.011242417197032803
