1.0
1.0
1.0
40.0
30.0
1.0
209.34083333333334
115.0
255.0
1.0
1.0
1.0
40.0
30.0
1.0
0.0
0.0
0.0
40.0
30.0
1.0
689.0
1.0
24.55152394775036
14.908563134978229
0.0
24.55152394775036
14.908563134978229
0.0
0.8156029428027425
0.0
0.0
45.25385133017264
40.0
30.0
46.647615158762406
46.647615158762406
635.4166666666666
36.9091743180466
0.24128752629782171
1481.3408119732762
2.331290458187451
689.0
216.0
245.0
37813732.0
0.923479772217101
14.0
3.040334574522007
255.0
8.783319044238615
234.00290275761975
236.0
206.0
49.0
6.174301413697141
234.26918138517394
-0.8033322312138891
37813732.0
0.6296603689324887
124.69084788749605
3.6678016507454765
1.8899886030307467
1.4975482894501027
-0.255993241384316
0.5314501473349197
0.1487135879749475
0.5612802250731196
0.14699674731544488
0.603748158356216
0.12653816694320888
0.5710256493242263
1.4001158115485188
-0.28211115173157864
0.6000196647201661
0.9266733104082279
0.9852078800021746
0.9267877664521947
0.9633366552041139
0.1454945117383801
0.745156014062065
1.2452222091192404
0.17004093382746682
77.28122945953395
0.4434298899641369
0.3713583973838154
2.8850250726204862
45.98813380784539
179.7665031536436
12.984755099310359
0.600804952844668
3.7151395021355023
42.82084028669034
0.24081964145883475
0.2529027576197388
28.96884784761201
0.48848831350810273
1.1063400794289175
0.36719678142499507
3.909090909090909
0.35537190082644626
0.6942148760330579
4.0
23183.363636363636
91239.27272727272
6197.467171717172
0.553030303030303
1.3636363636363635
0.12396694214876033
0.0595584524157278
0.2901032544341524
0.029685141578773225
3.4594316186372938
0.015965166908563134
19260.049586776862
2.858998523452697
194.9535558780842
0.2829514599101367
5.006717629934214
433.8359941944848
0.2057966679375886
3.58200290275762
53.68214804063861
208.97242380261247
16.05938558297049
0.3932027092404451
0.03473201258410153
0.10053181592208994
0.020595414357456383
