1.0
1.0
1.0
40.0
30.0
1.0
219.34166666666667
116.0
255.0
1.0
1.0
1.0
40.0
30.0
1.0
0.0
0.0
0.0
40.0
30.0
1.0
982.0
1.0
18.472505091649694
14.982688391038696
0.0
18.472505091649694
14.982688391038696
0.0
0.7607365214753204
0.0
0.0
46.765416953085726
40.0
30.0
49.4064773081425
49.4064773081425
922.0
35.576160618233416
0.2198640674097269
2083.6134259399814
2.259884409913212
982.0
210.0
246.0
52360420.0
1.187732150801689
18.0
2.4257145869848222
255.0
10.75205014082404
230.5336048879837
232.0
200.0
55.0
7.852267319759657
230.91163526203914
-0.32713943333982687
52360420.0
0.5011365474674487
174.4403167400168
3.4700395325960907
1.8035880842125858
3.23710107927198
-0.022153630702909655
1.0323339122789432
0.1640195004573626
0.7256220971723686
0.1640195004573626
0.6389044517007788
0.1361754014211688
0.39040258086700214
1.8573325493135437
-0.41561864529734155
0.784895411769458
0.9179902497713187
0.9835980499542636
0.9179902497713187
0.9589951248856593
0.1640195004573626
0.5802933037968896
1.6933130488561816
0.29908835318407645
105.1588618361365
0.4356265030971616
0.3820224334099369
3.0152465731683877
42.259944094175346
157.43663265164008
15.176085172377864
0.5782906041982024
4.1967187907633905
43.712102427233205
0.17462647300872644
0.24567209775967414
23.682086582006296
0.39092310010698267
0.9784296927295937
0.274459733259831
3.909090909090909
0.35537190082644626
0.5454545454545454
4.545454545454546
36167.818181818184
135219.9090909091
11781.15909090909
0.41666666666666663
1.1818181818181819
0.10743801652892562
0.21110651610313044
1.4017928450744572
0.039724706078584804
3.4594316186372938
0.01120162932790224
28198.198347107438
3.54756754484954
233.4114052953157
0.2376898220929895
4.070084328503698
492.1160896130346
0.3069725527934595
3.4429735234215886
53.55600814663951
194.94602851323828
21.865439013351434
0.4616711925775062
0.03182468339791223
0.10435147036298112
0.017248702397971587
