1.0
1.0
1.0
40.0
30.0
1.0
212.45666666666668
116.0
255.0
1.0
1.0
1.0
40.0
30.0
1.0
0.0
0.0
0.0
40.0
30.0
1.0
850.0
1.0
22.191764705882353
13.861176470588235
0.0
22.191764705882353
13.861176470588235
0.0
0.7047737760319577
0.0
0.0
48.031239836566705
40.0
30.0
49.4064773081425
49.4064773081425
795.25
33.8511582671137
0.22997060107152253
1805.0154461935167
2.269745924166635
850.0
216.9
247.0
46823091.0
1.0322777427538565
13.0
3.8312114051839266
255.0
9.136370934256059
234.38941176470587
236.0
197.0
58.0
5.874909168978729
234.704046432448
-1.0151548299314455
46823091.0
0.6189923875432527
147.59306435986161
8.605337711043067
2.9128266321985543
2.524530439184298
-0.3600327993443811
0.6674742065747122
0.1846623759150069
0.5656623217525109
0.17210505899646128
0.6825695745771109
0.15454044334749364
0.5409932766704341
1.602625345809883
-0.28119523178065187
0.633060383951336
0.915203202193624
0.989380397026792
0.9159565764940025
0.9659879905557994
0.16190866376750299
0.7263442149878194
1.3973351710527693
0.21303414562242978
81.90285402212527
0.3813592402566996
0.5283271291413746
7.248744203442768
40.128246221061914
356.71193755513434
4.723944529050007
0.2076724015288937
4.048087462053392
46.69888524306798
0.21413588374427261
0.25176470588235295
23.154590898951998
0.46270128403300476
2.6305617334290634
0.1335416940541464
7.666666666666667
0.3194444444444444
1.1666666666666665
5.166666666666667
16496.333333333332
147474.125
1866.3964120370372
0.5196759259259259
5.75
0.23958333333333334
0.49052348016724046
1.36405899938684
0.40296824241581625
3.312907291846951
0.02823529411764706
15241.993055555557
3.0898303246368917
214.37411764705882
0.2522048442906574
4.945683044982699
526.1435294117647
0.25281799307958475
8.445882352941176
53.74823529411765
479.66
6.363431372549019
0.14302287581699347
0.04541952243860507
0.2690053873401212
0.016899136332773852
