1.0
1.0
1.0
40.0
30.0
1.0
227.19916666666666
148.0
251.0
1.0
1.0
1.0
40.0
30.0
1.0
0.0
0.0
0.0
40.0
30.0
1.0
978.0
2.0
20.878323108384457
15.689161554192228
0.0
20.878323108384457
15.689161554192228
0.0
0.7036329961982686
0.0
0.0
45.767137860940515
40.0
30.0
49.4064773081425
49.4064773081425
927.0833333333334
32.20326834051279
0.22420979073576724
2050.731174946062
2.2120246381440665
978.0
224.0
245.0
54625736.0
0.5564516316931282
8.0
3.751838508855504
251.0
5.992974268257493
236.200408997955
238.0
212.0
39.0
3.821950376002817
236.33564222799967
-0.9921526410522192
54625736.0
0.796849712070458
63.90257651983724
3.7969028302951546
1.9401456753590813
0.5359181380859734
-0.22804553689104384
0.21528145381460445
0.08442853378786444
0.43292455018198356
0.08442853378786444
0.4162683770199658
0.07715393686617528
0.7769884666175508
0.7865517225485047
-0.20240083383005403
0.3949733154129662
0.9577857331060678
0.9915571466212136
0.9577857331060678
0.978892866553034
0.08442853378786444
0.8792513373533073
0.702123188760641
0.07492749690061723
72.54663087457205
0.46188193849660064
0.3295026385447346
2.8333450046685345
113.64102085278554
451.14622126628433
29.369894300312716
0.5900127180501831
3.8695323434259534
31.263741051976343
0.19573706105189942
0.1602760736196319
70.96013677068356
0.4441056818206752
0.893604549085496
0.36832332828723163
18.555555555555557
0.6872427983539094
0.5185185185185185
2.2962962962962963
27882.51851851852
111412.70370370371
7001.247942386831
0.8405349794238682
4.777777777777778
0.17695473251028807
0.35601902902013144
1.034537695353918
0.28062804556425675
3.306020262209252
0.027607361963190184
26570.469135802472
2.081066043179251
428.7873210633947
0.438432843623103
4.200521911500872
779.319018404908
0.1044544393842448
3.733128834355828
63.76482617586912
251.379345603272
16.975942967507386
0.32694274028629855
0.03518624175035461
0.10218344457376982
0.02163634017096197
