1.0
1.0
1.0
40.0
30.0
1.0
232.16333333333333
140.0
255.0
1.0
1.0
1.0
40.0
30.0
1.0
0.0
0.0
0.0
40.0
30.0
1.0
1041.0
1.0
18.777137367915465
13.688760806916427
0.0
18.777137367915465
13.688760806916427
0.0
0.7228657490378251
0.0
0.0
47.738226208341665
40.0
30.0
49.4064773081425
49.4064773081425
992.4166666666666
34.508328645830034
0.22095888132082506
2177.552802494114
2.1941920925291267
1041.0
227.0
254.0
60172656.0
1.09180211826289
14.0
2.8530599864659476
255.0
8.159517422562544
240.20749279538904
241.0
211.0
44.0
5.941400226757369
240.4220112964912
-0.47990872824140696
60172656.0
0.5633955010745783
103.10392080326221
4.818378050393688
2.162418815144397
2.091412443944013
0.2831302206827368
0.7887536123484682
0.21948417382135194
0.5645150223577754
0.21105171609134057
0.7614012942766684
0.1743800410473826
0.4195999956602132
1.8495167233092855
-0.2531811158105962
0.6400458508746643
0.8953173877273308
0.9784407729746345
0.8958795515759983
0.9476586938636654
0.20367331557758064
0.6202454940925595
1.60842872150796
0.25205944654245505
110.5551604709436
0.3983531769167472
0.4581048985692756
4.782049594388952
30.28542426114715
138.89137284179452
7.437444593187565
0.35682064360639776
4.225192310710544
51.79615664938958
0.18436422020834248
0.265850144092219
15.37703268997636
0.4152678446308341
1.7571753916979258
0.2010711140024072
15.342857142857143
0.4383673469387755
0.8195918367346938
3.857142857142857
16088.485714285714
66417.0
3977.214285714286
0.6349206349206349
5.457142857142857
0.15591836734693879
0.3531558883658977
1.047611829817307
0.2597903916499285
3.893250876120959
0.03362151777137368
15203.848163265306
3.5788403322056452
203.6474543707973
0.19562675732065063
4.508417144897807
586.494716618636
0.26397989814345735
4.840537944284342
51.7492795389049
249.59558117195004
12.442469847368983
0.27468246344327035
0.04448481752433424
0.18410577433200484
0.02111396225977336
