1.0
1.0
1.0
40.0
30.0
1.0
202.66333333333333
111.0
255.0
1.0
1.0
1.0
40.0
30.0
1.0
0.0
0.0
0.0
40.0
30.0
1.0
719.0
4.0
23.054242002781642
15.114047287899862
0.0
23.054242002781642
15.114047287899862
0.0
0.7769575985639374
0.0
0.0
43.7629013099126
40.0
30.0
49.4064773081425
49.4064773081425
659.25
34.00191870794029
0.23669828020075903
1547.5895232792363
2.347500224921102
719.0
205.8
242.0
37132823.0
1.293768517792742
16.5
2.705254255175904
255.0
10.519830316019972
226.8664812239221
229.0
197.0
58.0
7.306689419204949
227.2555710555843
-0.42322124846515113
37132823.0
0.48177522095477227
176.69427287551676
7.666522258169005
2.740104324529852
2.99510825768594
-0.4371673427722682
0.9238995711706868
0.2909110953519742
0.5202862630672098
0.2770157965384491
0.8767023086839782
0.21104134826705034
0.35565227952057543
2.0912266046491403
-0.210797088075998
0.60648508782919
0.8628816316121279
0.9831327937818872
0.8638079848663629
0.9450600173194277
0.26485741007661473
0.5544415763213781
1.7753764690780693
0.30370266663066525
101.32479647470191
0.383112123569715
0.5283367428663335
6.260299585829912
18.516103640357116
155.3817319078747
2.4782711764122975
0.2553620713215817
3.7118401786066295
76.86155317878537
0.28133449062591004
0.3650904033379694
10.068571326577501
0.5256561889309258
2.6975499213630996
0.1767543858233379
14.365853658536585
0.3503866745984533
0.9220701963117193
4.2682926829268295
4376.219512195122
38035.19512195122
525.3145325203252
0.5657181571815718
8.365853658536585
0.20404521118381916
0.44996958041170804
0.9137582003959787
0.40878734201210837
3.5038934680327114
0.05702364394993046
4068.687685901249
3.753852950603092
105.0528511821975
0.1461096678472844
5.260752745371508
346.39638386648124
0.3660585614775582
7.445062586926286
42.21835883171071
351.39777468706535
5.67759040333797
0.18203330242620927
0.06712561993838899
0.31427195172356276
0.03244837254540862
