1.0
1.0
1.0
40.0
30.0
1.0
209.84166666666667
85.0
255.0
1.0
1.0
1.0
40.0
30.0
1.0
0.0
0.0
0.0
40.0
30.0
1.0
829.0
1.0
17.860072376357056
13.360675512665862
0.0
17.860072376357056
13.360675512665862
0.0
0.7355663173723412
0.0
0.0
49.163122236524806
40.0
30.0
49.4064773081425
49.4064773081425
772.4166666666666
36.16273677404681
0.23082185290868654
1763.7686767601876
2.2834420240718796
829.0
205.8
255.0
45181324.0
1.7252860361824456
37.0
1.6502953597383507
255.0
16.999122578542316
232.67792521109772
234.0
196.0
59.0
15.030626253333237
233.4544794357926
-0.26240533934029875
45181324.0
0.31646103768546985
361.97708809573356
9.227553699356026
2.941857913058329
11.308020807439053
-0.061883643609186634
2.6330379452176134
0.3410666174387542
0.7706022180023889
0.3175102053187043
0.9412394197254264
0.23420374086344545
0.1846575964381204
2.7600668715473344
-0.3695802319408375
0.8365545660102367
0.8436005385526529
0.9803529591880742
0.8451709660273229
0.9372831726735942
0.2968983447136606
0.261672817194746
2.384758995490693
0.743526140664092
95.98593276065498
0.30433690975171596
0.7811932825744128
8.295310656421767
14.53454123679818
150.44052515000433
2.0511359856778455
0.21317323080440365
4.081435069700174
86.41510840240008
0.26332551658203346
0.37937273823884193
6.723584839716621
0.5091028848459065
3.765541070718536
0.13764972676385218
13.058823529411764
0.38408304498269896
1.0034602076124568
4.117647058823529
3078.029411764706
35296.08823529412
377.00122549019613
0.6321486928104576
10.352941176470589
0.3044982698961938
0.5624409221760291
1.2050900071109496
0.4849285221376348
3.165161475477062
0.04101326899879373
2483.5302768166093
4.418081604145568
120.37756332931242
0.14520815841895346
4.747871561795644
262.3462002412545
0.7752244118147783
9.219541616405307
40.32931242460796
399.2822677925211
5.8371867041951475
0.1704027610239914
0.0651392195957148
0.4126626982607367
0.027356819033710747
