1.0
1.0
1.0
40.0
30.0
1.0
233.28416666666666
143.0
255.0
1.0
1.0
1.0
40.0
30.0
1.0
0.0
0.0
0.0
40.0
30.0
1.0
993.0
1.0
19.24672708962739
14.73313192346425
0.0
19.24672708962739
14.73313192346425
0.0
0.7415963775718069
0.0
0.0
48.48293697026493
40.0
30.0
49.4064773081425
49.4064773081425
949.0
35.95477043119071
0.22571092625511385
2069.0723788239393
2.180265941858735
993.0
231.0
252.0
58102345.0
0.8314566377814318
11.0
2.9946030659329503
255.0
6.394708579391086
241.76132930513594
242.0
218.0
37.0
4.726181779621077
241.89239032986646
-0.4917971197388299
58102345.0
0.6758964311104214
63.38815211008783
4.737105633785571
2.152476821716639
1.2458643586406286
0.49771795067941654
0.5406328484913314
0.12485462858257819
0.6253770895582083
0.12430153123744545
0.5414913376525723
0.10915299178333868
0.580706364464342
1.311351012496462
-0.3370741196523585
0.6394018802597607
0.9379045441157906
0.9875400647115176
0.9379414172721329
0.9689522720578954
0.1238175710604543
0.7485001218435383
1.1843311087058916
0.1663718692684774
81.15679911977658
0.43676601722568803
0.398721115410266
4.95713981006196
62.099740927358255
270.45937679203325
15.055536902707392
0.3177821272221212
4.437706050158834
23.890000338009518
0.12662333356640038
0.18554884189325277
30.812181843800346
0.30997844989987444
1.2813260275741265
0.1628596306795001
12.84
0.5136
0.8576
3.68
25858.04
105019.44
6422.312222222223
0.6855555555555556
5.24
0.2096
0.4573083095474502
0.8846633615332241
0.4098243887754712
3.1524876891689493
0.025176233635448138
24280.361599999997
2.7918698020586614
313.9526686807654
0.3161658294871756
3.5347513156039914
671.1651560926485
0.17660988449864054
4.743202416918429
60.01913393756294
278.13091641490433
14.04103726082578
0.24882510909701244
0.03420561624746874
0.13183910023858114
0.017156504986805682
