1.0
1.0
1.0
40.0
30.0
1.0
227.47
154.0
255.0
1.0
1.0
1.0
40.0
30.0
1.0
0.0
0.0
0.0
40.0
30.0
1.0
858.0
1.0
20.73076923076923
13.625874125874127
0.0
20.73076923076923
13.625874125874127
0.0
0.7848956750350436
0.0
0.0
45.8346975744018
40.0
30.0
49.4064773081425
49.4064773081425
803.25
35.97545589268718
0.22875751502553462
1826.736516607041
2.2741817822683363
858.0
227.0
255.0
50324492.0
1.2742876238353498
19.0
2.1341547643209395
255.0
9.205796534467863
241.94638694638695
243.0
217.0
38.0
7.839674779466468
242.18433904621926
-0.4195507385484422
50324492.0
0.46009584820773636
115.19992284327951
5.525542948899049
2.3095408631108683
2.0448860237962987
0.1580602499111081
1.0102477425704557
0.24415578467259047
0.61080162321417
0.23352769552921832
0.8048844221231763
0.1883939684775442
0.3246509710284886
2.033901558105881
-0.29829926597355355
0.7079995200206491
0.8842989611497281
0.9760749487239735
0.8850075004259529
0.942149480574864
0.2242281175287677
0.4790928080152049
1.7668530488536485
0.31360088181076157
99.88186255268687
0.376346712528434
0.4981909429198182
4.595101952898148
23.196008258817837
127.39200685918505
5.067791498891351
0.3923026983665352
3.8550485426112684
65.11015861580852
0.24257880465775084
0.30856643356643354
12.043670566671366
0.49819783215927244
1.6877264369247524
0.2816525325704494
35.23076923076923
0.6775147928994083
0.5340236686390534
2.3461538461538463
5025.346153846154
22197.096153846152
1200.1864316239316
0.8344017094017093
18.0
0.34615384615384615
0.6083487756550923
0.9226332369017209
0.5733726018646471
2.539248130479287
0.06060606060606061
4753.096153846153
3.7522008736880363
154.006993006993
0.1794953298449802
5.603322085839569
394.76223776223776
0.35093403100396103
5.437062937062937
48.26340326340326
281.94055944055947
9.79490416990417
0.2636946386946387
0.07146988354825656
0.2159527669200288
0.04765240893161968
