1.0
1.0
1.0
40.0
30.0
1.0
228.105
89.0
255.0
1.0
1.0
1.0
40.0
30.0
1.0
0.0
0.0
0.0
40.0
30.0
1.0
1081.0
1.0
19.81868640148011
15.869565217391305
0.0
19.81868640148011
15.869565217391305
0.0
0.6700622707811126
0.0
0.0
47.65770143234389
40.0
30.0
49.4064773081425
49.4064773081425
1045.6666666666667
31.93362764196463
0.22414581708636613
2222.7075693574207
2.125636821189755
1081.0
220.0
254.0
62353111.0
1.5301263344830192
21.0
4.090284526066615
255.0
11.690920713595611
239.71970397779833
242.0
182.0
73.0
8.73020416411933
240.16859442177488
-1.1388818615186798
62353111.0
0.3871197139045373
215.41727132772698
10.573206974649281
3.192754564654868
7.937108458901077
-0.9374748354363274
1.7214678251745292
0.20342944280191244
0.7877716276369269
0.1970502506939754
0.7221142638357525
0.16238876426142868
0.2838049392210298
2.273609852099967
-0.45940623193164665
0.8551269115261576
0.9021127938638059
0.988146136166498
0.9025380733376684
0.9608025895981361
0.19146845759953046
0.4261539742308973
2.0611894411634566
0.48122431699411033
78.12635462022254
0.30810424948682474
0.8001522179846873
9.200028077268643
48.417398403483304
564.6802888934965
4.843324203421491
0.19611929251522411
4.631599180901571
35.691769472665705
0.1383830475694111
0.2338112858464385
25.812682671481227
0.30982567682373996
2.0329522936269866
0.10774833500462062
7.96
0.3184
1.3184
5.48
14453.8
148142.88
1515.6619444444443
0.5313888888888889
4.36
0.1744
0.3997548899806068
1.1759881671607286
0.3203013764871473
3.7777968115985896
0.02312673450508788
12584.102400000002
3.8154469801285447
254.3913043478261
0.2353296062422073
3.7593604441702233
418.4764107308048
0.5278919970801695
10.595744680851064
54.58926919518964
605.1008325624422
5.870342532634392
0.1297088601089526
0.03613809943924807
0.2778901743484251
0.012476563640685182
