1.0
1.0
1.0
40.0
30.0
1.0
242.865
174.0
255.0
1.0
1.0
1.0
40.0
30.0
1.0
0.0
0.0
0.0
40.0
30.0
1.0
1119.0
1.0
19.72922252010724
14.290437890974085
0.0
19.72922252010724
14.290437890974085
0.0
0.7666867536990405
0.0
0.0
44.475307116605755
40.0
30.0
49.4064773081425
49.4064773081425
1081.1666666666667
34.0986288329983
0.22103147982363414
2304.7567284523248
2.1317312117641354
1119.0
238.0
252.0
67181746.0
0.7380696641719309
8.0
2.6540180258705464
255.0
4.425416539885846
244.9633601429848
245.0
230.0
25.0
3.1779884618906618
245.0251140672765
-0.23137818222498757
67181746.0
0.6702692385404114
30.258711140180857
1.5735552738122167
1.2106862748998846
0.9813136629100447
0.5667027801748551
0.5481827044829043
0.11700710177487503
0.6482341371640327
0.11700710177487503
0.5155719492922071
0.10262885763182106
0.5647762392392892
1.2176492133887242
-0.3607414201311281
0.6369788791503697
0.9414964491125624
0.976598579645025
0.9414964491125624
0.9609976327417082
0.11700710177487503
0.7308101742126778
1.1006421116138494
0.16629745156444486
95.61371492984397
0.5241577519633338
0.2379211240183331
2.174183546764192
85.80042925204216
109.44927415895157
79.8882180253148
0.706454113308952
4.428670408598087
20.691030808772744
0.10859730237820986
0.16309204647006256
41.58473137226659
0.2253530901059391
0.5934956617595809
0.13331744719252858
7.461538461538462
0.5739644970414202
0.21301775147928992
3.076923076923077
40926.53846153846
46756.46153846154
39469.057692307695
0.4807692307692308
1.1538461538461537
0.08875739644970414
0.130590690862765
0.29153078776325303
0.090355666637643
3.546593564294935
0.01161751563896336
33517.30177514793
2.6890090682442516
386.15817694369974
0.34509220459669326
2.85887837107209
750.0312779267202
0.16486538072979431
1.6246648793565683
62.07596067917784
91.05451295799821
54.83132260947274
0.8438337801608579
0.022724002130226864
0.04449233978998544
0.01728191771528722
