1.0
1.0
1.0
40.0
30.0
1.0
239.97416666666666
156.0
255.0
1.0
1.0
1.0
40.0
30.0
1.0
0.0
0.0
0.0
40.0
30.0
1.0
1027.0
1.0
18.058422590068158
14.32035053554041
0.0
18.058422590068158
14.32035053554041
0.0
0.7685212641874478
0.0
0.0
43.806792528346215
40.0
30.0
45.65084884205331
45.65084884205331
987.0
33.66645157388188
0.22529102088418407
2127.9022638644083
2.1559293453540103
1027.0
239.0
254.0
62570774.0
0.9546214657743508
7.0
4.696242318855051
255.0
4.742258912004887
246.74975657254137
248.0
224.0
31.0
3.155768881684208
246.8314769111868
-1.1975622352668327
62570774.0
0.5525770126733975
40.33562554931172
5.6101680415983335
2.337310452467844
0.9758590929128571
0.4111006680766938
0.7522363166948041
0.16367311677576146
0.6428967766917106
0.16261715056668016
0.6387989598213623
0.1363153075838922
0.41378837851599104
1.582132492985147
-0.33530711347498965
0.6808498023608672
0.918797021337568
0.9836814252243814
0.91886741908484
0.959398510668784
0.16169318013373402
0.5764566177063607
1.415031423340145
0.22897735836764138
109.22511579028395
0.4980328688784227
0.27759345077485864
5.875074353466674
43.10732669549414
227.98346825670873
9.25079404112503
0.21311761868947743
4.324929200376011
27.979106051277636
0.12312215339064142
0.21299902629016554
18.353417676117374
0.26016845252112636
1.4568810042395373
0.06820119409579029
7.5
0.46875
0.734375
6.375
28579.4375
124797.375
6854.050347222223
0.3506944444444444
1.75
0.109375
0.275904243539236
0.8578823501673368
0.2112186893289647
3.7028195311147782
0.01557935735150925
24459.40234375
3.254446745755105
262.77604673807207
0.2558676209718326
3.25220412067934
567.4965920155794
0.22850419396830846
5.626095423563778
56.48393378773125
311.43914313534566
11.753029319485016
0.20807638212701504
0.02851567623154422
0.1524712876423244
0.008334003596199279
