1.0
1.0
1.0
40.0
30.0
1.0
236.11916666666667
167.0
255.0
1.0
1.0
1.0
40.0
30.0
1.0
0.0
0.0
0.0
40.0
30.0
1.0
989.0
1.0
16.89282103134479
14.536905965621841
0.0
16.89282103134479
14.536905965621841
0.0
0.7968496301262792
0.0
0.0
41.42999686940293
40.0
30.0
47.80167361086848
47.80167361086848
947.4166666666666
33.013477681516626
0.22741453261751568
2051.2877691331123
2.165137939097313
989.0
233.0
252.0
58468894.0
0.7815835645225879
10.0
2.8588717568725737
255.0
5.659743528663632
243.03741152679476
243.0
224.0
31.0
4.044872196442677
243.14441235166439
-0.43175786158906043
58468894.0
0.681086491344118
52.021856191616365
4.854430900643141
2.176453942410612
1.1717100622226653
0.6093454060627426
0.5552946037441086
0.0854177815521648
0.7332821551742245
0.0854177815521648
0.41878369425370676
0.07789261298024444
0.6115674276874109
1.147352775840735
-0.46917862764488594
0.7081179731856676
0.9572911092239176
0.9914582218447835
0.9572911092239176
0.9786455546119589
0.0854177815521648
0.7659670874471436
1.0619349942885705
0.16017809632406832
67.9107366904606
0.4713906522140386
0.34609575629846523
5.207363562811588
107.46034753479861
482.0211166406903
25.481509118828527
0.2782561649974739
4.537261908563716
16.32500623170841
0.11298183386337597
0.1448432760364004
53.276947529262245
0.29928180470347754
1.471521073240065
0.12797618124367044
9.526315789473685
0.5013850415512465
0.8476454293628808
3.6842105263157894
34312.15789473684
142062.05263157896
8444.859649122807
0.6798245614035088
8.263157894736842
0.43490304709141275
0.6714219785471108
1.3059552863337407
0.6009182430713381
2.1398355237062003
0.019211324570273004
31602.681440443208
2.5289834398215447
415.60667340748233
0.42022919454750485
3.235669206570557
673.5945399393327
0.16663378048319175
4.8705763397371085
64.72093023255815
308.7350859453994
14.80827996854286
0.2345803842264914
0.03317757282106192
0.13293774206495693
0.01604001311251968
