1.0
1.0
1.0
40.0
30.0
1.0
242.07083333333333
188.0
255.0
1.0
1.0
1.0
40.0
30.0
1.0
0.0
0.0
0.0
40.0
30.0
1.0
1012.0
2.0
20.097826086956523
14.955533596837945
0.0
20.097826086956523
14.955533596837945
0.0
0.7106945949154738
0.0
0.0
49.45143243931122
40.0
30.0
49.4064773081425
49.4064773081425
960.9166666666666
35.14486574544621
0.22259415479177141
2115.570582464865
2.2016171181665407
1012.0
237.0
255.0
61922967.0
0.9929450738115106
12.0
2.2309145429086925
255.0
5.874125123029575
247.2677865612648
249.0
231.0
24.0
4.781795841028011
247.36350290447044
-0.5824921700044382
61922967.0
0.5048821259510382
47.34429826274429
2.347061174566513
1.469675790407934
0.8809577528837311
0.0990144793370758
0.8722872204391846
0.12393239331457837
0.7512573468092036
0.12393239331457837
0.5337759649762539
0.10762154123585613
0.3942686518872624
1.530685460575751
-0.46519400565611324
0.7721830381774768
0.9380338033427107
0.9752135213370843
0.9380338033427107
0.9586892022284739
0.12393239331457837
0.46835801293477675
1.406753067261173
0.24905490343844072
102.21772270661307
0.5250081703629763
0.23749591481851184
2.1657708265428077
54.429277578589016
129.31035306207446
35.70900870771766
0.7085572933642981
4.33189304368948
22.052118417716933
0.10818764804181087
0.1924407114624506
21.508574739380144
0.21344041266916836
0.3996093233906028
0.1668981849888097
4.555555555555555
0.5061728395061729
0.24691358024691357
2.6666666666666665
40847.555555555555
66510.88888888889
34431.72222222222
0.5833333333333334
1.0
0.1111111111111111
0.051098059740073115
0.1090467038412018
0.03661089871479093
3.169925001442309
0.008893280632411068
28203.802469135797
3.1823529555017824
294.9367588932806
0.2914394850724117
2.9974495774031777
510.94071146245057
0.24755893702448092
2.3517786561264824
58.65612648221344
141.99802371541503
37.82065217391305
0.6620553359683794
0.023648584552764158
0.05371486402898153
0.016132014683709818
