1.0
1.0
1.0
40.0
30.0
1.0
247.35166666666666
194.0
255.0
1.0
1.0
1.0
40.0
30.0
1.0
0.0
0.0
0.0
40.0
30.0
1.0
1103.0
1.0
18.26745240253853
14.325475974614687
0.0
18.26745240253853
14.325475974614687
0.0
0.7980367718906827
0.0
0.0
44.78826917695347
40.0
30.0
49.4064773081425
49.4064773081425
1061.25
35.742685752546905
0.22056173540195584
2281.2125725750434
2.149552482991796
1103.0
242.0
254.0
68885089.0
0.9307460046826883
6.0
3.082968502995968
255.0
3.745610956354919
249.86310063463281
252.0
235.0
20.0
3.0409255995299884
249.90494838550356
-1.0222941539780661
68885089.0
0.5472300467939988
20.914168808549007
2.9164359100053203
1.6591841842256883
0.9747950799204153
-0.45493888679475164
0.7763472322526894
0.12223328534348758
0.7277290935859329
0.12223328534348758
0.5294957140313036
0.1064198270541963
0.44428991414771524
1.4440211192688328
-0.4395925697215061
0.7403104771168731
0.9388833573282562
0.9755533429313025
0.9388833573282562
0.9592555715521708
0.12223328534348758
0.5980675415539444
1.3217878339253453
0.22464512939904424
96.3129995843671
0.5033731672600679
0.2483134163699661
2.5681350168529655
67.83035804243069
216.75915499206096
30.598158805023118
0.6079662457867586
4.449546950824031
19.67291859279039
0.0985349306876598
0.17361740707162285
28.402940324232702
0.2159504069476175
0.40501462012429285
0.1686843536534486
5.0
0.5555555555555556
0.2222222222222222
2.0
36599.22222222222
123583.55555555556
14853.138888888889
0.75
1.2222222222222223
0.13580246913580246
0.01956437973606021
0.028829191534767824
0.017248176786383306
3.1699250014423095
0.008159564823209429
21579.358024691363
2.9307230776930777
373.6219401631913
0.33873249334831484
2.92306895641903
603.5947416137806
0.22638497660300066
2.961015412511333
60.85131459655485
187.4959202175884
29.190163191296463
0.5097461468721668
0.022198514147608605
0.059658304374770287
0.012833566590818187
