1.0
1.0
1.0
40.0
30.0
1.0
243.2825
206.0
255.0
1.0
1.0
1.0
40.0
30.0
1.0
0.0
0.0
0.0
40.0
30.0
1.0
839.0
2.0
18.804529201430274
13.64004767580453
0.0
18.804529201430274
13.64004767580453
0.0
0.6992497711120799
0.0
0.0
49.24440975158914
40.0
30.0
49.4064773081425
49.4064773081425
786.3333333333334
34.43414224734818
0.23148695216016568
1779.762554070212
2.2633690810558016
839.0
243.0
255.0
52868952.0
0.9011380144791278
7.0
2.706106758338848
255.0
4.114137808077897
250.97973778307508
254.0
239.0
16.0
3.100069252077564
251.02638413201376
-1.0066569021518263
52868952.0
0.5669457226023943
23.4167527321958
3.069840700426747
1.7160457142431738
0.9360308866571443
-0.49929872861117586
0.6566305890470915
0.1565928846055495
0.6145390905508183
0.1565928846055495
0.6215458016964314
0.1312053448532985
0.4621829183203811
1.4535070009776272
-0.311050310666871
0.6370742231165349
0.9217035576972251
0.96868142307889
0.9217035576972251
0.9478023717981502
0.1565928846055495
0.6377492719403991
1.296914116372078
0.20330586841316023
102.60663390792034
0.5062116390763507
0.24689418046182468
2.3525695907812247
33.074110424433414
115.4720856861654
12.474616609000414
0.6618576023046938
3.7836240135065915
32.377027357751246
0.15282104585953277
0.24195470798569724
14.410552684175707
0.3359111429661529
0.5105756211065187
0.2922450234310614
5.0
0.5555555555555556
0.2222222222222222
2.0
38960.77777777778
146884.44444444444
11979.861111111111
0.75
1.0
0.1111111111111111
0.1532387109628215
0.5236101108992401
0.06064586097871684
3.169925001442309
0.010727056019070322
30270.39506172839
3.1594665633887593
197.32419547079857
0.23518974430369316
3.84567870542291
475.6674612634088
0.21652713869880283
3.0488676996424315
53.75089392133492
180.82717520858165
21.981823599523242
0.4877830750893921
0.029993970329048936
0.0746263871283736
0.018835866129217768
