1.0
1.0
1.0
40.0
30.0
1.0
226.14666666666668
138.0
255.0
1.0
1.0
1.0
40.0
30.0
1.0
0.0
0.0
0.0
40.0
30.0
1.0
869.0
1.0
20.90794016110472
13.89988492520138
0.0
20.90794016110472
13.89988492520138
0.0
0.7292473971797949
0.0
0.0
48.43591476591135
40.0
30.0
49.4064773081425
49.4064773081425
815.25
35.32176477306325
0.22943322257040166
1839.4515684728512
2.2563036718464904
869.0
226.0
254.0
51009437.0
1.2444263548969197
14.0
2.9469773300048705
255.0
8.492983615414463
242.04487917146145
244.0
214.0
41.0
6.048643387716533
242.27877931112317
-0.8548640557620671
51009437.0
0.4817899759124213
113.28337136054431
5.240185737226015
2.247332152592752
2.467251641955764
0.14128917573356328
0.9902379285690561
0.23188740005940045
0.6196931765846031
0.22991630259095874
0.7765907432122253
0.1770733484109281
0.3385567764399512
2.0222640805458827
-0.29008664783610516
0.6944431977492166
0.8852389584513649
0.9769022337233727
0.885370364949261
0.9426194792256823
0.22819159230607217
0.5192265705540337
1.7841215331439622
0.30553133215711414
101.56226327718558
0.3834209578747193
0.48402586868888875
4.730365024337238
22.647583838603175
115.3010321900392
5.409041094802127
0.37215694818178346
4.044949876660761
54.073690687481225
0.19785816586056593
0.30379746835443033
10.456034099201755
0.424232880293715
1.5156065652186395
0.23287305849307416
16.419354838709676
0.5296566077003122
0.7596253902185224
3.2580645161290325
9969.387096774193
42179.93548387097
2441.982974910394
0.7222222222222222
5.064516129032258
0.16337148803329865
0.39019957944352923
0.5086541538051641
0.3635970541010212
3.6001908764824466
0.03567318757192175
9183.579604578565
3.7586357681389777
153.99194476409667
0.17720592032692367
4.4891115934218
418.67548906789415
0.3331872276243079
5.194476409666283
47.64902186421174
257.67318757192174
10.670406597621788
0.273590333716916
0.04811441976526365
0.1716531414274784
0.026876363298791887
