1.0
1.0
1.0
40.0
30.0
1.0
244.47333333333333
167.0
255.0
1.0
1.0
1.0
40.0
30.0
1.0
0.0
0.0
0.0
40.0
30.0
1.0
1063.0
1.0
17.748824082784573
15.59360301034807
0.0
17.748824082784573
15.59360301034807
0.0
0.7341814514518806
0.0
0.0
44.52023513155902
40.0
30.0
49.4064773081425
49.4064773081425
1023.4166666666666
32.68593084786701
0.2234506333957709
2197.881084105308
2.147591646385775
1063.0
242.0
254.0
65735816.0
0.9995345722755329
7.0
3.991336996063206
255.0
3.9561793288134464
248.62652869238005
249.0
231.0
24.0
2.9534001321890684
248.6762999638037
-0.969997927791919
65735816.0
0.50032257522109
24.751394064792922
2.403790632563296
1.4972717596795773
0.823989459013047
0.008154851306972064
0.8239130621760107
0.1760492929508715
0.6478892362813454
0.1760492929508715
0.6646748313923584
0.14367588014212285
0.3563429422944361
1.6646423763902725
-0.33531329583498104
0.6913686133339874
0.9119753535245643
0.9647901414098257
0.9119753535245643
0.9413169023497096
0.1760492929508715
0.41470359384498695
1.4885930834394014
0.2499905887817205
119.99349408911252
0.5043366140781174
0.24783169296094126
2.3615889355617488
36.62027368403476
95.60875570395736
21.87315317905411
0.6596027661095628
4.256612248149415
31.077735044952636
0.12543590003194624
0.22389463781749763
14.355284368473248
0.2674615477859293
0.608482108405784
0.18220640763096568
5.545454545454546
0.5041322314049587
0.24793388429752064
2.3636363636363638
28178.272727272728
85131.90909090909
13939.863636363636
0.6590909090909091
1.1818181818181819
0.10743801652892562
0.18667216076458978
0.46800712857576826
0.11633841881179509
3.4594316186372938
0.010348071495766699
18839.685950413226
3.4148599004946476
248.49952963311384
0.23377189993707792
3.2056790938512476
531.8428974600188
0.2498387123894549
2.4619002822201317
55.173095014111006
138.3038570084666
34.39040451552211
0.6345249294449671
0.0271448365590618
0.06514952058486193
0.01764366555261176
