1.0
1.0
1.0
40.0
30.0
1.0
237.50333333333333
166.0
255.0
1.0
1.0
1.0
40.0
30.0
1.0
0.0
0.0
0.0
40.0
30.0
1.0
894.0
3.0
21.88143176733781
15.120805369127517
0.0
21.88143176733781
15.120805369127517
0.0
0.7401103694926685
0.0
0.0
48.298453054996855
40.0
30.0
49.4064773081425
49.4064773081425
831.5
35.746185936458026
0.22454291289612585
1904.4062931232147
2.2903262695408477
894.0
235.0
255.0
54560708.0
0.9898350936700557
10.0
2.846855400460981
255.0
5.743419966067598
246.93959731543623
249.0
229.0
26.0
4.497114682524748
247.04225290495944
-0.8823595834782829
54560708.0
0.5070292128983179
50.70999804813597
2.3034405174478634
1.4681809490270248
0.8012199550000254
0.08908409106789768
0.7936647740666698
0.2022046592664206
0.5939898838163924
0.2022046592664206
0.7199015874867
0.1598717225760541
0.34219356075740076
1.7161987010359847
-0.27872104218631516
0.6446098712033814
0.8988976703667897
0.9595590681467159
0.8988976703667897
0.9325984469111932
0.2022046592664206
0.4307167213397651
1.5139940417695645
0.24896735833327258
135.54071633363617
0.523273445615511
0.2383632771922445
2.177216123418028
21.004797847340736
50.07271647607591
13.737818190156942
0.705695969145493
3.830007024045802
45.721506583309804
0.16915676723006828
0.28998881431767337
7.7977033226021675
0.34547461826218673
0.6751702460939274
0.26305071130425156
7.142857142857143
0.5102040816326531
0.24489795918367346
2.7142857142857144
16345.0
25518.14285714286
14051.714285714286
0.5714285714285714
1.1428571428571428
0.08163265306122448
0.03943998712544124
0.12160633707498923
0.01889839963805425
3.6644977792004574
0.015659955257270694
12267.265306122448
3.6679688544661833
155.38255033557047
0.1738059847154032
3.631438023312263
453.2841163310962
0.24648539355084104
2.3221476510067114
48.25503355704698
116.34228187919463
31.233221476510067
0.6694630872483222
0.032252862896339246
0.07159028507003098
0.02241850735291631
