1.0
1.0
1.0
40.0
30.0
1.0
228.0125
140.0
255.0
1.0
1.0
1.0
40.0
30.0
1.0
0.0
0.0
0.0
40.0
30.0
1.0
896.0
1.0
19.623883928571427
15.559151785714286
0.0
19.623883928571427
15.559151785714286
0.0
0.7916637104012277
0.0
0.0
44.9423650765825
40.0
30.0
49.4064773081425
49.4064773081425
842.0833333333334
35.579239490733855
0.22721821801150463
1897.9190698763425
2.2538375891653746
896.0
223.0
255.0
52510172.0
1.3784473437535323
18.0
2.366930564380831
255.0
9.726273517219385
241.80580357142858
244.0
215.0
40.0
7.83645785703399
242.08490799422302
-0.6760235448688182
52510172.0
0.4205496651785715
135.05603774713012
5.389683494423593
2.2699397568649005
3.324992343061986
-0.1389517191384635
1.2206610998174146
0.27260768482230685
0.6339642037355094
0.2707008880795833
0.8411435774162308
0.19698640279106516
0.2738310227148528
2.243346905464759
-0.2888589237120366
0.7204118499376204
0.8648402356344809
0.9728272375212796
0.8649673554173289
0.9324201178172403
0.26903244092970025
0.4193746449564235
1.9649610728886544
0.3733171961599303
109.81963932806325
0.3605841364701752
0.5327307840607485
4.543881752305666
17.650527009222664
97.38636363636364
4.1673620260576785
0.4118217958571219
3.8951648300066832
71.7360836627141
0.22891422441028259
0.33956473214285715
8.118100839986043
0.4640811783869452
1.5097413760526321
0.272714481785706
18.885714285714286
0.5395918367346939
0.7591836734693878
3.2285714285714286
6913.142857142857
29789.82857142857
1695.8126984126984
0.7285714285714285
4.885714285714286
0.13959183673469389
0.3624675698802194
0.5953737310059742
0.33640304264179816
3.734170976278948
0.0390625
6257.782857142856
3.948750578934001
143.21205357142858
0.15983488121811223
4.671870017538265
376.8125
0.41322046396683676
5.345982142857143
44.154017857142854
258.375
9.673673115079366
0.29296875
0.05342724544348163
0.18985714078331398
0.031062696946372516
