1.0
1.0
1.0
40.0
30.0
1.0
226.83416666666668
140.0
255.0
1.0
1.0
1.0
40.0
30.0
1.0
0.0
0.0
0.0
40.0
30.0
1.0
785.0
2.0
18.580891719745225
14.8
0.0
18.580891719745225
14.8
0.0
0.7916989920234276
0.0
0.0
47.78609523800338
40.0
30.0
49.4064773081425
49.4064773081425
723.6666666666666
37.83220343266279
0.23069560074023387
1689.6776421039965
2.334883890516808
785.0
228.0
255.0
47353427.0
1.2788744191276757
17.0
2.6026958280843484
255.0
9.237700515233882
245.36687898089173
250.0
219.0
36.0
7.021026844138023
245.6070783643565
-0.9458818517315273
47353427.0
0.44589395107306584
117.93164185159641
6.558893657528872
2.52069980278421
2.7054016404537604
-0.7111396966593286
1.0794246484674206
0.2599658374044618
0.6113634145793361
0.2501037849617148
0.8278089675598703
0.19510125996773225
0.315441819774145
2.0523810555331585
-0.2744742676836314
0.680707896190336
0.8759343127634173
0.9744585879107573
0.8765917829262669
0.9379671563817086
0.24147448907431127
0.46940476274961784
1.7765338288060164
0.33484762146797054
103.55554047213967
0.3869359053622569
0.47627662276801275
5.142344542235695
17.540305109857684
129.51122403829402
2.923660167067331
0.33274792781690754
3.809161971745905
65.19806581092796
0.2370003123352693
0.3398089171974522
8.195519971773773
0.4796199620709276
1.8368288126103762
0.22272326063368617
19.285714285714285
0.5510204081632653
0.5306122448979592
2.5714285714285716
5044.257142857143
38762.34285714286
748.2912698412698
0.7658730158730159
7.228571428571429
0.20653061224489797
0.4491241812516052
0.47836793386977
0.4453532439437083
3.1387831059333404
0.044585987261146494
4541.216326530612
3.822686656781974
120.54140127388536
0.15355592518966288
4.933480465738976
350.0267515923567
0.3831003286137369
6.415286624203822
44.39108280254777
322.7643312101911
7.320063694267516
0.2279193205944798
0.0586897151169975
0.2233200093318762
0.032441224420031965
