1.0
1.0
1.0
40.0
30.0
1.0
235.75333333333333
147.0
255.0
1.0
1.0
1.0
40.0
30.0
1.0
0.0
0.0
0.0
40.0
30.0
1.0
907.0
1.0
22.15214994487321
15.362734288864388
0.0
22.15214994487321
15.362734288864388
0.0
0.7813037116810201
0.0
0.0
43.1163319058702
40.0
30.0
47.80167361086848
47.80167361086848
857.75
33.686950152127174
0.22843239426900253
1911.1740968020952
2.2281248578281496
907.0
232.0
255.0
56007803.0
1.0275548171159192
11.0
3.4817453655884343
255.0
7.472863882409148
248.3274531422271
254.0
223.0
32.0
5.023961927424155
248.4966995803271
-1.3326712886703025
56007803.0
0.5356950534188942
84.08571821031815
7.363359782184487
2.6847293181677525
1.4972507786073406
-0.665304701115591
0.7813622638497442
0.1593192582891384
0.6608196193984569
0.15807547719461104
0.6296046080389661
0.13366535884581687
0.44787159973639
1.5654528681433582
-0.35098980138618663
0.6923564555385449
0.9210866395121472
0.984125479452372
0.9211695582517824
0.9605433197560735
0.15698716873689958
0.624457596798943
1.4032106791254926
0.2351703805347206
96.68154917574873
0.45958719854024527
0.3463382653428839
5.577280976028156
46.30707321730406
386.5887286370332
6.035719540062981
0.253712929237767
3.9716071404851854
37.961444040468734
0.17519494533146648
0.2312568908489526
25.888601008295385
0.3727348694942764
1.5730739338128303
0.13723589838223646
9.7
0.485
0.55
2.8
18486.55
156384.55
2332.3833333333337
0.7166666666666667
8.8
0.44
0.6571521740782463
1.062807840330042
0.6114862154450137
2.1709505944546654
0.022050716648291068
16429.927499999998
3.0774791619479687
230.5986769570011
0.2542433042524819
3.979721606663352
485.8754134509372
0.26453566466378736
7.213891951488423
55.10143329658214
435.8445424476295
7.812262648536078
0.17175058189391154
0.04051918926948459
0.18739147043112234
0.01869607875971247
