1.0
1.0
1.0
40.0
30.0
1.0
227.09166666666667
133.0
255.0
1.0
1.0
1.0
40.0
30.0
1.0
0.0
0.0
0.0
40.0
30.0
1.0
817.0
2.0
21.42472460220318
14.827417380660954
0.0
21.42472460220318
14.827417380660954
0.0
0.7634645577519531
0.0
0.0
45.441071165018215
40.0
30.0
49.4064773081425
49.4064773081425
763.8333333333334
34.69264730077566
0.2327794597619667
1735.955306704568
2.272688597038492
817.0
226.0
254.0
48071481.0
1.1804079010180968
15.0
2.36479342081898
255.0
8.247156132910057
242.36352509179926
245.0
219.0
36.0
6.379748234154134
242.56756178810008
-0.6700385451046982
48071481.0
0.5113567414594098
98.94373690053321
5.1481357677902615
2.2380931647940074
1.749468535398327
0.27264291730277457
0.8303569236172481
0.2740945692883895
0.5041386631463752
0.26710767790262174
0.8474066149221529
0.20023043049769249
0.346895771763526
2.0041449085801273
-0.20147439110595272
0.5857135203729814
0.867144850187266
0.9729130149812734
0.8676106429463171
0.933572425093633
0.2609941479400749
0.537129213483146
1.7131675021395214
0.2761128732264094
109.08393628442522
0.3907247960257107
0.47014012522107385
4.859201612911602
18.38314879824479
89.69449606764462
4.332780020005841
0.3547113013263305
3.8083387381063436
66.320162437541
0.23312967439619836
0.3402692778457772
8.851862355969878
0.4652917327327176
1.841884093594005
0.2333619484504995
27.653061224489797
0.5643481882548937
0.6988754685547689
2.979591836734694
5886.102040816327
24604.836734693876
1443.7426303854875
0.7545351473922902
13.938775510204081
0.28446480633069554
0.5129474734369209
1.1098375511172043
0.4380378877028961
2.9301236254983523
0.05997552019583843
5608.097459391919
3.7624494655395795
124.7796817625459
0.15272910864448702
4.839570389924028
417.77845777233784
0.302659669297921
5.129742962056303
44.250917992656056
230.03059975520196
9.784781721746226
0.2667618659050728
0.06637264091229675
0.23567145877798965
0.038875297066091594
