1.0
1.0
1.0
40.0
30.0
1.0
244.20666666666668
187.0
255.0
1.0
1.0
1.0
40.0
30.0
1.0
0.0
0.0
0.0
40.0
30.0
1.0
982.0
1.0
17.684317718940935
14.434826883910388
0.0
17.684317718940935
14.434826883910388
0.0
0.7567498095366426
0.0
0.0
46.09984175704859
40.0
30.0
48.82622246293481
48.82622246293481
930.9166666666666
34.886046469315886
0.22293439715030292
2068.1446595505804
2.2216216913979916
982.0
241.0
255.0
61583960.0
0.8891123043952518
7.0
3.60320074392442
255.0
4.567842343444731
250.36048879837068
253.0
234.0
21.0
3.212533967689472
250.42521882596526
-1.2937811377956938
61583960.0
0.5748711014140475
32.41587267349978
3.1008114182980724
1.7238262019246398
0.9666384301613089
-0.524548750039063
0.6581108582069352
0.14133437495169437
0.6452851548925558
0.14133437495169437
0.5830430748479798
0.12053077601407149
0.47974660740661373
1.4051563702574659
-0.34610777530382814
0.6598087129378594
0.9293328125241529
0.971733125009661
0.9293328125241529
0.9528885416827685
0.14133437495169437
0.6531590144487927
1.2638219953057717
0.19986130828965737
106.27205127620715
0.506393369493218
0.246803315253391
2.338852814086459
51.678303628493715
187.8372272208048
17.638572730415937
0.6652867964783853
4.031883187083649
33.718159470729326
0.1533673382309951
0.21384928716904275
27.50827622711486
0.3341157340130337
0.6103682395686738
0.26505260762412364
7.461538461538462
0.5739644970414202
0.21301775147928992
1.9230769230769231
31457.384615384617
118557.76923076923
9682.288461538461
0.7692307692307693
1.6153846153846154
0.1242603550295858
0.1075527736657674
0.1588917832443387
0.09471802127112458
3.3927474104487807
0.013238289205702648
25751.325443786987
3.069655412491767
253.61914460285132
0.25826796802734353
3.6047511002526127
564.5234215885947
0.2125644492929762
3.080448065173116
56.73727087576375
191.75254582484726
22.983452138492872
0.479887983706721
0.02796292479804021
0.07145393234045522
0.017090172912436453
