1.0
1.0
1.0
40.0
30.0
1.0
214.31583333333333
89.0
255.0
1.0
1.0
1.0
40.0
30.0
1.0
0.0
0.0
0.0
40.0
30.0
1.0
962.0
2.0
21.563409563409564
15.653846153846153
0.0
21.563409563409564
15.653846153846153
0.0
0.8163428090421759
0.0
0.0
43.482525691282234
40.0
30.0
49.4064773081425
49.4064773081425
911.8333333333334
35.49664716706992
0.22578926490192122
2013.9923245617872
2.2087285591977195
962.0
217.0
253.0
52798425.0
1.3227260674474905
13.75
4.718957306036956
255.0
10.283610893798004
233.83471933471932
235.0
185.0
70.0
6.324450721029067
234.2733823367855
-1.064727335215379
52798425.0
0.5222293299216375
205.34170517070723
9.235760551534426
2.9966003207183114
7.4859698848684975
-0.8082739338959867
1.2366399895117515
0.21233219482285773
0.7056348195277043
0.1893014110851835
0.7297811980132942
0.17557240529590262
0.44704708068870874
1.944479949995139
-0.4085642523120454
0.7906379636714442
0.9076523728311756
0.9879162964881438
0.9091877584136872
0.9629074105742191
0.16914947531471858
0.6520691670197666
1.7171190427284495
0.36224304608365226
69.8019553528754
0.2953407487894604
0.8555972591338759
7.273695525182459
48.55441945684913
458.3378612833523
5.637655922957915
0.28651408290185026
4.22487488081836
63.99320369512375
0.2676089841158616
0.24480249480249483
30.883865390063242
0.5305099952971319
2.8156137532363643
0.21806870778002882
14.25
0.35625
0.8775000000000001
4.3
11242.45
103087.125
1244.1449652777778
0.5395833333333333
6.95
0.17375
0.3996325993508675
0.9611009428346211
0.2685499688223937
3.934183719779182
0.04158004158004158
10664.047500000002
3.3668688330314667
267.25155925155923
0.2778082736502695
5.5762336781047805
502.38461538461536
0.43667363989609315
9.109147609147609
55.16008316008316
539.8451143451143
6.248043716793717
0.15994600369600367
0.05067371286121286
0.2841159580891724
0.021027886199637188
