1.0
1.0
1.0
40.0
30.0
1.0
231.26833333333335
127.0
255.0
1.0
1.0
1.0
40.0
30.0
1.0
0.0
0.0
0.0
40.0
30.0
1.0
1035.0
1.0
21.457971014492752
15.703381642512078
0.0
21.457971014492752
15.703381642512078
0.0
0.743706732335038
0.0
0.0
44.76391522587765
40.0
30.0
49.4064773081425
49.4064773081425
995.9166666666666
33.291225119160124
0.22538762571299112
2139.7813079997786
2.1485545725041706
1035.0
224.0
255.0
60117533.0
1.271273863568766
17.0
2.8722895650334097
255.0
9.29561950103853
240.73719806763285
242.0
207.0
48.0
7.685587833955759
241.007412638823
-0.6647427890305515
60117533.0
0.47515414595439803
130.17441340521367
5.086880257064827
2.1942538306272037
3.866850531386576
0.0601095915095714
1.21279931041555
0.12441593671201964
0.8138298508831776
0.12441593671201964
0.5367968063467421
0.10819671000701345
0.39058100495220527
1.8245226773614704
-0.537170186162137
0.8564610816099142
0.9377920316439902
0.987558406328798
0.9377920316439902
0.9688960158219951
0.12441593671201964
0.5657191287319683
1.7001067406494514
0.33430381178189233
70.49605794658102
0.3856641937957111
0.48080832168371324
4.336738680603131
77.90799133261118
400.50236775690524
18.510968871262783
0.4138184503106668
4.673896463292105
24.238457589564863
0.12691133501478286
0.1756038647342995
38.520830679140275
0.2790198034231913
0.9200607197974858
0.15981680174141205
3.2222222222222223
0.35802469135802467
0.7654320987654322
4.333333333333333
49887.444444444445
229709.44444444444
12243.796296296296
0.537037037037037
1.2222222222222223
0.13580246913580246
0.12554988453485436
0.13417666270477216
0.12453618291142796
3.1699250014423095
0.008695652173913044
36662.444444444445
3.239340901980537
348.4705314009662
0.33668650376904946
3.232247193633457
491.7845410628019
0.34593479427757945
5.067632850241546
60.91884057971014
322.20386473429954
15.271229200214707
0.28797638217928073
0.024533194302949306
0.10699196216328721
0.010120304732347998
