1.0
1.0
1.0
40.0
30.0
1.0
195.18166666666667
116.0
253.0
1.0
1.0
1.0
40.0
30.0
1.0
0.0
0.0
0.0
40.0
30.0
1.0
653.0
1.0
17.545176110260336
14.249617151607962
0.0
17.545176110260336
14.249617151607962
0.0
0.7472300674634772
0.0
0.0
50.59450525204214
40.0
30.0
49.4064773081425
49.4064773081425
592.75
37.805735572764696
0.23964744761612128
1423.9421915080736
2.4022643467027813
653.0
199.0
241.0
32107818.0
1.4710321683045917
28.0
1.866855715391109
253.0
13.471028988600146
221.19448698315466
223.0
193.0
60.0
10.824940641076376
221.74243160124973
-0.14555292452063412
32107818.0
0.39647146284435836
242.70490069393466
6.252495638943219
2.442841658346829
4.952244705936629
-0.7644172797799166
1.4389109050127304
0.2993009133921313
0.6550760801725832
0.2864810601809925
0.8913644730036825
0.21490611437519266
0.26117444249284727
2.3981173804307985
-0.2893764736488486
0.7380084971417646
0.8580414552306177
0.9826202966218358
0.8588961121113603
0.9431311164041728
0.27526368862124606
0.403210663209036
2.075233413986881
0.4345529546012155
88.50756229487456
0.35074737893969404
0.5859890166530498
5.036932291273656
13.929925855653327
98.47098770643827
2.664135388651874
0.3738967398473422
3.7825388092105596
67.71572593255948
0.26064071386483845
0.3859111791730475
6.511854457513156
0.49408852782788115
1.9439662167733813
0.24644261081499808
16.28205128205128
0.4174884944115713
0.8888888888888888
3.6666666666666665
1889.7692307692307
13361.23076923077
323.2526709401709
0.6636396011396011
6.384615384615385
0.16370808678500987
0.38438082598934736
1.2658735725493249
0.3200293631436358
3.806853801440522
0.05972434915773354
1609.421433267587
4.098402763172147
91.28177641653905
0.13978832529332166
4.612594949918975
258.895865237366
0.4827806167318232
6.073506891271057
39.57274119448698
274.6156202143951
7.557650587034201
0.2705355623617492
0.06665758884802858
0.2813533365107146
0.036568758925733906
