1.0
1.0
1.0
40.0
30.0
1.0
236.5675
168.0
255.0
1.0
1.0
1.0
40.0
30.0
1.0
0.0
0.0
0.0
40.0
30.0
1.0
1014.0
1.0
18.54043392504931
13.913214990138068
0.0
18.54043392504931
13.913214990138068
0.0
0.7146570818097883
0.0
0.0
45.49869652808408
40.0
30.0
49.4064773081425
49.4064773081425
966.4166666666666
32.515965686909716
0.22192692141375053
2130.020303897603
2.204039290055293
1014.0
232.0
249.0
58991548.0
0.31622500786429164
10.0
2.2746149238267623
255.0
5.331411520760634
241.11439842209072
242.0
227.0
28.0
4.155485741112759
241.1992309969718
-0.34946317238411584
58991548.0
0.8921450773976947
40.915907083863395
1.161137631912197
1.0612218430730953
0.5079009165095939
0.28489773642805716
0.18483337904853595
0.04505579461417727
0.6090892142844164
0.04505579461417727
0.2637830853384853
0.042953409493658445
0.842102003674985
0.5423163584383693
-0.36870189075974247
0.46316287937506173
0.9774721026929114
0.9909888410771645
0.9774721026929114
0.9849814017952743
0.04505579461417727
0.9162502596198161
0.4972605638241924
0.05747229341567829
84.9132158033062
0.7011375512438651
0.14943122437806744
1.5497926688869765
142.56882913967524
148.21522212809447
141.15723089257045
0.8625518327782558
4.54380486738151
8.896451601731448
0.07119722888093032
0.11883629191321499
59.62992762973893
0.18036677107773
0.37329566766255073
0.13213454693152482
4.333333333333333
0.7222222222222222
0.13888888888888887
3.5
152516.33333333334
153097.33333333334
152371.08333333334
0.375
1.0
0.16666666666666666
0.18232416460812942
0.729296111348258
0.04558117792309729
2.5849625007211543
0.005917159763313609
123955.33333333331
1.9958754795290607
441.465483234714
0.4353702990480414
2.1829728962182307
904.6351084812624
0.053927461301152696
1.1715976331360947
66.97435897435898
73.77909270216962
65.2731755424063
0.9571005917159763
0.019382628928187536
0.028438314373525
0.017118707566853172
