1.0
1.0
1.0
40.0
30.0
1.0
207.92583333333334
125.0
255.0
1.0
1.0
1.0
40.0
30.0
1.0
0.0
0.0
0.0
40.0
30.0
1.0
848.0
1.0
21.30306603773585
13.77122641509434
0.0
21.30306603773585
13.77122641509434
0.0
0.6667014668704992
0.0
0.0
49.597335411368384
40.0
30.0
49.4064773081425
49.4064773081425
794.8333333333334
33.06661627162746
0.23048490633332083
1800.358591944026
2.2650768613260968
848.0
203.0
248.0
42785578.0
1.5183129069170782
24.0
2.070822908955381
255.0
13.450894446422216
224.0495283018868
222.0
197.0
58.0
10.466679778479376
224.62121680227773
0.2734241739192485
42785578.0
0.4013661445354219
256.4999054378782
6.741213405727759
2.521307867476609
7.617379084700834
1.2722612811923801
1.7099294941935024
0.17306787673063084
0.8160201219695256
0.17306787673063084
0.661424352530768
0.14246559598830677
0.3040075233803567
2.200464556752306
-0.4966682893277381
0.8737341658621163
0.9134660616346846
0.989819536662904
0.9134660616346846
0.9653864246538737
0.17306787673063084
0.44169198950617133
2.0273966800216754
0.47074934273103325
71.05603363441736
0.32653151744746456
0.7213912752782126
6.360347951024488
31.852030620492222
213.83987481567857
5.971001355246588
0.29366147928479175
4.475184226364034
36.62425299695831
0.16421062606145595
0.25589622641509435
15.309778679782232
0.35277757845193797
1.8732428638608223
0.16677882455373183
13.206896551724139
0.45541022592152197
1.2461355529131986
4.586206896551724
8843.034482758621
47862.41379310345
1882.1958812260536
0.662595785440613
5.482758620689655
0.18906064209274673
0.4316406860466459
0.7707577522845479
0.3946569928649424
3.367660962407787
0.03419811320754717
7987.976218787158
3.886420505826476
173.81132075471697
0.20496618013527945
3.985982556069776
340.35849056603774
0.5046947312210751
6.731132075471698
52.32783018867924
358.74528301886795
9.641509433962264
0.21359080188679244
0.04296637531672347
0.20768275646430834
0.021874113316018517
