1.0
1.0
1.0
40.0
30.0
1.0
254.8475
254.0
255.0
1.0
1.0
1.0
40.0
30.0
1.0
0.0
0.0
0.0
40.0
30.0
1.0
1017.0
1.0
20.458210422812193
14.456243854473943
0.0
20.458210422812193
14.456243854473943
0.0
0.7572011124952779
0.0
0.0
48.78768499973436
40.0
30.0
49.4064773081425
49.4064773081425
971.0
36.94208935786804
0.22404257536563643
2116.5720403805826
2.1797858294341736
1017.0
255.0
255.0
66130425.0
-3.203426503814917e-16
0.0
0.0
255.0
0.0
255.0
255.0
255.0
0.0
0.0
255.0
0.0
66130425.0
1.0
0.0
1.0
1.0
0.0
0.0
0.0
0.0
1.0
0.0
-3.203426503814917e-16
0.0
1.0
-3.203426503814917e-16
0.0
0.0
1.0
1.0
1.0
1.0
0.0
1.0
-3.203426503814917e-16
0.0
71.5
1.0
0.0
1.0
349.4094207554057
349.4094207554057
349.4094207554057
1.0
3.614213674336441
8.391839114900199
0.13329173998776195
0.07030481809242871
85.75604392502356
0.025253578335696684
0.025253578335696684
0.025253578335696684
1.0
1.0
0.0
1.0
1034289.0
1034289.0
1034289.0
1.0
1.0
1.0
9.668477572515998e-07
9.668477572515998e-07
9.668477572515998e-07
-3.203426503814917e-16
0.0009832841691248771
0.0
0.9576040157697321
675.1455260570305
0.6638599076273652
1.3690119492714319
1017.0
0.0
1.0
72.5614552605703
72.5614552605703
72.5614552605703
1.0
0.015314206858314177
0.015314206858314177
0.015314206858314177
