1.0
1.0
1.0
40.0
30.0
1.0
232.3175
171.0
255.0
1.0
1.0
1.0
40.0
30.0
1.0
0.0
0.0
0.0
40.0
30.0
1.0
821.0
1.0
20.577344701583435
15.427527405602923
0.0
20.577344701583435
15.427527405602923
0.0
0.6497644633041377
0.0
0.0
53.439108060124035
40.0
30.0
49.4064773081425
49.4064773081425
776.1666666666666
34.72283336813831
0.23627710018550305
1728.6184765738478
2.2271227956716957
821.0
232.0
252.0
48826547.0
0.7189951812571531
9.0
2.8766178713068657
255.0
5.680891815186316
243.76492082825823
245.0
226.0
29.0
3.9806301720312183
243.8689046002747
-0.8261777422708375
48826547.0
0.6817582313242072
50.70600453088166
1.5487911703137764
1.200544570148838
0.9978502152566338
0.5780638731899249
0.5355914226465196
0.10568508026547505
0.6701457795732673
0.10568508026547505
0.48321065832839466
0.09404366709640552
0.5853180814475971
1.166646986872044
-0.38612043153299397
0.6490855191637119
0.9471574598672624
0.978862983946905
0.9471574598672624
0.9647716399115083
0.10568508026547505
0.7466128897184245
1.0609619066065692
0.16031912572799867
82.91089971820526
0.5487840487632755
0.22560797561836224
2.0338702315013117
56.00544961684031
73.2840896383753
51.685789611456556
0.7415324421246721
4.281307271589557
16.367596600317345
0.10387901946794363
0.18422655298416565
22.722646338262663
0.20260691375759166
0.5321548165534262
0.12021993805863297
6.25
0.78125
0.109375
3.625
55376.375
59144.0
54434.46875
0.34375
1.25
0.15625
0.06565564188742141
0.2626217014268671
0.016414127002559988
2.7499999999999973
0.0097442143727162
44844.484375
2.8418398074904823
236.43970767356882
0.28798989972420075
2.8412752339991187
559.7235079171742
0.15912088433789634
1.5956151035322776
59.48477466504263
86.23629719853837
52.7968940316687
0.8510962241169305
0.02337739051952265
0.04540444305118628
0.017870627386606736
