1.0
1.0
1.0
40.0
30.0
1.0
181.92833333333334
81.0
255.0
1.0
1.0
1.0
40.0
30.0
1.0
0.0
0.0
0.0
40.0
30.0
1.0
742.0
2.0
19.505390835579515
16.340970350404312
0.0
19.505390835579515
16.340970350404312
0.0
0.7172485181128218
0.0
0.0
48.94391543500154
40.0
30.0
47.70744176750625
47.70744176750625
680.6666666666666
35.10495081639412
0.23371101268396596
1601.1349441424265
2.3523040315510677
742.0
185.0
227.0
31903373.0
1.4404853563817672
25.0
2.4339727615439584
255.0
14.067650627356672
206.67520215633422
207.0
175.0
80.0
10.563313496572759
207.35587661972147
0.17174121790259808
31903373.0
0.4024273290661939
281.82038237153176
3.584161741025705
1.809341216407595
6.055067642000198
0.6863445878358525
1.5247943590610005
0.2830699445553475
0.6869131206989995
0.2782574638683487
0.860847964397222
0.20333632529003237
0.242541354976852
2.4305485448248985
-0.3146339695811458
0.765764212718024
0.8613525161345256
0.9834337529206325
0.8616733481803255
0.9445089232492303
0.2740465432672247
0.39247010853111575
2.1351587593229633
0.4519660759040869
104.9058560379035
0.381602742572854
0.5294092031576716
3.544511854471381
14.87299162675535
51.64702601728476
7.370464530627615
0.5456579199984148
3.8680036879923843
75.15823669785604
0.2648497641164736
0.37061994609164417
7.008718815662829
0.515445667570646
1.7401935193747624
0.31594005352070137
12.176470588235293
0.35813148788927335
0.9039792387543253
4.5588235294117645
2515.823529411765
8747.70588235294
1070.9503676470588
0.5524918300653594
4.411764705882353
0.12975778546712802
0.20800084977122868
0.9759979230203851
0.11877184820213277
4.075510724880724
0.04582210242587601
2039.5570934256057
4.288235267460286
103.46361185983828
0.13943882999978205
4.955645483540514
298.60107816711593
0.4571384979766203
3.5741239892183287
41.37735849056604
148.4043126684636
20.069903039832287
0.5086010032943995
0.055136896739828
0.20077856907712668
0.03214301743111918
