1.0
1.0
1.0
40.0
30.0
1.0
247.43666666666667
196.0
255.0
1.0
1.0
1.0
40.0
30.0
1.0
0.0
0.0
0.0
37.0
30.0
1.0
941.0
2.0
15.701381509032943
13.270988310308184
0.0
15.701381509032943
13.270988310308184
0.0
0.7776053730145094
0.0
0.0
40.8782462682827
37.0
30.0
47.01063709417264
47.01063709417264
904.3333333333334
31.787143937626944
0.23234180763923673
1946.446419741676
2.152355053160718
941.0
248.0
255.0
60422763.0
0.5446821620040991
1.0
7.792012060747588
255.0
2.403690197756928
253.3740701381509
255.0
240.0
15.0
0.9393130001261459
253.39933956552116
-2.4174473242759453
60422763.0
0.7806525492924183
12.80587386968213
3.655184304641558
1.8923860201486258
0.8867622717955764
-0.49915233504936496
0.34015384502378665
0.04394751160863938
0.7700286275292381
0.04394751160863938
0.2586644727960652
0.04193536979784799
0.766013951885939
0.7181703981814116
-0.5408892892235987
0.6407365723563473
0.9780262441956802
0.9912104976782721
0.9780262441956802
0.9853508294637869
0.04394751160863938
0.8704122643443062
0.6742228865727726
0.09602533915810652
49.116304248766376
0.5108951314917909
0.24455243425410456
2.662602915566486
207.83897710842552
812.0078308133859
56.79676368218544
0.5843492711083785
4.15119892364624
9.755411951653892
0.10382841282139872
0.10201912858660998
97.74119414717946
0.252944384087516
0.447594760778078
0.2042817899148754
4.142857142857143
0.5918367346938775
0.20408163265306123
1.8571428571428572
97355.85714285714
386232.28571428574
25136.75
0.7857142857142857
1.0
0.14285714285714285
0.1828875216271044
0.29003101459393743
0.1561016483853961
2.807354922057602
0.007438894792773645
79284.8163265306
1.761187376401014
532.0329436769395
0.5653910134717741
2.3732141062315284
734.5940488841658
0.10967372535379076
3.623804463336876
69.34856535600426
261.7024442082891
21.26009564293305
0.3440488841657811
0.019932798462794415
0.06192260341772007
0.009435347224063003
