1.0
1.0
1.0
40.0
30.0
1.0
224.74
106.0
255.0
1.0
1.0
1.0
40.0
30.0
1.0
0.0
0.0
0.0
40.0
30.0
1.0
948.0
1.0
19.835443037974684
14.90084388185654
0.0
19.835443037974684
14.90084388185654
0.0
0.6758071761711324
0.0
0.0
50.48025986676373
40.0
30.0
49.4064773081425
49.4064773081425
893.5
34.114921872942546
0.22389763477049565
2003.6921187513024
2.242520558199555
948.0
221.0
252.0
54473082.0
1.1646095025218541
12.0
3.988634902130019
255.0
8.794904662714305
239.43037974683546
242.0
205.0
50.0
5.811331496114328
239.71036056463083
-1.2024164194806313
54473082.0
0.5414196442877744
134.1502163114886
4.535496348770253
2.0898427622445066
2.687612335359078
0.222792417292312
0.866914506869568
0.19473616545656244
0.6330167314008102
0.19413879389144895
0.7089637646725784
0.15633131089524904
0.4256814118237449
1.8513069480518538
-0.3141159973044708
0.7015032902341536
0.9029903402107868
0.9805539544496567
0.9030301649817944
0.9514951701053934
0.1936160937719746
0.629735906316325
1.6543464948774802
0.2654126680815326
96.44402255351017
0.37876890845244193
0.4944427491301929
4.078090198930811
28.653132382521136
128.5576203519862
7.4188117748820055
0.45256687939777906
4.170250134831242
47.63514964901292
0.18392070217146858
0.2679324894514768
13.761650771876111
0.41067915443873393
1.3406463030885567
0.2592682257266757
10.090909090909092
0.45867768595041325
0.8347107438016528
3.8181818181818183
10642.545454545454
44196.72727272727
2687.333333333333
0.648989898989899
2.4545454545454546
0.1115702479338843
0.28994164739532047
1.0480911110253155
0.20570247822466137
3.9139770731827466
0.023206751054852322
8785.719008264461
3.5152619850159197
191.85654008438817
0.20238031654471328
4.3950310669586425
513.2658227848101
0.2927949580729584
4.4978902953586495
51.40717299578059
240.20464135021098
13.124824191279888
0.31774496015002346
0.038608767160950956
0.1471912686585808
0.019955365554382317
