1.0
1.0
1.0
40.0
30.0
1.0
200.17166666666665
139.0
248.0
1.0
1.0
1.0
40.0
30.0
1.0
0.0
0.0
0.0
40.0
30.0
1.0
719.0
2.0
19.739916550764953
16.030598052851182
0.0
19.739916550764953
16.030598052851182
0.0
0.7712336476406906
0.0
0.0
44.80224084573567
40.0
30.0
49.4064773081425
49.4064773081425
662.75
34.55299562993346
0.23649453728104736
1554.4001704332368
2.3453793593862495
719.0
201.0
237.0
34472000.0
1.224965247233766
18.5
2.160366768635491
248.0
10.39136414545778
218.6008344923505
219.0
196.0
52.0
7.966900365588414
218.96202222448125
0.12879625433869601
34472000.0
0.4806610169819386
158.04233588220387
5.505601361373632
2.3044865286171197
1.999760019392759
0.19806436214083076
0.9908539048666606
0.21115758598737952
0.6486934811616817
0.20951824172508443
0.7435441708219386
0.16681588443153011
0.3434689032910173
1.9488382977448473
-0.3296529812747918
0.7299883637892584
0.8954048135636872
0.9789599034441372
0.8955141031811735
0.9477024067818437
0.20808381549557625
0.5028265113697625
1.7330398422052533
0.30050287271351
91.69828451052553
0.40865432054070283
0.44242088427533566
4.65476468456235
19.600632572701212
113.65042107006737
4.107805637054457
0.36316068071126445
3.8811968142701794
46.848886193821784
0.2059541766936396
0.3111961057023644
8.847057855533434
0.4289599248187251
1.5196950918861085
0.23286534775489698
25.097560975609756
0.6121356335514575
0.6365258774538964
2.707317073170732
5135.1463414634145
23632.878048780487
1199.9546070460706
0.7899728997289972
15.292682926829269
0.3729922665080309
0.6302412724153026
1.0527790427123787
0.5831671120908867
2.4888380871949707
0.05702364394993046
4827.614515169542
3.746220128387201
119.21696801112657
0.16580941308918853
4.647665878083647
345.5952712100139
0.325355297594983
5.401947148817802
47.03337969401947
273.08762169680114
9.612695101220831
0.25649049605934165
0.06619892549560905
0.20841152734982624
0.04319425649473031
