1.0
1.0
1.0
40.0
30.0
1.0
222.25583333333333
155.0
254.0
1.0
1.0
1.0
40.0
30.0
1.0
0.0
0.0
0.0
40.0
30.0
1.0
648.0
3.0
21.97685185185185
16.557098765432098
0.0
21.97685185185185
16.557098765432098
0.0
0.586979693694094
0.0
0.0
43.126855710002225
40.0
30.0
45.17742799230607
45.17742799230607
610.0
25.31458855464649
0.2546189012801276
1366.0922935971246
2.239495563273975
648.0
225.0
251.0
37321681.0
1.1798905352803728
18.0
1.7351529868486988
254.0
8.76324588477366
239.7854938271605
242.0
221.0
33.0
7.416233535065858
239.9899721413273
-0.3156097209635086
37321681.0
0.5208238073464411
98.10367845983843
5.054503593431774
2.2048130839289417
2.2556733574201324
0.4270688298440339
0.9273122002260451
0.15433228492289394
0.7143030107613619
0.15433228492289394
0.6166629995668239
0.12981729756192287
0.42758794443932924
1.7256820097903651
-0.4348998125059987
0.782302611562728
0.9228338575385531
0.9845667715077107
0.9228338575385531
0.9614169287692765
0.15433228492289394
0.6104164573610983
1.5713497248674717
0.27041112128723477
60.56054068214853
0.3995860558916513
0.4534258354846893
3.8784758138119866
43.22259534338905
221.1119737172789
9.889277137803226
0.4623788718746127
3.9179015651702676
29.042917715668075
0.1881016467103855
0.2334104938271605
22.885244596022364
0.42090285779009184
1.0161663086862545
0.31136094847468826
18.40740740740741
0.6817558299039781
0.4307270233196159
2.111111111111111
7298.592592592592
33337.62962962963
1715.0884773662551
0.845679012345679
5.962962962962963
0.22085048010973937
0.46176537004288365
0.6101792785254441
0.44523985359896967
2.7990121204162897
0.041666666666666664
6722.592592592592
3.33078589962387
163.75617283950618
0.25271014327084285
4.91757163542143
337.4938271604938
0.3012021795458009
4.929012345679013
55.79320987654321
295.89506172839504
12.280092592592593
0.2818072702331962
0.04962436384876311
0.14294895927621165
0.032974882063800094
