1.0
1.0
1.0
40.0
30.0
1.0
230.58416666666668
138.0
255.0
1.0
1.0
1.0
40.0
30.0
1.0
0.0
0.0
0.0
40.0
30.0
1.0
948.0
1.0
19.58016877637131
15.396624472573839
0.0
19.58016877637131
15.396624472573839
0.0
0.708818765729803
0.0
0.0
46.37871888023033
40.0
30.0
49.4064773081425
49.4064773081425
896.6666666666666
32.87410627281437
0.22438568847753382
2004.0550828100997
2.2350056685614494
948.0
228.0
251.0
54667202.0
0.8993646681249445
11.0
2.777071325118345
255.0
6.7337499332371955
239.9873417721519
241.0
218.0
37.0
4.8648033437771865
240.13709603998038
-0.422952967505482
54667202.0
0.6615860171980986
71.90068365112427
4.563190810395765
2.1166743546541675
1.2383222755797356
0.34217805547819813
0.5155509912125023
0.18406004755300734
0.4739827717078269
0.18406004755300734
0.6845130450573672
0.14928261007523694
0.5360995916156427
1.4968678309470924
-0.19829668390734798
0.5189365808284031
0.9079699762234964
0.9815939952446993
0.9079699762234964
0.9539849881117481
0.18406004755300734
0.7194465606678979
1.3128077833940859
0.17490275969137742
100.30610583018534
0.40964183987681774
0.4411586722223627
4.606883466059179
40.43356677930186
171.14940136939157
10.052140346998202
0.3678527693511295
4.0416634997736605
51.05036130996126
0.20529861633503654
0.2568565400843882
23.84883604626556
0.4441043183424659
1.8042096487810004
0.23208539621920218
24.318181818181817
0.5526859504132231
0.827995867768595
3.4318181818181817
13096.772727272728
52725.38636363636
3266.993055555555
0.7203282828282828
9.954545454545455
0.2262396694214876
0.4618173559272604
0.7904974191854541
0.42529733237346345
3.186704345910019
0.046413502109704644
12632.566115702479
3.2095629288509904
200.94725738396625
0.21196968078477452
4.7986789866296355
627.1835443037975
0.19417628051060193
4.543248945147679
53.0337552742616
235.93143459915612
12.785191045475855
0.2735876699484294
0.05159751274513556
0.17526123175868252
0.030529382502065352
