1.0
1.0
1.0
40.0
30.0
1.0
183.28416666666666
113.0
252.0
1.0
1.0
1.0
40.0
30.0
1.0
0.0
0.0
0.0
40.0
30.0
1.0
544.0
4.0
20.705882352941178
13.988970588235293
0.0
20.705882352941178
13.988970588235293
0.0
0.629038567029242
0.0
0.0
48.74930843476599
40.0
30.0
49.4064773081425
49.4064773081425
481.6666666666667
30.66519512147174
0.24761235146391053
1200.0782044418243
2.491511843131815
544.0
194.0
244.0
26997550.0
1.5680451954042687
33.0
1.8697225245073814
252.0
15.891868512110728
222.01470588235293
226.0
187.0
65.0
12.870866689871214
222.7730891842771
-0.33625686913225217
26997550.0
0.3765881812283737
337.31963667820065
6.478194305063249
2.4886531754760117
6.578225139214017
-1.2553422398244645
1.6106254489626823
0.47362175124761946
0.5441494485648486
0.4158240055442167
1.096117736722769
0.2947431875200105
0.23425240924436305
2.6656581287163768
-0.18618804245844003
0.6311883651477537
0.797867771798232
0.9731598572037296
0.8017209548451254
0.9187617904146035
0.3652509780537393
0.4243148239813055
2.1692987085576334
0.5210618000525753
87.47277249579741
0.3240288708817094
0.6863325450007273
5.090719973784895
8.44576046938822
63.976921346378134
1.6534213650682053
0.4038204821200194
3.390870150578804
107.89436765900804
0.3916770268287465
0.4958639705882353
4.127000921659983
0.6447862010393108
2.700660861308486
0.31675725670261706
26.084745762711865
0.44211433496121805
0.7497845446710714
3.288135593220339
721.3220338983051
5997.28813559322
100.70209510357816
0.6751412429378532
12.864406779661017
0.21804079287561046
0.46955160198896717
0.9264806658739241
0.3874917244210306
3.707723333601411
0.10845588235294118
636.3073829359379
4.10605473332131
68.6654411764706
0.1262232374567474
5.112875756920415
204.8639705882353
0.6056985294117646
6.2463235294117645
30.44485294117647
234.98529411764707
5.460746017156862
0.3008450776143791
0.10962650222125889
0.3926846739853349
0.0659493527188396
