1.0
1.0
1.0
40.0
30.0
1.0
242.39583333333334
173.0
255.0
1.0
1.0
1.0
40.0
30.0
1.0
0.0
0.0
0.0
40.0
30.0
1.0
1092.0
2.0
20.274725274725274
13.71062271062271
0.0
20.274725274725274
13.71062271062271
0.0
0.7015422821246964
0.0
0.0
45.66671180326248
40.0
30.0
49.4064773081425
49.4064773081425
1053.9166666666667
32.03712921559157
0.22231734907080905
2252.760128240672
2.137512575226383
1092.0
239.0
252.0
66188661.0
0.8481636883082995
6.0
4.805085398266616
255.0
4.261186920527581
246.12728937728937
247.0
226.0
29.0
2.715520209194775
246.1957085797332
-1.2687036716951205
66188661.0
0.6014974036952059
33.68434686497874
1.776551732384452
1.2844955155823172
0.9434344090549933
0.5033501257914398
0.6603288998964927
0.1538696287249992
0.6224585408114862
0.1538696287249992
0.6128969768407662
0.1290297029021289
0.4638710327871253
1.44666329484661
-0.321034629316552
0.6431682261588447
0.9230651856375005
0.9692260742550003
0.9230651856375005
0.9487101237583335
0.1538696287249992
0.6385696700551833
1.2927936661216113
0.20354963215537294
114.09916497975709
0.5230882836787741
0.2384558581606129
2.1786816801619433
53.38510458839406
78.46405195681511
47.1153677462888
0.7053295799595142
4.279429196993256
27.371103238866397
0.12007557115890005
0.19963369963369965
23.79601005930819
0.21815124765269417
0.5299774230530512
0.14019470380260493
5.888888888888889
0.654320987654321
0.1728395061728395
3.3333333333333335
73277.77777777778
84550.44444444444
70459.61111111111
0.4166666666666667
1.2222222222222223
0.13580246913580246
0.17344403460375774
0.36044227232885173
0.12669447517248422
2.947702779220087
0.008241758241758242
58555.99999999999
3.0830573411935727
290.459706959707
0.26598874263709427
2.9273906801379335
656.8351648351648
0.19925129815239703
1.8241758241758241
57.73076923076923
97.62087912087912
47.75824175824176
0.7939560439560439
0.02472333547446926
0.05062245076771721
0.018248556651157277
