1.0
1.0
1.0
40.0
30.0
1.0
220.3375
123.0
255.0
1.0
1.0
1.0
40.0
30.0
1.0
0.0
0.0
0.0
40.0
30.0
1.0
841.0
3.0
18.256837098692035
14.555291319857313
0.0
18.256837098692035
14.555291319857313
0.0
0.7483694615487207
0.0
0.0
47.52189476859533
40.0
30.0
49.4064773081425
49.4064773081425
780.25
35.56393479974866
0.2272839593391475
1803.3133165943905
2.311199380447793
841.0
217.0
255.0
47778379.0
1.4109580876603367
19.0
2.3240491367634393
255.0
10.500771263472368
237.9988109393579
239.0
209.0
46.0
8.779663096755721
238.35140027256102
-0.49580019424397936
47778379.0
0.41866669682912455
167.9560033423774
4.700993104206131
2.11031888580198
3.9925250111547435
0.12623525118610265
1.2530467579202522
0.26297531975076627
0.652581934845768
0.2538676556460441
0.8343126978619713
0.1970138423155599
0.2949834512312244
2.2479420866103617
-0.3145507999328711
0.747117981221028
0.8739769385874503
0.9741228217528335
0.8745841161944317
0.9369884692937251
0.24589844955441215
0.4864147833557452
1.967198092123125
0.3790055194177547
101.0195072563916
0.35670015408974903
0.5582480510514116
3.9486080382306987
19.561410115516892
95.67723431940114
5.221561315281398
0.49931217136447487
3.8515181617463368
73.00292759819871
0.2518624229256179
0.3370986920332937
10.284368215853341
0.4952384616722345
1.4595277359522743
0.32697326908130164
21.5
0.5972222222222222
0.576388888888889
2.5833333333333335
5931.527777777777
25275.055555555555
1481.7260802469136
0.7893518518518519
4.055555555555555
0.11265432098765432
0.29070104982514205
0.32167677238140346
0.28706127810814697
3.891061112072646
0.04280618311533888
5385.786265432099
3.9779134040028743
135.27586206896552
0.160851203411374
5.12209433025912
352.0986920332937
0.42718240699241183
4.658739595719382
44.8525564803805
228.23781212841854
11.87584225128815
0.356156691769058
0.054358064349181785
0.1658903522213924
0.035148380006609886
