1.0
1.0
1.0
40.0
30.0
1.0
210.69333333333333
107.0
255.0
1.0
1.0
1.0
40.0
30.0
1.0
0.0
0.0
0.0
40.0
30.0
1.0
868.0
1.0
19.321428571428573
14.044930875576037
0.0
19.321428571428573
14.044930875576037
0.0
0.7208213476905071
0.0
0.0
49.69862964292798
40.0
30.0
49.4064773081425
49.4064773081425
810.0833333333334
35.82383319758674
0.2269485778100661
1851.7248593262689
2.285844904013499
868.0
210.7
250.0
47268750.0
1.3984619847955524
18.0
3.057960283152744
255.0
11.623526725986963
232.90092165898616
236.0
193.0
62.0
8.053778181321844
233.36041920912
-0.8276917780243369
47268750.0
0.47553303319246537
214.24594385100556
8.565420033187577
2.890520171010375
5.449944919033527
-0.5695506100797703
1.186212215295838
0.34528327678290593
0.5491695772668215
0.30990126317276495
0.9607723152390154
0.24709044609477065
0.33268080844604975
2.3510460090228555
-0.21338513569258594
0.6443744601976733
0.8485875697746316
0.9803348975055908
0.8508625905211165
0.9391895729435917
0.27973325833866075
0.55103495635641
1.971408429423442
0.382873873019686
106.19319341416909
0.331221594951971
0.6829437725708678
7.383400614018828
15.88037100482608
141.84828203049796
2.0275138338661542
0.2359516807776602
3.8958434464036564
88.12356876187008
0.2714397989817741
0.3683755760368663
8.0563797992865
0.525433867704125
3.232353015955345
0.1652994702728345
16.291666666666668
0.3394097222222222
1.05859375
4.8125
6613.25
59624.625
744.5490451388888
0.5264756944444444
8.458333333333334
0.1762152777777778
0.3744049314715719
1.0688782119399054
0.2878929979433436
3.9614614426807844
0.055299539170506916
6286.243055555554
3.9128194041634807
125.51382488479263
0.14460118074284864
5.259864299517934
412.76267281105993
0.4324683046996114
8.412442396313365
41.89861751152074
381.61290322580646
5.130768369175627
0.16763472862263187
0.06511584052036927
0.379736770636314
0.02591561923581149
