1.0
1.0
1.0
40.0
30.0
1.0
204.27666666666667
151.0
255.0
1.0
1.0
1.0
40.0
30.0
1.0
0.0
0.0
0.0
40.0
30.0
1.0
527.0
8.0
17.821631878557874
12.506641366223908
0.0
17.821631878557874
12.506641366223908
0.0
0.6940378207363795
0.0
0.0
49.111250293142106
40.0
30.0
49.4064773081425
49.4064773081425
457.6666666666667
34.08506512709123
0.2421703369923679
1185.939952563364
2.591274477560154
527.0
210.0
243.0
26953445.0
1.2244387494046762
20.0
2.217186151427404
255.0
10.609824685214724
225.8045540796964
224.0
207.0
48.0
8.363582588301222
226.152729203068
0.39922745605126875
26953445.0
0.4582704722949349
157.3602828656712
2.8748215774329573
1.6404960234251245
3.021555280014491
0.44309830865547456
1.0685996726298155
0.3362419279962613
0.5217962578148408
0.33236909043743135
0.9152471822423905
0.22070648650638425
0.25010251233958025
2.277352172098821
-0.19441309420432434
0.6041410176692227
0.8342027385371673
0.9665545535492428
0.8344609277077559
0.9171013692685837
0.3289803575734552
0.3547934258301089
1.9318332025967901
0.35121040015651916
120.97056587678796
0.4873754860532279
0.34877479686183915
2.4397490167749085
8.018010974516729
23.317684123918873
4.497253992000684
0.6967251478254067
3.153564900153839
81.93356275817611
0.31611177290750214
0.47106261859582543
2.997492402774638
0.5459277757967175
1.1276204321182608
0.42755317322811714
12.928571428571429
0.461734693877551
0.4642857142857143
2.7142857142857144
1058.107142857143
2971.5714285714284
591.5267857142857
0.6904761904761905
2.142857142857143
0.07653061224489796
0.21326894997819318
0.6164695322196819
0.15275063143434192
4.3248629576173485
0.05313092979127135
703.860969387755
3.957735079226731
77.96015180265654
0.14793197685513576
3.5669015479118134
241.50853889943073
0.343507519920498
2.7058823529411766
30.93548387096774
93.9506641366224
16.600621969217794
0.6262386675100148
0.06542171348826267
0.15217354504525823
0.04815516574013118
