1.0
1.0
1.0
40.0
30.0
1.0
213.06166666666667
150.0
255.0
1.0
1.0
1.0
40.0
30.0
1.0
0.0
0.0
0.0
40.0
30.0
1.0
666.0
4.0
14.25075075075075
14.192192192192191
0.0
14.25075075075075
14.192192192192191
0.0
0.9132791004510025
0.0
0.0
41.385249215114534
40.0
30.0
49.4064773081425
49.4064773081425
610.25
37.79628317512036
0.2423515383784337
1435.6333407131567
2.352533126936758
666.0
219.0
249.0
37141050.0
1.121123823199829
15.0
2.3884634989934694
255.0
9.061394728061394
235.88888888888889
237.0
211.0
44.0
6.649707715482097
236.15110065875692
-0.430814005526636
37141050.0
0.5587524461398335
123.77444110777444
4.004429572504746
1.9668646648043224
2.4459672206494503
0.14304195968959138
0.7792461295530759
0.23593525986414474
0.5357248969047036
0.23502616895505382
0.7802132539453845
0.17834686226762977
0.42094215978417093
1.8808973244279634
-0.24360396570397538
0.6251085314258766
0.8825778246133822
0.9764484320555435
0.8826384306739883
0.9412889123066911
0.23423071440959925
0.6280029177574893
1.6418640829483695
0.25379534735430526
94.81000603536057
0.42285613041376513
0.40751265044488527
3.345325597418068
20.47245616144739
85.44142058288257
5.941688682439983
0.5270509017186548
3.6197762724892817
53.51315047579667
0.2332532108180294
0.3355855855855856
10.118681067812663
0.47511774280522967
1.2177250117528793
0.3409633555951024
25.35
0.63375
0.5900000000000001
2.55
5765.3
23307.0
1456.013888888889
0.8069444444444445
9.35
0.23375
0.478980059517478
1.1547487994737227
0.4012904313258455
3.2802406727521882
0.06006006006006006
5488.0775
3.6274457907825086
107.97597597597597
0.16212609005401799
5.020696372047723
372.1291291291291
0.2746981215449684
3.933933933933934
44.9039039039039
192.63363363363362
12.721221221221223
0.3749582916249583
0.0663323468498733
0.18435431605074462
0.045565900873210906
