1.0
1.0
1.0
40.0
30.0
1.0
246.3125
188.0
255.0
1.0
1.0
1.0
40.0
30.0
1.0
0.0
0.0
0.0
40.0
30.0
1.0
565.0
6.0
20.833628318584072
15.527433628318583
0.0
20.833628318584072
15.527433628318583
0.0
0.7544523137131518
0.0
0.0
47.07162903199097
40.0
30.0
47.16990566028302
47.16990566028302
490.3333333333333
35.513299433432756
0.23732339375300754
1267.0814113003637
2.5841225247458133
565.0
247.0
255.0
35454700.0
0.9991841003749657
6.0
1.5451133568357984
255.0
2.698322499804213
250.4849557522124
250.0
247.0
8.0
2.698322499804213
250.50285710132968
0.298232835711052
35454700.0
0.5005654319053959
8.968357741404965
2.6247900605947376
1.570003636356421
0.8470507886457865
-0.20140296339709596
0.8096066329729484
0.17044169694905115
0.6519142913851854
0.17044169694905115
0.6552107284455687
0.14070258579798767
0.3692732492410125
1.6376196873877418
-0.33817326788641916
0.6933005672940151
0.9147791515254744
0.9659116606101896
0.9147791515254744
0.9431861010169829
0.17044169694905115
0.48478278788189555
1.4671779904386912
0.24501208248049988
102.14427283719971
0.5264012636316967
0.2367993681841517
2.160627966056588
15.003542659200814
42.67545367395283
8.085564905512808
0.709843008485853
3.4430098092439634
42.54910262770835
0.21085333999497308
0.34424778761061947
5.728235359445713
0.4293940901840879
0.709206186275062
0.3594410661613444
18.225806451612904
0.5879292403746098
0.20603537981269512
1.8709677419354838
1367.3225806451612
3669.3870967741937
791.8064516129032
0.782258064516129
3.2580645161290325
0.10509885535900104
0.230268753659588
0.26454779654544935
0.22169899293812262
3.8826066023586883
0.05486725663716814
1035.1425598335068
3.730342235649649
91.31150442477876
0.16161328216775003
4.589032813846034
282.8194690265487
0.2497172840473021
2.550442477876106
43.60176991150443
123.16283185840707
23.71150442477876
0.6123893805309735
0.05183921352874155
0.09566042136290766
0.04088391157020002
