1.0
1.0
1.0
40.0
30.0
1.0
241.68666666666667
144.0
255.0
1.0
1.0
1.0
40.0
30.0
1.0
0.0
0.0
0.0
40.0
30.0
1.0
1121.0
1.0
18.718108831400535
15.032114183764495
0.0
18.718108831400535
15.032114183764495
0.0
0.7730304896605439
0.0
0.0
44.548161178557415
40.0
30.0
49.4064773081425
49.4064773081425
1082.25
34.43708684933707
0.22058437980576034
2310.9706608457836
2.13533902596053
1121.0
232.0
255.0
67396994.0
1.0603744390307825
16.0
2.1230037841915466
255.0
7.892201511808064
245.03122212310438
247.0
220.0
35.0
6.7128027079472
245.19830129524377
-0.5265609211610156
67396994.0
0.49927465362024637
81.90714293103596
6.0857826854404085
2.4269969490395686
1.1517941824772047
0.14810642845275035
0.91085582602303
0.12902498626914485
0.7518049269222724
0.12902498626914485
0.5485194948467087
0.11145437247179962
0.3925864166119915
1.6082047099693255
-0.46255286089155845
0.7826175166742627
0.9354875068654276
0.9870975013730855
0.9354875068654276
0.9677437534327138
0.12902498626914485
0.49318012444872167
1.4791797237001811
0.25997020307304364
91.38053941922155
0.46423383553432096
0.33101154818534595
5.788804826079879
67.03441885104444
419.4384814312706
12.61564819499593
0.23629340916802927
4.647816962813208
20.97704769471109
0.10245194718296366
0.1752899197145406
28.30957906584198
0.2471500509638177
1.2697305630078906
0.08536720594015691
5.933333333333334
0.39555555555555555
0.8622222222222222
5.133333333333334
23188.733333333334
135949.73333333334
4598.483333333334
0.48518518518518516
2.3333333333333335
0.15555555555555556
0.16153483807179764
0.32787887989095377
0.14305143868944983
3.373557262275182
0.013380909901873328
17603.66222222222
3.094406534479005
375.66904549509366
0.33511957671284004
3.1967475197769293
559.6868867082961
0.26399902597480107
6.090990187332738
60.92149866190901
376.37109723461197
11.574412726732083
0.19905342452175637
0.02508172081400704
0.13858616869948165
0.007355225715558338
