1.0
1.0
1.0
40.0
30.0
1.0
228.08416666666668
145.0
255.0
1.0
1.0
1.0
40.0
30.0
1.0
0.0
0.0
0.0
40.0
30.0
1.0
821.0
2.0
19.146163215590743
15.644336175395859
0.0
19.146163215590743
15.644336175395859
0.0
0.6632512542557661
0.0
0.0
47.52672161248652
40.0
30.0
48.82622246293481
48.82622246293481
773.8333333333334
31.52215772014631
0.2352107884557306
1732.9731831402232
2.2394656684991037
821.0
226.0
250.0
47720714.0
0.8628562046963302
14.0
2.2818856125316156
255.0
7.582366651286793
240.92570036540803
244.0
221.0
34.0
6.082374118747703
241.09149384494032
-0.7498547338829007
47720714.0
0.6802954122968781
79.9153078225212
4.493529283966033
2.101724686753929
1.16484042798373
0.33686078151402754
0.4727240515570757
0.16762749172001867
0.475158377079374
0.1669387864858589
0.6500607109925185
0.13921834259301635
0.5717181405410731
1.403965562727688
-0.2041678999534301
0.5145159706993954
0.9165994772804864
0.9832690372234208
0.9166453909627639
0.9582997386402433
0.1663361694059691
0.7464306765638248
1.2337556562197884
0.16008788581927358
81.52727684329281
0.406977115184622
0.4458018368551434
4.563280578360341
39.932857419155006
167.51244031728956
10.005239214977903
0.3737584641712717
4.04942573622855
37.17273510326294
0.18202999396865505
0.2433008526187576
21.78376306945345
0.41295153146173325
1.6151738342456645
0.23259497432221837
21.105263157894736
0.5554016620498615
0.6710526315789473
2.9210526315789473
10458.552631578947
42316.84210526316
2604.301900584795
0.7536549707602339
14.052631578947368
0.3698060941828255
0.6255454879613347
1.0469078814875854
0.5677556509047524
2.6574390424502323
0.04628501827040195
9991.765235457066
3.0939208162510328
183.61144945188795
0.22364366559304255
4.674350670063097
558.5225334957369
0.18223520527683035
4.479902557856273
54.42752740560292
238.0462850182704
13.231188252808227
0.27483421301935307
0.05568226532729752
0.17164077304806527
0.03528487424434243
