1.0
1.0
1.0
40.0
30.0
1.0
232.80083333333334
173.0
255.0
1.0
1.0
1.0
40.0
30.0
1.0
0.0
0.0
0.0
40.0
30.0
1.0
876.0
4.0
19.55593607305936
14.115296803652969
0.0
19.55593607305936
14.115296803652969
0.0
0.8477381526303728
0.0
0.0
42.18420268687915
40.0
30.0
49.4064773081425
49.4064773081425
812.8333333333334
35.76115805596014
0.22446171798721654
1876.4752705264063
2.308560923345999
876.0
232.0
246.0
50112411.0
0.2776033700925456
7.0
2.9257245698962127
255.0
4.313218031317112
239.11529680365297
239.0
228.0
27.0
3.051921296296297
239.1776507747682
0.19877049741955988
50112411.0
0.9087070744980297
29.82346463793499
1.1337721895195587
1.0522170172649448
0.4083653520467921
0.23164570223344555
0.15220192126911197
0.04575772455055047
0.5381795114593124
0.04575772455055047
0.26655978235428857
0.04357078681556359
0.8574493902746052
0.5008972981914537
-0.30659649391352917
0.4018041275025378
0.9771211377247248
0.99084845508989
0.9771211377247248
0.9847474251498165
0.04575772455055047
0.92490412045978
0.45513957364090346
0.0494899114549156
104.72181906687507
0.7589017607539092
0.12054911962304538
1.42221270278332
86.43872107650307
89.69260755387923
85.62524945715901
0.8944468243041699
4.188485705009777
14.56417166894685
0.10187715003267424
0.1572488584474886
41.34483970685806
0.21911947674619017
0.41286261574173266
0.17068369199730457
4.555555555555555
0.5061728395061729
0.24691358024691357
2.6666666666666665
75007.55555555556
75322.88888888889
74928.72222222222
0.5833333333333334
1.4444444444444444
0.16049382716049382
0.27019306607782095
0.7213967697815247
0.157392140151895
3.1699250014423086
0.010273972602739725
65533.77777777777
2.259046424079805
300.99543378995435
0.3436020933675278
2.7211119451220784
796.027397260274
0.045646462750985176
1.143835616438356
62.65981735159817
67.2420091324201
61.51426940639269
0.964041095890411
0.023346023002470056
0.03407285080233683
0.02066431605250336
