1.0
1.0
1.0
40.0
30.0
1.0
229.835
186.0
255.0
1.0
1.0
1.0
40.0
30.0
1.0
0.0
0.0
0.0
40.0
30.0
1.0
824.0
3.0
18.593446601941746
15.447815533980583
0.0
18.593446601941746
15.447815533980583
0.0
0.7335103575775789
0.0
0.0
48.16793086506087
40.0
30.0
49.4064773081425
49.4064773081425
758.75
35.3316761926029
0.22710615764966152
1771.4178539390803
2.3346528552739114
824.0
229.0
245.0
46241873.0
0.24804940749457804
9.0
2.9309717466408993
255.0
5.096100598548402
236.80946601941747
236.0
226.0
29.0
3.6857759382452353
236.89402253459534
0.5581652641744841
46241873.0
0.9208808558770856
40.05471621971912
1.0968838217672743
1.0386668770046636
0.2943088155627414
0.16835425975658969
0.11043620596155979
0.03823361849343506
0.4793284143067329
0.03823361849343506
0.2308920346518467
0.03661264632616666
0.8890524414463359
0.4048205592161234
-0.28024868412534953
0.33451719353722525
0.9808831907532825
0.992353276301313
0.9808831907532825
0.9872554605021883
0.03823361849343506
0.9422163137486185
0.3665869407226886
0.037167456113748706
98.23251505943813
0.749114955091471
0.12544252245426452
1.442327682712298
89.41075314152238
91.83304135227212
88.80518108883493
0.8894180793219254
4.118400610033927
13.716420966420966
0.09847882624040977
0.15989077669902912
38.076060863459695
0.23401832266573772
0.5050249428971175
0.16626666760789277
4.555555555555555
0.5061728395061729
0.24691358024691357
2.6666666666666665
61123.11111111111
61250.444444444445
61091.27777777778
0.5833333333333334
1.2222222222222223
0.13580246913580246
0.17269798286413493
0.3202634224386575
0.13580662297050428
3.1699250014423095
0.010922330097087379
52740.691358024684
2.131151640659561
303.00485436893206
0.3677243378263738
2.951214770477896
758.8058252427185
0.03955957206145726
1.1237864077669903
62.56310679611651
65.29368932038835
61.880461165048544
0.9690533980582524
0.023735551900102007
0.03504869791093352
0.020907265397394122
