1.0
1.0
1.0
40.0
30.0
1.0
227.73833333333334
159.0
255.0
1.0
1.0
1.0
40.0
30.0
1.0
0.0
0.0
0.0
40.0
30.0
1.0
778.0
4.0
15.439588688946015
14.437017994858612
0.0
15.439588688946015
14.437017994858612
0.0
0.6890360856376091
0.0
0.0
42.59006657888136
40.0
30.0
49.4064773081425
49.4064773081425
735.0
29.34609276255757
0.24079780649569496
1635.6479138253696
2.2253713113270335
778.0
229.0
249.0
44728135.0
0.599272100856637
10.0
2.55869235705125
255.0
5.889479979645919
239.66195372750641
240.5
223.0
32.0
4.378347928994082
239.77317634077625
-0.2900468429820021
44728135.0
0.798203818372863
53.3240280595555
4.292482398738285
2.0615175518016122
0.7071141137610764
0.24852743707978475
0.2832510365267283
0.11274376829369481
0.43154907534589915
0.11274376829369481
0.5066546968341815
0.09982816533614229
0.7127522370523491
0.9988794294197965
-0.19132507391935244
0.4311166606769844
0.9436281158531526
0.9887256231706305
0.9436281158531526
0.9718140579265764
0.11274376829369481
0.8408440401744695
0.8861356611261022
0.09899870120510577
71.22302427091145
0.47571044063060286
0.3585764639807633
4.519820459208728
66.00703661811787
269.15231060447445
16.50438981184167
0.3426492500007402
4.202571593863354
24.840644069458033
0.16477772350486344
0.19087403598971725
36.40676781485188
0.3945284844911682
1.6226441719711246
0.19501391671243615
11.88888888888889
0.4403292181069959
0.7407407407407407
3.5185185185185186
17459.85185185185
69971.48148148147
4362.726337448559
0.6584362139917695
7.074074074074074
0.262002743484225
0.5108968771564084
1.0497175914306298
0.43002307501365467
3.1541733929459226
0.03470437017994859
16629.55829903978
2.574345343908552
245.04113110539845
0.31496289345166895
4.1438729588094185
621.0025706940874
0.10862999848005234
4.285347043701799
59.98971722365039
250.35989717223651
14.79934304484433
0.2643530419880034
0.04209420101707255
0.14494761984104315
0.022534210494037664
