1.0
1.0
1.0
40.0
30.0
1.0
231.26666666666668
158.0
255.0
1.0
1.0
1.0
40.0
30.0
1.0
0.0
0.0
0.0
40.0
30.0
1.0
896.0
1.0
18.732142857142858
13.197544642857142
0.0
18.732142857142858
13.197544642857142
0.0
0.7658867083267493
0.0
0.0
46.9646832554452
40.0
30.0
49.4064773081425
49.4064773081425
841.3333333333334
35.96962666612133
0.2262153866424574
1905.200618222178
2.264501527205441
896.0
228.0
250.0
51677583.0
0.7109084618266865
10.0
2.6246021732907847
255.0
6.030228595344387
240.03683035714286
241.0
223.0
32.0
4.365585109088134
240.15801857095792
-0.3286080181849073
51677583.0
0.7457773636798469
58.19395602479273
4.448585887547081
2.094194561231022
0.9359854594959012
0.3472962922646805
0.38354957148013313
0.1318183511146034
0.4902100042994908
0.1318183511146034
0.5592436206926846
0.11393838085683733
0.6445549907536359
1.1804688720948797
-0.22551076506773027
0.5016896836844273
0.9340908244426983
0.9868181648885397
0.9340908244426983
0.9670454122213492
0.1318183511146034
0.7963740062624048
1.0486505209802772
0.12884198064868413
93.51214611125597
0.47205011928967133
0.3615097841701259
4.62083332237389
49.20320193608074
204.7399289896888
12.224305301856951
0.3336853794896775
4.132636397745733
33.44708874366824
0.16564237385239677
0.21902901785714285
26.129932925009832
0.3806683465476176
1.563133563436272
0.1882882718141183
16.9375
0.529296875
0.8505859375
3.59375
18449.0625
74104.40625
4605.122395833333
0.6987847222222222
8.375
0.26171875
0.5216205275584187
0.8443067046472403
0.4857664857484871
2.908980956773643
0.03571428571428571
17665.0625
2.851004938229359
234.57142857142858
0.2617984693877551
4.1194146603954085
668.2165178571429
0.13871048907844388
4.434151785714286
56.64955357142857
244.49888392857142
13.763361855158731
0.261749751984127
0.04340938573470062
0.14462981680147258
0.024797790876643317
