1.0
1.0
1.0
40.0
30.0
1.0
252.55416666666667
224.0
255.0
1.0
1.0
1.0
40.0
30.0
1.0
0.0
0.0
0.0
40.0
30.0
1.0
1058.0
1.0
17.584120982986768
15.757088846880908
0.0
17.584120982986768
15.757088846880908
0.0
0.7081059613432649
0.0
0.0
44.783431217086296
40.0
30.0
49.4064773081425
49.4064773081425
1025.9166666666667
31.711414614224864
0.22651878465860617
2171.6406302917644
2.11678072971336
1058.0
254.0
255.0
68631159.0
0.12432506941501353
0.0
30.937003766806637
255.0
0.5386880407088309
254.69092627599244
255.0
246.0
9.0
0.15000555546736566
254.6934830759536
-5.079781141378067
68631159.0
0.9665524351328074
1.3023940380430319
3.9593522506512455
1.9887236133319215
0.08055858070716106
-0.04717469505351583
0.030956878954818058
0.013637178689038174
0.3837559778339204
0.013637178689038174
0.10400173275743278
0.01345049656276366
0.9642524746153083
0.1585826712515972
-0.21705933834708901
0.19357753222469523
0.9931814106554808
0.9972725642621922
0.9931814106554808
0.9954542737703207
0.013637178689038174
0.9819050239874023
0.1449454925625593
0.011148514410964056
42.32177892106197
0.6567881625420112
0.1716059187289944
3.3251972679450192
484.46256228499146
1936.3892075343629
121.48090097264858
0.4187006830137452
3.8432435654105275
7.430346096292983
0.13113731084270513
0.059782608695652176
151.27275080844848
0.2128679699972748
0.3201985632908079
0.1860353216738915
7.222222222222222
0.8024691358024691
0.09876543209876544
1.3333333333333333
120185.55555555556
480718.8888888889
30052.222222222223
0.9166666666666666
2.5555555555555554
0.2839506172839506
0.5146133554369589
0.5146136636223633
0.5146132783906079
2.058813890331199
0.008506616257088847
106366.24691358024
0.9139484792947694
777.3137996219282
0.7347011338581552
1.6181474480151228
1022.6124763705104
0.01672378243359622
3.948960302457467
74.23818525519849
296.3289224952741
18.715500945179585
0.2627599243856333
0.01986534822568669
0.06265573018397305
0.0091677527361151
