1.0
1.0
1.0
40.0
30.0
1.0
222.18333333333334
123.0
255.0
1.0
1.0
1.0
40.0
30.0
1.0
0.0
0.0
0.0
40.0
30.0
1.0
875.0
1.0
19.53257142857143
13.222857142857142
0.0
19.53257142857143
13.222857142857142
0.0
0.7844760852686462
0.0
0.0
46.918662444933695
40.0
30.0
49.4064773081425
49.4064773081425
821.3333333333334
36.806568640842634
0.22807042532088537
1859.6367405015117
2.26416810937684
875.0
222.0
255.0
51465054.0
1.3724301330343887
15.0
3.5342466826551515
255.0
9.726798367346936
242.2057142857143
246.0
206.0
49.0
6.822978482645311
242.52258569343303
-1.1814401852075405
51465054.0
0.42284277551020405
153.5965387755102
5.417321830920957
2.2811406194355497
3.1943878037116376
-0.20082949889950527
1.1704557705516694
0.315656174889939
0.5759261546748425
0.30523677832186713
0.9093047279656074
0.22030420602747092
0.25870281739760403
2.3166281352183904
-0.2278191364656752
0.6607016644636645
0.8484235504958736
0.9689152777372247
0.849118176933745
0.9242117752479367
0.2961198063248043
0.4020038684993735
1.980861667214198
0.3715279863604021
119.48440068423943
0.3680573954848414
0.5159436596153677
4.66416061619746
13.762120252422307
76.4147079416439
3.282629236306799
0.39260445183979686
3.801690532562941
84.51528050709891
0.256493967188896
0.3697142857142857
5.952545272175396
0.5075100598608101
1.8701759211247448
0.26709836085695116
16.419354838709676
0.5296566077003122
0.7596253902185224
3.2580645161290325
7840.806451612903
34809.67741935484
1887.5851254480287
0.7222222222222222
4.161290322580645
0.13423517169614985
0.1926170149008938
0.3929586663332806
0.1695167165393139
3.7600172778496477
0.03542857142857143
7044.110301768989
4.024349254779366
127.53028571428571
0.14574889795918367
4.6873547755102045
369.98742857142855
0.4092525714285714
5.355428571428572
41.19657142857143
240.98057142857144
9.03215873015873
0.2908253968253968
0.051701175538998674
0.20535595184105387
0.026499915525881136
