1.0
1.0
1.0
40.0
30.0
1.0
225.95666666666668
140.0
255.0
1.0
1.0
1.0
40.0
30.0
1.0
0.0
0.0
0.0
40.0
30.0
1.0
787.0
1.0
19.70902160101652
15.076238881829733
0.0
19.70902160101652
15.076238881829733
0.0
0.7959452038767219
0.0
0.0
46.019596727691074
40.0
30.0
49.4064773081425
49.4064773081425
726.9166666666666
36.62907729974659
0.23014633474223647
1698.7774182095275
2.3369630882167063
787.0
227.0
255.0
46981927.0
1.30690473966854
16.5
2.5411196073599935
255.0
8.909160774917698
244.09783989834816
247.0
218.0
37.0
7.13613807309385
244.3307041929766
-0.7986265931516987
46981927.0
0.4371981807290969
113.7375683962226
5.958702503592632
2.399201535219074
2.2869106876338243
-0.22478244914736586
1.087530659934647
0.2776476480993599
0.5942060659057818
0.26721714086589665
0.8579229611737846
0.20424130220090858
0.28640050303773246
2.14517863995219
-0.26568771807569824
0.6847498537661101
0.867434480290398
0.9727166432162239
0.8681298474392956
0.933717240145199
0.2580904470366163
0.3743059493053065
1.846978136880468
0.34129457700850174
111.11892440553015
0.3970434739552767
0.4600279802925641
4.728682257705962
17.847175957758175
119.14680088352817
3.3234623262280407
0.36345249620848885
3.709341456804115
73.66799594124758
0.2601051135504602
0.35387547649301143
9.191459558750834
0.5126784267627843
1.859100917747155
0.25668038851081726
30.363636363636363
0.6900826446280992
0.4896694214876033
2.227272727272727
5473.068181818182
31224.136363636364
1111.3364898989898
0.8446969696969696
14.909090909090908
0.33884297520661155
0.6009206938228154
0.8428351044288899
0.5738479959628237
2.5150748006000607
0.05590851334180432
5153.1461776859505
3.8653867087639107
119.42693773824651
0.1517496032252179
5.2204873023997
344.0749682337992
0.3762442098329106
5.806861499364676
43.27700127064803
283.03684879288437
7.974904701397713
0.2514824227022448
0.07184784926253432
0.23102983517751774
0.04548760643513633
