1.0
1.0
1.0
40.0
30.0
1.0
219.18416666666667
104.0
255.0
1.0
1.0
1.0
40.0
30.0
1.0
0.0
0.0
0.0
40.0
30.0
1.0
836.0
2.0
19.97248803827751
14.395933014354068
0.0
19.97248803827751
14.395933014354068
0.0
0.7012251398705203
0.0
0.0
47.742641573597986
40.0
30.0
49.4064773081425
49.4064773081425
774.0833333333334
33.478340515234365
0.22641180242187436
1800.7090212281544
2.326246986192039
836.0
215.0
255.0
47181522.0
1.4929941718455093
25.0
1.9054866904177576
255.0
12.451935624184427
237.13397129186603
240.0
208.0
47.0
10.73736747473495
237.5652063597009
-0.4152272205625962
47181522.0
0.37835958425860206
204.70693207573086
4.710112406793382
2.0985094118646113
5.1705367566355305
-0.15055311914640906
1.5556400033806277
0.3308628662690732
0.6493809258566167
0.3253047715918279
0.9198683105487813
0.22233304547633667
0.211388385017298
2.533749513053477
-0.2710609247678064
0.7331125224553985
0.8379034236718106
0.9671702408197347
0.8382739633169602
0.9189517118359054
0.3204414387492383
0.3586204690732361
2.1906270527105116
0.4716257174124252
126.3503562698291
0.3732334549028534
0.5068283215339047
3.9405187796164323
10.834922932804602
55.503991424772515
3.5455154805982274
0.47733878633996574
3.7286368803425853
91.59979611632882
0.26401623813737385
0.40460526315789475
4.271739801526763
0.5001396264083842
1.6284468758299833
0.2918742324958068
18.055555555555557
0.5015432098765432
0.6381172839506173
2.9722222222222223
2109.3888888888887
10204.972222222223
663.5486111111111
0.7229938271604939
4.444444444444445
0.12345679012345678
0.32867070857076625
0.8126114544907037
0.27486527732454596
3.937577002092298
0.0430622009569378
1570.117283950617
4.26355676694484
120.70813397129187
0.14438772006135392
4.032422563585999
316.3086124401914
0.49338814358645633
4.594497607655502
37.24641148325359
194.80741626794259
11.576255980861244
0.38978601807549174
0.05989097002215736
0.20720330392479516
0.03532366674709293
