1.0
1.0
1.0
40.0
30.0
1.0
222.9425
134.0
255.0
1.0
1.0
1.0
40.0
30.0
1.0
0.0
0.0
0.0
40.0
30.0
1.0
772.0
1.0
17.939119170984455
13.494818652849741
0.0
17.939119170984455
13.494818652849741
0.0
0.7249494024268569
0.0
0.0
49.01921425294807
40.0
30.0
49.4064773081425
49.4064773081425
712.75
35.536450080108764
0.23214588678354056
1662.1923607297572
2.3320832840824375
772.0
226.0
255.0
47108721.0
1.2205332274064324
14.0
3.372633828325415
255.0
9.758587478858491
246.74222797927462
254.0
214.0
41.0
6.648188438518568
247.02562483763677
-1.3110861897871056
47108721.0
0.4955401487288249
139.93225824854358
7.219504062850936
2.648804103748893
4.020813300154375
-1.4104185446772126
1.0708729342310461
0.2579369580955947
0.6115720613788622
0.24127032570958337
0.8289418239478693
0.1984248264811161
0.4180683345150143
1.862153995604348
-0.27374427625221653
0.6581798643403041
0.8810315003838094
0.9749755333774872
0.8821426092095436
0.9405157501919047
0.22668702237182345
0.6200080091124542
1.5882261862120126
0.3322024730816602
92.80743281575292
0.36515506335490844
0.5229747633282711
4.844134299146386
25.063840313985466
210.73355719822362
3.4362135598749344
0.3779700335019007
3.514769260975738
79.38354220692216
0.30797497187292966
0.32836787564766845
15.262723846372557
0.5695385734168751
1.9435085874257934
0.29088751674506547
25.65
0.64125
0.23750000000000002
1.8
6450.8
56664.55
758.7236111111112
0.8277777777777778
8.25
0.20625
0.44473490408238003
0.5233678434723904
0.4250767816914184
3.049112860306275
0.05181347150259067
6078.3099999999995
3.271665773398902
147.5777202072539
0.19116285000939623
6.018859566699776
382.55699481865287
0.4148433514993691
6.966321243523316
46.634715025906736
386.79274611398966
6.357728842832469
0.22373344847438112
0.06423994527047051
0.2286446253803767
0.037907735077508796
