1.0
1.0
1.0
40.0
30.0
1.0
243.15583333333333
129.0
255.0
1.0
1.0
1.0
40.0
30.0
1.0
0.0
0.0
0.0
40.0
30.0
1.0
1071.0
1.0
20.060690943043884
15.199813258636787
0.0
20.060690943043884
15.199813258636787
0.0
0.7240931131726052
0.0
0.0
48.02969719595605
40.0
30.0
49.4064773081425
49.4064773081425
1024.3333333333333
34.77797296735736
0.22056541792315795
2227.960945437646
2.175035091543423
1071.0
244.0
255.0
67820660.0
0.7337222012172475
2.0
11.509771581488495
255.0
4.944131901126462
251.51447245564893
255.0
213.0
42.0
1.419089627029127
251.64382073015688
-2.9889165619327938
67820660.0
0.7304037083242884
65.0826570279528
8.18701186976851
2.8405034520883072
3.063816307600658
-1.134645379821891
0.5847389477451158
0.11058905627057004
0.680256452270896
0.10702540518533944
0.4954010220337468
0.09882977104264921
0.6811752330727636
1.0832378562217975
-0.3713015927343552
0.6200295234568317
0.9468436625158533
0.9891055705768766
0.9470812392548688
0.9734218312579266
0.10390721048576265
0.8202915336449227
0.9673236853996963
0.1738320010039215
70.0708633244299
0.39137852465461126
0.5219318708681885
5.936655938714382
91.845680700805
810.9414710800711
10.861385044162121
0.2981844622218188
4.108961736573321
31.783493166235733
0.17621908401599598
0.16596638655462187
51.330037198849766
0.41751914385452593
1.60391599001498
0.19715799090564
7.133333333333334
0.47555555555555556
0.38222222222222224
2.533333333333333
55198.6
493740.5333333333
6231.635185185185
0.6907407407407408
3.1333333333333333
0.2088888888888889
0.42279837548815286
0.6476904367183728
0.366575450622372
3.1329145639793943
0.014005602240896359
50100.64000000001
2.2696833630894013
449.73015873015873
0.41991611459398576
3.930874310508517
782.2623716153128
0.21290782108050194
8.132586367880485
62.794584500466854
545.3090569561158
7.682098765432098
0.15574748417885673
0.031228658129918634
0.17199123138379396
0.012175208311654404
