1.0
1.0
1.0
40.0
30.0
1.0
224.54666666666665
114.0
255.0
1.0
1.0
1.0
40.0
30.0
1.0
0.0
0.0
0.0
40.0
30.0
1.0
790.0
1.0
19.053164556962024
15.263291139240506
0.0
19.053164556962024
15.263291139240506
0.0
0.7588236571117023
0.0
0.0
47.7530888947763
40.0
30.0
49.4064773081425
49.4064773081425
726.25
36.23617355351437
0.22790856358723371
1714.4082349958487
2.3606309604073648
790.0
222.0
255.0
46262665.0
1.4174611734926588
21.0
2.0094639427535324
255.0
10.475436628745394
241.68987341772151
245.0
217.0
38.0
8.881619232510491
241.99242848287213
-0.566671473859385
46262665.0
0.4020445441435667
146.3405303637237
5.581460596392363
2.3047318552872205
3.7224343569439213
-0.3131103002752421
1.3346746578980384
0.2562697047445926
0.6777079416843652
0.2539848250762383
0.8171062398814791
0.18954188780756775
0.2729225872333156
2.2353062140195115
-0.33565985127090675
0.7641950268611822
0.8732360754287162
0.974478485510234
0.8733884007399398
0.936618037714358
0.25198555536642836
0.38348199968027985
1.9725864703575477
0.39773609066065774
100.26014432201062
0.36008495967791676
0.5350419093725618
4.387912279955751
17.066462903796996
106.27328371445452
3.7374518432388424
0.43115583107997973
3.800750678989886
70.9041939007296
0.24836050840498602
0.35158227848101264
8.157978560664079
0.49541776828651773
1.6038382030872822
0.29897242255702705
23.73170731707317
0.5788221296847115
0.6389054134443783
2.7804878048780486
4414.585365853659
21616.585365853658
1019.7764227642277
0.771680216802168
8.073170731707316
0.19690660321237358
0.4293646961286264
0.8987594968286977
0.3763966404998685
3.3092588505507265
0.05189873417721519
4043.3182629387275
3.9556906771285663
124.23291139240506
0.15725684986380387
4.888953693318379
317.6151898734177
0.44595417401057524
5.465822784810126
43.17215189873418
268.95189873417723
9.084458509142054
0.2970464135021097
0.06314051442189629
0.21789126948247653
0.03891791289756513
