1.0
1.0
1.0
40.0
30.0
1.0
217.3975
103.0
255.0
1.0
1.0
1.0
40.0
30.0
1.0
0.0
0.0
0.0
40.0
30.0
1.0
877.0
1.0
18.086659064994297
14.998859749144811
0.0
18.086659064994297
14.998859749144811
0.0
0.7304075131530288
0.0
0.0
44.18408751083504
40.0
30.0
48.25971404805462
48.25971404805462
828.25
32.27238947972482
0.23050068451102634
1850.345669677347
2.234042462634889
877.0
215.0
255.0
50853533.0
1.4904725276058226
19.0
3.40196969622179
255.0
11.733956202405578
240.3363740022805
244.0
198.0
57.0
8.377972161532794
240.80237642637243
-1.1478859426979398
50853533.0
0.3854919005784465
224.21182402431842
10.793239006448827
3.240820441363909
4.880607860784752
-0.46180197615291096
1.461405446799048
0.3004502105808633
0.6580650055070251
0.2831734739911661
0.8947047782820777
0.21818470670590673
0.24630013060378989
2.4115270939111237
-0.29816120743431784
0.7475159045171402
0.8601409366633868
0.9826313417880027
0.8612927191026998
0.9439411964214234
0.26805632947518104
0.3756670324576223
2.0830373875517205
0.4404639143449778
101.61058883053043
0.3416065556644954
0.6046706023329838
9.215053870667795
19.420007082590097
217.27984668438427
1.9886931017490492
0.15205411164251778
3.97976858005089
76.625176016027
0.2520478199558086
0.33922462941847203
10.13295826998251
0.4960541223325632
3.7543185439885653
0.09406838280417004
10.75
0.3359375
0.87109375
6.8125
5416.65625
58616.625
543.8331163194445
0.2825520833333333
3.75
0.1171875
0.31865753495555066
1.6946248114753657
0.1571754496297652
4.374999999999993
0.036488027366020526
4665.5537109375
4.106081308077876
139.08209806157353
0.15858848125607017
4.906685354472397
338.0763968072976
0.4919538854990515
10.627137970353477
44.4230330672748
512.8711516533638
4.4500427594070695
0.1200034840998353
0.052253502809544786
0.4204297081601339
0.01182528862684562
