1.0
1.0
1.0
40.0
30.0
1.0
218.76583333333335
122.0
255.0
1.0
1.0
1.0
40.0
30.0
1.0
0.0
0.0
0.0
40.0
30.0
1.0
745.0
3.0
19.45234899328859
16.110067114093958
0.0
19.45234899328859
16.110067114093958
0.0
0.7276514658089913
0.0
0.0
45.56292477682209
40.0
30.0
49.4064773081425
49.4064773081425
684.5833333333334
33.1539290003994
0.23349834817006046
1608.7350586913228
2.349947742458414
745.0
221.0
255.0
44546688.0
1.3918888373825355
19.0
2.805748373001339
255.0
11.143177334354306
244.16912751677853
251.0
211.0
44.0
8.412948089215496
244.52855064498482
-1.069989417063344
44546688.0
0.41718661321562095
175.6492482320616
6.5203507667173035
2.5063117867708584
4.609763247795333
-1.3145048989152714
1.3258266318547247
0.3712334489959658
0.5620933217263131
0.3388631497418387
0.9910564491444775
0.25408810906770085
0.2895322646016135
2.292531995781687
-0.20738989997979557
0.6306114940802487
0.8338054550544933
0.9643706689121323
0.8359634750047684
0.9169027275272467
0.31053913789447746
0.4836078205606435
1.8976717567468007
0.42426502021267265
108.25505287851267
0.35298255604879847
0.5534151342633831
4.670369961309687
13.379662899031244
104.69793542033813
2.257443339949663
0.407051231045641
3.4387971475826387
107.47551551200044
0.344543032944766
0.41140939597315435
7.1853670351090795
0.6040266296390792
2.123772667442428
0.3125110472882549
29.830188679245282
0.5628337486650054
0.38091847632609466
2.2264150943396226
2543.6792452830186
21831.490566037737
317.30293501048214
0.7772536687631026
8.433962264150944
0.1591313634745461
0.3583621620424474
0.45027157063017864
0.337790059067161
3.546384997576265
0.07114093959731543
2346.0911356354572
3.8593862471247005
100.8013422818792
0.13530381514346201
5.929923877302825
310.80402684563757
0.5048781586415027
6.31006711409396
38.51946308724832
300.6
6.196942580164057
0.27352721849366146
0.07807077818698945
0.2696641145894102
0.04639457076952083
