1.0
1.0
1.0
40.0
30.0
1.0
225.77
119.0
255.0
1.0
1.0
1.0
40.0
30.0
1.0
0.0
0.0
0.0
40.0
30.0
1.0
903.0
2.0
20.356589147286822
14.122923588039868
0.0
20.356589147286822
14.122923588039868
0.0
0.6798243980558353
0.0
0.0
47.25152099301784
40.0
30.0
49.4064773081425
49.4064773081425
851.25
32.122736816301014
0.22788850426243823
1906.0448834450424
2.239112932094029
903.0
223.0
255.0
54263343.0
1.3584935693134184
17.0
3.3355942304784523
255.0
10.99939539543959
244.7718715393134
252.0
207.0
48.0
7.886212823941763
245.1372996527928
-1.228158509803064
54263343.0
0.429994027537101
179.0265842049818
6.508584188310215
2.4908404089557243
5.4996997152411575
-1.4982205659534888
1.4654328076928183
0.24837174204115936
0.7097798808843074
0.24087174204115935
0.80956994331721
0.18878219149276682
0.3190320436816361
2.139043915373528
-0.34752636636047823
0.7646772731061726
0.8803141289794204
0.975508979642038
0.8808141289794204
0.9401570644897101
0.23430924204115933
0.5061752518959068
1.879066640341241
0.4284511374334944
97.88312377921521
0.3534663545266735
0.5542754220349098
4.785796277142331
24.816716414979062
191.97637521250803
4.223188727621471
0.395342337586711
3.9904034726090813
66.444628374147
0.23449343959754887
0.3064784053156146
13.308788609167417
0.47586395216427957
1.7183669562651747
0.2505648412258448
16.785714285714285
0.5994897959183674
0.360969387755102
2.107142857142857
9998.67857142857
84095.67857142857
1316.2142857142858
0.802579365079365
4.857142857142857
0.17346938775510204
0.407105670875114
0.4394986152381008
0.403416765867865
3.263809173883541
0.031007751937984496
8958.61607142857
3.7556831293555337
162.6234772978959
0.18009244440520034
4.785885365503692
388.2846068660022
0.47670064961264835
6.428571428571429
47.66445182724252
354.73643410852713
8.623784914482588
0.2593207825765965
0.04755687436575877
0.19093596810776317
0.025777532404334343
