1.0
1.0
1.0
40.0
30.0
1.0
243.5775
184.0
255.0
1.0
1.0
1.0
40.0
30.0
1.0
0.0
0.0
0.0
40.0
30.0
1.0
601.0
6.0
19.926788685524127
15.341098169717139
0.0
19.926788685524127
15.341098169717139
0.0
0.7050572977361683
0.0
0.0
43.684201842464276
40.0
30.0
46.400431032480725
46.400431032480725
536.1666666666666
30.799865304809206
0.2398315759379245
1330.794417151284
2.4820536222902407
601.0
244.0
255.0
37266194.0
0.9743468635335928
8.0
1.6063061107872345
255.0
3.46488520242192
248.98169717138103
248.0
244.0
11.0
3.46488520242192
249.0120044684279
0.29969311315044583
37266194.0
0.5176757539430954
15.092843043070204
2.321460877756448
1.4709583617014954
0.8216807446659178
0.08727039276187758
0.8131700902115604
0.18282841469607702
0.6332003287159345
0.18282841469607702
0.6715826701480302
0.146446113233864
0.35555463431231726
1.66820185932555
-0.3272377025213502
0.6755140331490463
0.9085857926519615
0.9634343170607846
0.9085857926519615
0.9390571951013077
0.18282841469607702
0.43762743095046597
1.4853734446294733
0.2489996262269094
116.16680992281505
0.5951998287756046
0.2024000856121977
1.8481589760014017
18.645332028059958
45.29620477280214
11.982613841874409
0.7879602559996496
3.403999252057241
42.63562741630693
0.2037779501255879
0.32653910149750415
7.305299381721257
0.4247031240304565
0.5747296100969865
0.387196502513824
9.941176470588236
0.5847750865051903
0.20761245674740486
1.8823529411764706
3240.764705882353
6701.705882352941
2375.529411764706
0.7794117647058824
1.588235294117647
0.09342560553633218
0.057464918000151605
0.06911102460649304
0.05455339134856626
3.69011651759366
0.028286189683860232
1990.9342560553637
3.6933279073090857
94.85690515806988
0.15783178894853558
4.360513952065471
311.12312811980036
0.2411621230284523
2.217970049916805
45.1630615640599
111.09317803660566
28.68053244592346
0.6955074875207987
0.04099074163158824
0.07079552890978293
0.03353954481203956
