1.0
1.0
1.0
40.0
30.0
1.0
250.85916666666665
117.0
255.0
1.0
1.0
1.0
40.0
30.0
1.0
0.0
0.0
0.0
40.0
30.0
1.0
1161.0
1.0
19.150732127476314
14.94229112833764
0.0
19.150732127476314
14.94229112833764
0.0
0.7431007917335908
0.0
0.0
45.356796268084054
40.0
30.0
49.4064773081425
49.4064773081425
1127.1666666666667
33.70467121731244
0.22016962201158152
2378.9509390023995
2.1105582779852723
1161.0
254.0
255.0
74620747.0
0.42721326137371535
0.0
24.76171066099958
255.0
2.618052541654897
253.45822566752798
255.0
215.0
40.0
0.16642386807295081
253.52085233122895
-4.574397072119009
74620747.0
0.8640766038959257
31.750408221253323
8.643719761321197
2.9292918057592883
1.7967435686558566
-0.6599072655868206
0.2915207251509775
0.03970198240533484
0.7579070443860085
0.03970198240533484
0.24048375088599327
0.038102757406113866
0.8551443255936902
0.5511812958556565
-0.5151270044676375
0.5631125773505574
0.9801490087973326
0.9960298017594665
0.9801490087973326
0.9900745043986663
0.03970198240533484
0.9238520644113122
0.5114793134503223
0.08280567688907807
39.814685015930735
0.4126486416477469
0.5344603408670526
6.238674309275897
327.25685872998474
2930.788056984623
36.95225478015985
0.28870907530780454
4.219114757165407
12.182301254932888
0.12906677024943736
0.0822566752799311
158.72693251480223
0.3025917259759061
0.9716674781104668
0.17028085796398856
3.888888888888889
0.43209876543209874
0.4691358024691358
2.888888888888889
129097.88888888889
1160768.888888889
14381.25
0.6512345679012346
1.2222222222222223
0.13580246913580246
0.17484883173077323
0.17925975145784273
0.17374620823378775
2.947702779220087
0.007751937984496124
112456.88888888889
1.3112219213910334
765.520241171404
0.6593628261596933
2.1974566758734375
1003.1929371231697
0.10871111882669683
8.594315245478036
71.78552971576228
635.953488372093
8.31747057134654
0.13214183175423488
0.019604155775303393
0.13631712918203936
0.005525760107896443
