1.0
1.0
1.0
40.0
30.0
1.0
218.5825
116.0
255.0
1.0
1.0
1.0
40.0
30.0
1.0
0.0
0.0
0.0
40.0
30.0
1.0
791.0
1.0
18.778761061946902
12.192161820480404
0.0
18.778761061946902
12.192161820480404
0.0
0.7490471690084866
0.0
0.0
44.904694263705316
40.0
30.0
49.4064773081425
49.4064773081425
734.8333333333334
33.63573411342009
0.2318765144971696
1698.3215740868065
2.3111656712453708
791.0
218.0
255.0
46459629.0
1.48509464417138
19.0
2.7503012082186857
255.0
11.277465673402256
241.96586599241468
247.0
208.0
47.0
8.640123456790125
242.35368466415107
-0.9926432941044337
46459629.0
0.3743808745990369
187.8281648315995
5.769647096955676
2.3396181400739313
4.898828133206374
-0.838133619502805
1.520242903322801
0.3372333688075835
0.6366231211534106
0.31676631507494946
0.9431417792334089
0.23451477456603867
0.2363346972219056
2.438751349584086
-0.26782195179241997
0.7188299529854385
0.8436635478357887
0.9672212963684402
0.845028018084631
0.9218317739178944
0.29885764305889473
0.36826264905207595
2.0751796781820167
0.46436906803259625
107.46745037699628
0.3509600967287541
0.5617960373697369
4.312332027298661
14.192831059186018
95.83214758781384
3.0778641887840106
0.4516238521391569
3.6540131895509838
90.04568901497615
0.2892940105290554
0.38716814159292035
7.1769633681241904
0.5445398113979468
1.6899282026567153
0.32255159385334803
22.463414634146343
0.5478881618084473
0.4330755502676978
2.3658536585365852
3223.439024390244
21878.829268292684
587.9654471544716
0.7669376693766937
6.121951219512195
0.14931588340273647
0.3429082416752333
0.45677332011498417
0.3146376546566711
3.6996454570318065
0.051833122629582805
2851.231409875075
4.110957322409737
110.4134007585335
0.13958710588942289
5.149815960529407
296.1352718078382
0.5264407901150906
5.6131479140328695
39.991150442477874
267.78002528445006
8.43654305379969
0.3172847310015452
0.06478409833287625
0.21488996621732462
0.03928669666739821
