1.0
1.0
1.0
40.0
30.0
1.0
211.08916666666667
108.0
255.0
1.0
1.0
1.0
40.0
30.0
1.0
0.0
0.0
0.0
40.0
30.0
1.0
852.0
2.0
16.853286384976524
13.320422535211268
0.0
16.853286384976524
13.320422535211268
0.0
0.7883537749243438
0.0
0.0
43.81408485160779
40.0
30.0
49.4064773081425
49.4064773081425
800.4166666666666
34.54099918762051
0.23141830033863944
1801.484405512724
2.250683276017979
852.0
213.0
252.0
47228283.0
1.4409281232776232
18.5
3.2618107964661567
255.0
11.619101148361219
234.9800469483568
237.0
194.0
61.0
8.114314968952304
235.4405594672539
-0.8827975758506006
47228283.0
0.4600277722674072
216.63457840155172
9.287200814866305
3.0086933177610486
5.997417783477849
-0.571333187315905
1.2798432577923933
0.3406795600443169
0.5783193505208336
0.30721213133965675
0.949544917727162
0.2425475442835117
0.3132920872042013
2.3822071830125275
-0.23986916926835994
0.6743296834237883
0.8497406772006377
0.9805506275627693
0.8519718391142816
0.9396731546888908
0.27792813122307913
0.5271678174957448
2.0189214754310814
0.4051307044591775
97.14127617204448
0.3168352317947418
0.7610582357460645
8.209926782700371
18.979372146260996
177.52634344241162
2.281600630574897
0.2228412542192503
4.029968411258001
78.94744694464566
0.2526303846073605
0.35827464788732394
10.21532790479716
0.4960281624355854
3.318941669391333
0.1556743553590653
16.92156862745098
0.3317954632833526
1.1956939638600539
5.117647058823529
3043.8039215686276
27907.098039215685
339.3570261437909
0.5322712418300654
10.686274509803921
0.2095347943098808
0.4398879983706993
1.1397514007477136
0.3567972128596863
3.7977265091393937
0.05985915492957746
2764.7174163783166
3.9861850186128893
125.72535211267606
0.14756496726839913
4.998528731071877
391.943661971831
0.4663095946571447
9.131455399061032
42.62206572769953
411.63145539906105
4.944819379238393
0.1559239697443923
0.0651395548112307
0.3830349803479904
0.02893488179848655
