1.0
1.0
1.0
40.0
30.0
1.0
244.8225
161.0
255.0
1.0
1.0
1.0
40.0
30.0
1.0
0.0
0.0
0.0
40.0
30.0
1.0
897.0
1.0
20.162764771460424
15.645484949832776
0.0
20.162764771460424
15.645484949832776
0.0
0.7099337649720953
0.0
0.0
47.17357740138375
40.0
30.0
49.4064773081425
49.4064773081425
834.5833333333334
33.49011541176692
0.2230800483649101
1921.6304248817291
2.302502755724488
897.0
242.0
255.0
56104925.0
0.9826083516322164
9.0
1.9079725501345361
255.0
4.382309916990736
250.04570791527314
252.0
240.0
15.0
3.8834723367636
250.09457519913477
-0.5727078175895618
56104925.0
0.5120064528236696
24.440497185589518
2.760857310543015
1.6206752462535299
0.8319255895182562
-0.306397911913827
0.7392034453703192
0.20233685643514907
0.5696960153646853
0.20233685643514907
0.7175986333641586
0.15943519455515043
0.36979465454211546
1.6634453860879512
-0.26216725547566555
0.6149155026568398
0.8988315717824256
0.9595326287129702
0.8988315717824256
0.9325543811882837
0.20233685643514907
0.5195068180359552
1.4611085296528024
0.23538507545136705
136.63335878452628
0.5211604980341488
0.23941975098292562
2.194619076787491
23.319054057590204
74.2322618822052
10.590752101436458
0.7013452308031273
3.738995347899859
48.60117874628882
0.17896695597931128
0.29264214046822745
10.17936012210258
0.38375777702470265
0.6392276537141697
0.31989030785233585
10.157894736842104
0.5346260387811634
0.23268698060941828
2.1052631578947367
11210.473684210527
33544.68421052631
5626.921052631579
0.7236842105263158
1.8421052631578947
0.09695290858725762
0.23524534840128516
0.4083493758667114
0.19196934153492867
3.997670276487608
0.021181716833890748
8981.639889196675
3.5458516012486743
156.97993311036788
0.17500549956562753
3.881395808398862
459.2697881828317
0.24399677358816518
2.7324414715719065
48.22185061315496
147.69342251950948
23.35395763656633
0.5668896321070234
0.03777883899131311
0.08163820507764606
0.02681399746972987
