1.0
1.0
1.0
40.0
30.0
1.0
244.87166666666667
205.0
255.0
1.0
1.0
1.0
40.0
30.0
1.0
0.0
0.0
0.0
40.0
30.0
1.0
732.0
6.0
19.773224043715846
15.719945355191257
0.0
19.773224043715846
15.719945355191257
0.0
0.693606351043671
0.0
0.0
46.52414499582976
40.0
30.0
49.4064773081425
49.4064773081425
650.4166666666666
32.26944244598414
0.22144349852452233
1639.3900614881186
2.5205228363686643
732.0
245.0
254.0
45657937.0
0.9993483218749406
6.25
1.6368603580021628
255.0
3.192761055869091
249.72267759562843
250.0
244.0
11.0
2.7535577247427896
249.7483350781681
-0.09192465532674747
45657937.0
0.5004516408372899
12.8151687867658
2.605228700165946
1.576573750213217
0.7607730138654742
-0.18380636000405398
0.727436955036437
0.24898510094741205
0.48983423258124803
0.24898510094741205
0.8049569070965136
0.18575982046823655
0.32602915153983886
1.7819886684086104
-0.186954978243148
0.5462396484528126
0.8755074495262939
0.9502029798105176
0.8755074495262939
0.9170049663508626
0.24898510094741205
0.4520811997395111
1.5330035674611986
0.2441055139959623
150.9424170681292
0.5314126711409662
0.23429366442951688
2.129146517633168
11.410833851539444
32.38898552646342
6.166295932808451
0.717713370591708
3.2347351232552457
74.96708987716107
0.25578667954913825
0.3890027322404372
4.344444030089212
0.49898004930169876
0.8064047190810362
0.42212388185686445
29.681818181818183
0.6745867768595041
0.16270661157024796
1.6136363636363635
1783.590909090909
5021.340909090909
974.1534090909091
0.8465909090909091
5.2272727272727275
0.11880165289256199
0.2886062270997623
0.32581106812835525
0.2793050168426141
3.8408115970719803
0.060109289617486336
1506.822314049587
3.8581544834292423
97.0
0.1325136612021858
4.6623144913255095
366.3306010928962
0.2497741795813551
2.5450819672131146
39.330601092896174
113.56420765027322
20.772199453551913
0.6137295081967213
0.06332633106369445
0.1098656319312789
0.05169150584679834
