1.0
1.0
1.0
40.0
30.0
1.0
213.30833333333334
148.0
251.0
1.0
1.0
1.0
40.0
30.0
1.0
0.0
0.0
0.0
40.0
30.0
1.0
706.0
1.0
17.794617563739376
14.145892351274787
0.0
17.794617563739376
14.145892351274787
0.0
0.6748121429294273
0.0
0.0
52.261222111863496
40.0
30.0
49.4064773081425
49.4064773081425
647.0
35.266507285417376
0.23633130175124367
1530.731658902972
2.365891281148334
706.0
217.0
241.0
38064371.0
0.7844963437634571
14.0
2.493594082778595
251.0
7.874579685255479
232.0099150141643
236.0
210.0
41.0
5.929196675900276
232.19719994017296
-0.7726887774816384
38064371.0
0.6488255262460978
86.93899517691338
3.4071332894125037
1.8252914843421608
0.8269231408153487
-0.47637902851272107
0.44297942268610035
0.14156301698221418
0.5145074261436053
0.14156301698221418
0.587275466085545
0.12134830840433312
0.5875185635041256
1.2059553954741074
-0.22965999639260443
0.5155079579656807
0.9292184915088929
0.9858436983017786
0.9292184915088929
0.9646092457544465
0.14156301698221418
0.7524696309739254
1.0643923784918938
0.14613560991707863
91.20856647415039
0.4995070831324623
0.2590407133601289
2.467045845690797
38.4729556652218
146.44433645064476
11.486317114505415
0.6394451842166637
3.561005667394786
43.586638186607566
0.23537789981457657
0.2588526912181303
22.601747502219624
0.4916145642356415
0.8595680195089265
0.4058328460566832
7.0
0.5
0.3877551020408163
2.4285714285714284
21168.285714285714
82287.0
5888.686507936508
0.7222222222222222
2.2857142857142856
0.16326530612244897
0.18882714781088497
0.9890659945173494
0.06813251549934823
3.235926350629029
0.019830028328611898
18625.244897959183
2.8750733764711276
179.04249291784703
0.25360126475615724
5.113964480896243
458.07082152974505
0.17654423035254277
3.331444759206799
53.12747875354108
197.97167138810198
16.918004406672964
0.4187126219704123
0.039912945413712646
0.10546597430547079
0.02509849996288516
