1.0
1.0
1.0
40.0
30.0
1.0
239.23583333333335
168.0
255.0
1.0
1.0
1.0
40.0
30.0
1.0
0.0
0.0
0.0
40.0
30.0
1.0
1056.0
1.0
18.15530303030303
15.464962121212121
0.0
18.15530303030303
15.464962121212121
0.0
0.7496737325776611
0.0
0.0
44.03523153452174
40.0
30.0
49.4064773081425
49.4064773081425
1015.6666666666666
33.012056389406446
0.22295230253865947
2191.6588942194303
2.157852537793991
1056.0
233.0
255.0
63544542.0
1.0890211371902683
13.0
2.7400542932313074
255.0
6.960790432736457
245.16098484848484
246.0
221.0
34.0
5.633813362342808
245.30543345351768
-0.7132536437591381
63544542.0
0.50221138946281
70.84718993916435
5.8197669965665915
2.3785841074076624
1.270026917240978
0.18485791890970557
0.8537397852008645
0.20534333887594847
0.6124347666654046
0.20483209143218573
0.7283299683370659
0.16224952693443778
0.3492822386569817
1.8252049995678647
-0.2896520838822291
0.6727639194821509
0.8976350790282833
0.9794892621482711
0.8976691621912009
0.9488175395141417
0.20438474991889327
0.48973734163187255
1.6179903044337194
0.26477078101920326
119.36081005648741
0.44574700642391396
0.36120311077266987
5.799234980421774
28.748702673507083
161.50403175537164
5.963986016698456
0.24670778799261717
4.246253677570097
40.77628943850279
0.1480775301840712
0.25284090909090906
11.650422319047857
0.3022539432974807
1.5244440876791554
0.10797647111533558
10.583333333333334
0.4409722222222222
0.8888888888888888
4.25
15618.666666666666
69114.45833333333
3721.478009259259
0.6041666666666666
4.333333333333333
0.18055555555555555
0.4153623409571851
0.7636107472125367
0.37665863323172166
3.303508854797674
0.022727272727272728
13682.666666666666
3.5856934991238933
203.77651515151516
0.19297018480257117
3.465392561983471
530.3352272727273
0.2719444085743802
5.872159090909091
52.14772727272727
306.09185606060606
10.399910563973064
0.21125315656565657
0.03570943395596173
0.17032908076775885
0.014704815517765047
