1.0
1.0
1.0
40.0
30.0
1.0
214.425
122.0
254.0
1.0
1.0
1.0
40.0
30.0
1.0
0.0
0.0
0.0
40.0
30.0
1.0
899.0
3.0
19.190211345939932
13.57397107897664
0.0
19.190211345939932
13.57397107897664
0.0
0.771389750300577
0.0
0.0
44.00066124728882
40.0
30.0
49.4064773081425
49.4064773081425
853.25
33.94165909260639
0.23125349375977158
1881.2507512758839
2.2048060372410005
899.0
216.0
244.0
48169139.0
0.9058593006806708
14.0
3.6425153391619483
254.0
8.421011604786433
231.21134593993327
232.0
198.0
56.0
5.885409226308577
231.4752681768197
-0.8405271854335147
48169139.0
0.6467611398649594
122.11328617509751
8.1935813633727
2.8441298027290527
1.7954303416940938
-0.5503982367825996
0.5662730597733059
0.1485331416750059
0.5805110682570335
0.14608464113643985
0.5994187441310554
0.1258903936555603
0.5781334042647902
1.3745931823551003
-0.3003048196151865
0.6047261241242269
0.9272025294856365
0.991305965205092
0.9273657628548744
0.9708646884573309
0.14394220316519452
0.7487023988398526
1.221239279187467
0.17870155036207794
81.86936108178502
0.4257212666724994
0.41537060109934176
6.409590326364451
56.54073833174456
495.1402225032767
6.741135922416484
0.22189820205069408
3.922783297707042
38.805650051194824
0.1926094959589096
0.21357063403781978
31.619632164632826
0.4214352604889128
2.0019662766231128
0.13069932805502213
6.0
0.3333333333333333
0.9876543209876543
4.555555555555555
26423.055555555555
235133.44444444444
3012.288966049383
0.5470679012345678
4.444444444444445
0.24691358024691357
0.4873073078672079
1.5366589670031354
0.38217104066227764
3.197159723424145
0.020022246941045607
23928.608024691355
2.8041087522430392
271.0444938820912
0.3014955438065531
4.428970021071491
581.4382647385985
0.2137389090090213
8.07119021134594
57.59399332591769
498.6896551724138
7.045196823631195
0.1467602892102336
0.0371578157794655
0.21759427432036546
0.012810704570368914
