1.0
1.0
1.0
40.0
30.0
1.0
234.02166666666668
126.0
255.0
1.0
1.0
1.0
40.0
30.0
1.0
0.0
0.0
0.0
40.0
30.0
1.0
1141.0
1.0
19.04382120946538
15.196319018404909
0.0
19.04382120946538
15.196319018404909
0.0
0.7147868098832139
0.0
0.0
46.233462508699446
40.0
30.0
49.4064773081425
49.4064773081425
1105.9166666666667
33.04706917644845
0.22082591686871367
2341.9755185498525
2.1176781118678494
1141.0
225.0
253.0
64257981.0
1.0073339794278673
13.0
2.745322716482994
255.0
7.962068729784058
237.1034180543383
236.0
207.0
48.0
5.702370105047078
237.3125553030639
0.018695229798949525
64257981.0
0.6167422368096623
99.21805141944618
4.4220485904772335
2.0656754562012702
2.507817614007284
0.18804217042164337
0.7555184911001978
0.13541394579716803
0.6950676384583664
0.13541394579716803
0.5598133440520234
0.11527868757703624
0.5175676641059573
1.5670731682191992
-0.40970927836274385
0.7310494603219065
0.932293027101416
0.9864586054202833
0.932293027101416
0.966146513550708
0.13541394579716803
0.70523928853068
1.4316592224220317
0.22273310922434147
79.69043672003578
0.3987316103570116
0.45869851423720076
4.390519139061878
92.73521894061689
396.0281415370823
24.011942921229725
0.3980477141391216
4.633447305936011
22.996928867358495
0.10814237764247045
0.1757230499561788
46.439929639702974
0.24651449571898704
0.8477749758390303
0.1529547341519648
3.6666666666666665
0.4074074074074074
0.8888888888888888
4.888888888888889
87357.66666666667
356416.6666666667
22016.620370370372
0.5216049382716049
1.0
0.1111111111111111
0.12852414366297726
0.16822248105082208
0.12411315681791818
3.169925001442309
0.007887817703768623
71285.06172839506
2.8983258291791714
389.09991235758105
0.3410165752476609
3.1087833680651307
703.7028921998248
0.23017618353751226
4.4504820333041195
60.7808939526731
270.1069237510955
16.341099425455255
0.2970834550589152
0.02347713471891824
0.0975604203280949
0.009508045781104809
