1.0
1.0
1.0
40.0
30.0
1.0
218.4775
111.0
255.0
1.0
1.0
1.0
40.0
30.0
1.0
0.0
0.0
0.0
40.0
30.0
1.0
907.0
1.0
17.32194046306505
13.231532524807056
0.0
17.32194046306505
13.231532524807056
0.0
0.6787215026788423
0.0
0.0
46.890309619796334
40.0
30.0
49.4064773081425
49.4064773081425
861.25
31.825461406224345
0.23005750635572583
1902.8324089673047
2.2093845096862754
907.0
219.60000000000002
253.0
50861319.0
1.3043473838715705
19.5
2.8232226547542356
255.0
10.47748675315961
236.45534729878722
237.0
200.0
55.0
8.093552816357422
236.80461710314506
-0.5725080173571615
50861319.0
0.4727277368598272
165.29541517706818
4.575330078438693
2.084310548653696
3.7453596023220532
0.1278783622722906
1.1305833451698712
0.20688610261180945
0.6899420100423299
0.20505683431912652
0.7319820719770335
0.16369946883087105
0.35366633396671815
2.053781899816209
-0.35968278729081526
0.7657147597581547
0.8976545096697051
0.9793958175061737
0.8977764608892173
0.9488272548348525
0.20345622456302898
0.5568552818569636
1.8417069741828374
0.33436736194542016
90.63038517245533
0.372416673096067
0.5095106324731546
3.9197901969044135
29.05288666772587
137.55666451546918
7.950534582493583
0.48116601688733884
4.231486034836376
44.7031214956495
0.17804354436146888
0.26819184123484013
13.804740213648397
0.39063643422566746
1.1737221970241944
0.2597581234466861
6.625
0.4140625
0.71484375
3.5625
19529.6875
84699.5625
5123.121527777777
0.6371527777777778
1.625
0.1015625
0.2280250437029511
0.8556192555372694
0.1582058956228334
3.8749999999999947
0.017640573318632856
16316.21484375
3.705745931844641
180.72436604189636
0.19925508935159467
4.064817437327463
428.7640573318633
0.3610701526410413
4.525909592061742
51.04851157662624
246.26791620727673
13.944015680509617
0.342704887908857
0.03518074458947694
0.13483231816145136
0.017935801215044116
