1.0
1.0
1.0
40.0
30.0
1.0
215.81
137.0
255.0
1.0
1.0
1.0
40.0
30.0
1.0
0.0
0.0
0.0
40.0
30.0
1.0
845.0
1.0
19.86627218934911
12.933727810650888
0.0
19.86627218934911
12.933727810650888
0.0
0.7584074936012332
0.0
0.0
47.07960524730623
40.0
30.0
49.4064773081425
49.4064773081425
793.0
35.70552541534499
0.23119754029981662
1792.0482832333919
2.2598339006726254
845.0
214.0
244.0
45110759.0
0.957271373157684
17.0
2.2067210157071067
255.0
9.2586534084941
230.79408284023668
232.0
206.0
49.0
7.46218487394958
231.05305366834574
-0.3992967090641201
45110759.0
0.5676369875004376
119.60493540142153
3.2201832527896945
1.7580255411870511
1.249353084263061
-0.4684081991550144
0.6729033314995773
0.1551439726286182
0.6240006923026835
0.1551439726286182
0.6184713748240227
0.13029943095163748
0.47590790277176764
1.5194923325694196
-0.31955744909056727
0.6557114145433254
0.9224280136856909
0.9844856027371383
0.9224280136856909
0.9612140068428454
0.1551439726286182
0.656774939329892
1.3643483599408022
0.20701182603204887
97.19018455153441
0.4821637713604315
0.3063550353008956
2.491688421655282
40.07908736344207
146.33125498684697
13.61228516276308
0.6589676151807558
3.945915302928568
34.56992963084533
0.1656506435518011
0.23875739644970412
20.866034061384575
0.36077003383124384
0.7343429231871934
0.2868208608512126
7.166666666666667
0.5972222222222222
0.576388888888889
2.5833333333333335
29744.25
115330.5
8351.854166666666
0.7893518518518517
1.3333333333333333
0.1111111111111111
0.03610583925215684
0.12869916235830045
0.02581759078014768
3.2516291673878195
0.014201183431952662
24785.74305555556
3.121006909961465
201.76686390532544
0.23877735373411296
3.7954609432442843
479.6532544378698
0.22567277056125484
3.162130177514793
54.06272189349112
188.01183431952663
20.76873767258383
0.471301775147929
0.02872587367184437
0.07727029374098972
0.017544184608973987
