1.0
1.0
1.0
40.0
30.0
1.0
220.985
134.0
255.0
1.0
1.0
1.0
40.0
30.0
1.0
0.0
0.0
0.0
40.0
30.0
1.0
931.0
1.0
19.74436090225564
14.88077336197637
0.0
19.74436090225564
14.88077336197637
0.0
0.6338835250516446
0.0
0.0
49.50317175162878
40.0
30.0
49.4064773081425
49.4064773081425
890.6666666666666
31.379245011159444
0.23107510225068575
1937.348585508782
2.175166825047285
931.0
214.0
254.0
52187785.0
1.4281711967098218
22.0
2.340389492391645
255.0
11.619556025248022
236.3404940923738
237.0
203.0
52.0
9.415147344764021
236.76068716329686
-0.5047719962532338
52187785.0
0.41072798614612327
198.79383820914876
4.675676556917125
2.083968218269247
5.404507659474893
-0.07733627585555586
1.5033235715743603
0.17269803785628837
0.7937401357459755
0.17269803785628837
0.6599485557979232
0.1421059055496022
0.3070435856603951
2.136993925125124
-0.4714320471620169
0.8535606991674463
0.9136509810718558
0.9827301962143711
0.9136509810718558
0.9568254905359279
0.17269803785628837
0.4874982783035754
1.964295887268836
0.41900540235766215
80.5515415221536
0.3768783937922911
0.50186198602911
3.7446771772120266
39.35420914423396
193.97798162589172
11.601355388696225
0.504051551837608
4.387279859239224
31.658086244124288
0.14434664564668465
0.22932330827067668
18.5269637648993
0.3344617179485081
0.858597633234628
0.236970418777144
5.666666666666667
0.6296296296296297
0.4444444444444444
2.2222222222222223
36657.444444444445
170552.0
9213.558641975309
0.8179012345679012
1.0
0.1111111111111111
0.1146552612210247
0.11467468888053192
0.11465293203469813
3.169925001442309
0.00966702470461869
25956.69135802469
3.7079747144421153
229.3888292158969
0.2463897198881814
3.671886483125106
382.38775510204084
0.4392052711185667
4.577873254564984
55.015037593984964
270.79914070891516
17.33467597565342
0.3692863110156343
0.028830255607434522
0.106362215332089
0.015123788527568847
