1.0
1.0
1.0
40.0
30.0
1.0
237.8375
177.0
255.0
1.0
1.0
1.0
40.0
30.0
1.0
0.0
0.0
0.0
40.0
30.0
1.0
1161.0
1.0
18.93367786391042
14.881998277347115
0.0
18.93367786391042
14.881998277347115
0.0
0.7483174311117069
0.0
0.0
45.355974038904904
40.0
30.0
49.4064773081425
49.4064773081425
1125.4166666666667
33.94066597836259
0.2197619124730353
2380.8969222034257
2.1155692755602447
1161.0
231.0
247.0
66574113.0
0.46718585616120156
8.0
3.592497852136289
255.0
4.960934654182256
239.37381567614125
240.0
216.0
39.0
3.409353780455652
239.4619884817809
-0.1573278808503225
66574113.0
0.8502375139195844
42.220296293328765
4.230045403902996
2.0458477189316167
0.7133544993988683
0.2520133935704345
0.2415910070723675
0.06338450328416478
0.5840664569385166
0.06202296722727091
0.335951381876868
0.059419566228751726
0.7973553978845744
0.7466243070818789
-0.35521556012478406
0.5213585156146373
0.9691246699920539
0.9937243897972863
0.9692154390625134
0.984562334996027
0.06083162317748874
0.891322504596199
0.6779930270103385
0.07624387758913308
60.964663277778136
0.4971589450607324
0.3361626890440069
4.49564344185901
221.32815047819045
898.3276812597552
55.19096003807637
0.33572950304304827
4.549003824357617
11.704576422511739
0.09738858640487738
0.10465116279069767
113.07259677623227
0.2525307345813105
0.9442298774229212
0.14373731223183264
6.733333333333333
0.4488888888888889
0.7555555555555555
3.533333333333333
76083.66666666667
305213.13333333336
19000.114814814817
0.662962962962963
2.466666666666667
0.16444444444444445
0.3398415400386276
0.691906900895251
0.2729453644335252
3.3232314287976172
0.012919896640826873
70092.90666666666
1.810489270478462
618.8776916451335
0.5330557206245766
2.448090058690383
987.1257536606374
0.07846453909390833
4.242032730404824
69.0792420327304
289.2566752799311
17.036127859125276
0.2564838740549335
0.023011343402324084
0.08825941149420498
0.009297405554594669
