1.0
1.0
1.0
40.0
30.0
1.0
231.29583333333332
134.0
255.0
1.0
1.0
1.0
40.0
30.0
1.0
0.0
0.0
0.0
40.0
30.0
1.0
1052.0
1.0
17.34790874524715
15.48574144486692
0.0
17.34790874524715
15.48574144486692
0.0
0.7524711712085748
0.0
0.0
43.62398636350692
40.0
30.0
49.4064773081425
49.4064773081425
1016.0833333333334
32.82579211173495
0.22518101152956702
2170.5605760296203
2.136203306188423
1052.0
225.0
252.0
59927162.0
1.0828893015155168
16.0
2.2891435748778246
255.0
8.603872399485319
238.45437262357413
239.0
210.0
45.0
6.77642336851494
238.67338119223484
-0.20504388643989355
59927162.0
0.5767088580144285
104.49506643149388
4.572765316258397
2.103470026292018
2.3830344994051504
0.19197512643052125
0.795040010327832
0.20241898765182195
0.5937360236350951
0.20190721692510755
0.7197626665791996
0.15994244436760535
0.4362610979561222
1.8172814068467593
-0.27942491171716183
0.6561852257587671
0.8990975686101177
0.9797817214222047
0.8991316866585654
0.949548784305059
0.2014594175392324
0.6392075719845698
1.6128960225658124
0.2493647494949135
99.72214232465893
0.3879395458684916
0.47579163156493687
4.667390594202765
38.172290932295084
167.72962739096602
9.793490276191907
0.37503550921872447
4.35982276167706
41.28311679486908
0.15454714013940524
0.2438212927756654
18.87241030785627
0.34424363841742256
1.444640101562399
0.17850722292241772
11.583333333333334
0.4826388888888889
0.8055555555555556
3.5833333333333335
23146.833333333332
95333.45833333333
5748.927083333333
0.6782407407407408
2.1666666666666665
0.09027777777777778
0.212772882231977
0.6762392707246389
0.1612639030189427
3.990601562950717
0.022813688212927757
21225.47222222222
3.44562942540416
220.26235741444867
0.20937486446240366
3.839762032124218
606.6977186311788
0.2592951683557663
4.620722433460076
53.534220532319395
244.4458174904943
13.87243874102239
0.2923267849598648
0.0341564298934614
0.14530090032950232
0.015183557604407065
