1.0
1.0
1.0
40.0
30.0
1.0
231.25166666666667
105.0
255.0
1.0
1.0
1.0
40.0
30.0
1.0
0.0
0.0
0.0
40.0
30.0
1.0
1003.0
1.0
16.754735792622135
13.663010967098703
0.0
16.754735792622135
13.663010967098703
0.0
0.7929484626545634
0.0
0.0
42.593871539296124
40.0
30.0
49.4064773081425
49.4064773081425
962.9166666666666
33.774744955590826
0.22706388538663808
2076.802487758876
2.1567831980187377
1003.0
225.0
255.0
60285039.0
1.3454638867674165
15.0
4.041167953511271
255.0
9.98830030347641
244.84247258225324
251.0
204.0
51.0
6.767504405764466
245.1626497358915
-1.3861817610969263
60285039.0
0.42940470711494627
156.888445332
6.4492678382334265
2.47238260125497
5.550313739135489
-1.3719446924363319
1.4840332596673462
0.13803063460598006
0.829111115386354
0.13534820003443088
0.5743857861262582
0.11898681514797052
0.3590863908494025
1.8965163805034893
-0.5313911947308422
0.8614886439779545
0.9325941434399395
0.986320741211935
0.9327729724113761
0.9662970717199697
0.13300106978432533
0.5080604233364812
1.7509828190104058
0.40551597356833163
65.5547802605171
0.3492284465403117
0.5696642708693166
4.738827103263713
60.44528041080131
436.3684303945122
10.908122043137675
0.4066955065167453
4.571342650742457
24.40730070058973
0.12484787015751558
0.18743768693918247
28.367001460344998
0.3121797251111033
0.9336052123949334
0.188258969183572
5.166666666666667
0.4305555555555556
0.576388888888889
3.0833333333333335
27288.25
190645.16666666666
4852.724537037037
0.6643518518518519
1.5
0.125
0.2757927548126872
0.3396379115368548
0.25984085692550335
3.1887218755408635
0.011964107676969093
20302.07638888889
3.3220085139333113
326.7886340977069
0.3258112004962182
3.5201891831981618
430.6929212362911
0.44513717074101716
6.372881355932203
59.77766699900299
412.7577268195414
12.011216350947159
0.25055389387393373
0.027472625114075763
0.13127872460974346
0.011901700133041988
