1.0
1.0
1.0
40.0
30.0
1.0
223.895
137.0
255.0
1.0
1.0
1.0
40.0
30.0
1.0
0.0
0.0
0.0
40.0
30.0
1.0
996.0
1.0
20.40461847389558
16.039156626506024
0.0
20.40461847389558
16.039156626506024
0.0
0.6761462427726038
0.0
0.0
48.90259112018309
40.0
30.0
49.4064773081425
49.4064773081425
957.4166666666666
33.065303247756695
0.228078687523172
2059.6815318942436
2.1512906591288123
996.0
217.0
254.0
55480089.0
1.4815472733341641
25.0
1.936713025309127
255.0
12.218022693182368
235.5953815261044
234.0
202.0
53.0
10.063689619154626
236.0146194675441
-0.15146684818821637
55480089.0
0.3841530781761585
197.71680597893584
4.46737710997168
2.0262844195835656
5.991655029825957
0.08018763700157816
1.6736299181662895
0.22744047026072156
0.7606911596464218
0.22526714345623935
0.77039320204685
0.17510794590058681
0.25134858865833404
2.3414328769257513
-0.41067805425413006
0.8336653518679932
0.8875837609523286
0.977356260364904
0.8877286494059606
0.9437918804761642
0.22336548250231744
0.4124934249063429
2.107734565485463
0.4752675971067527
99.61939147988915
0.370545233052158
0.5105094720901573
4.11996124807829
25.909154278194865
122.93824809016672
9.134398339940887
0.4544719898249736
4.381666865519188
44.03624538230009
0.1572728146340563
0.2700803212851406
10.753142669526483
0.34120005885276367
1.1667599606923034
0.1907470096522837
5.5
0.34375
0.609375
4.125
15856.375
65889.4375
5421.859375
0.4965277777777778
1.625
0.1015625
0.1656213570627463
0.7394512270891962
0.09231382210007426
3.874999999999995
0.01606425702811245
11981.3125
4.0502201921207694
194.63052208835342
0.19541217077143916
3.7211819164207025
382.6164658634538
0.48256782148675026
4.559236947791165
50.497991967871485
241.8062248995984
17.947595939312805
0.3890841142347166
0.0324584448906738
0.13441675953625537
0.015142880418225348
