1.0
1.0
1.0
40.0
30.0
1.0
220.085
131.0
253.0
1.0
1.0
1.0
40.0
30.0
1.0
0.0
0.0
0.0
40.0
30.0
1.0
869.0
2.0
19.665132336018413
15.49597238204833
0.0
19.665132336018413
15.49597238204833
0.0
0.7858916922513217
0.0
0.0
42.488287379578225
40.0
30.0
49.4064773081425
49.4064773081425
818.3333333333334
33.39119206959721
0.23062692163247067
1834.5418221000518
2.2418026339308166
869.0
218.0
241.0
46303235.0
0.8560623697808974
10.0
2.8671689663974482
253.0
6.6731968414682425
230.67318757192174
232.0
212.0
41.0
4.573221112776058
230.83187481450594
-0.26252834488792004
46303235.0
0.6426033653750657
73.23496578875238
3.5085612845030143
1.8497722456912464
1.1126804842782088
-0.42055088934606794
0.49248574612636287
0.14500247411180647
0.5430061293331676
0.14500247411180647
0.5944715170294115
0.1235202748976721
0.5750246104497784
1.3271309907633426
-0.2568270393393465
0.5619659040467628
0.9274987629440968
0.9854997525888194
0.9274987629440968
0.9637493814720484
0.14500247411180647
0.7455252241501651
1.1821285166515367
0.1593720550595423
89.53034714775046
0.45841848059303836
0.3490063520818492
2.6949305982455156
55.76776119144904
215.69428689559905
15.93719979217217
0.6320370470922958
3.8659350494804148
40.31139807382901
0.20138277244793876
0.22497123130034524
34.01748192427849
0.43241675985105793
0.9618264601108173
0.34006822346538274
11.571428571428571
0.5510204081632653
0.5306122448979592
2.5714285714285716
20968.04761904762
83052.71428571429
5450.902116402116
0.7658730158730158
1.8571428571428572
0.08843537414965986
0.15115467657585013
0.28485870923049317
0.13389562902359442
3.9161269465882795
0.024165707710011506
19255.664399092966
2.864088436667328
242.7146144994246
0.27930335385434363
4.560598335983982
558.4223245109321
0.18887627936294377
3.4487917146144995
56.40391254315305
211.49482163406213
17.858777649916888
0.4057025955760133
0.034166388511249875
0.09352090684971938
0.021356840175123026
