1.0
1.0
1.0
40.0
30.0
1.0
224.69
136.0
255.0
1.0
1.0
1.0
40.0
30.0
1.0
0.0
0.0
0.0
40.0
30.0
1.0
939.0
1.0
16.656017039403622
13.215122470713524
0.0
16.656017039403622
13.215122470713524
0.0
0.699409831176513
0.0
0.0
45.08709621952891
40.0
30.0
48.010415536631214
48.010415536631214
902.1666666666666
31.534358355139908
0.23214223593246425
1945.0068976739938
2.1559285767677743
939.0
225.0
255.0
54960574.0
1.3253124837197872
17.0
3.5491662671318123
255.0
9.686699080548156
241.6272630457934
244.0
203.0
52.0
7.428827907093443
241.93173154074805
-0.9990908863824914
54960574.0
0.4407210444120079
147.22847930354385
5.438749355198327
2.2731958682577966
3.625114047226594
-0.11808707557667661
1.2608548313195451
0.17560932325279477
0.755452384537661
0.17502994897701263
0.6662961599302558
0.14401429545690073
0.3317900300099342
2.008731998808037
-0.43921317106838664
0.8196816457979377
0.9125429629390719
0.9824658080259103
0.9125815878907907
0.9562714814695359
0.17452299648570324
0.47900416885584635
1.8310724131825264
0.35911603864308506
78.94037069873644
0.37216350492428857
0.5063516564575687
4.457904709630235
41.12416888231789
249.21923294092363
8.77714254971082
0.4104103160816268
4.420960358448678
32.56846705724417
0.1495160227357139
0.22523961661341851
19.265221869753674
0.3568174753194773
1.2450890203280756
0.2140091427451317
8.142857142857142
0.3877551020408163
0.8571428571428571
4.857142857142857
12634.714285714286
70109.90476190476
2695.863756613757
0.5119047619047619
2.142857142857143
0.10204081632653061
0.1928296321591433
0.9120581881777063
0.1125087233563279
3.7849418274376383
0.022364217252396165
10635.34693877551
3.5536208178740853
239.07241746538872
0.2546032134881669
4.0417002657303165
413.8370607028754
0.37980721792948113
5.410010649627263
55.854100106496276
323.9211927582535
12.571796237131702
0.276150751390368
0.032538384205494604
0.14853423872605878
0.014320147206627602
