1.0
1.0
1.0
40.0
30.0
1.0
235.8425
175.0
255.0
1.0
1.0
1.0
40.0
30.0
1.0
0.0
0.0
0.0
40.0
30.0
1.0
1007.0
2.0
19.438927507447865
13.63853028798411
0.0
19.438927507447865
13.63853028798411
0.0
0.7759801150859243
0.0
0.0
41.82981884270963
40.0
30.0
45.803929962395145
45.803929962395145
966.3333333333334
32.459107639589185
0.22547555717130835
2096.376564844597
2.1694134855239016
1007.0
230.0
254.0
59108899.0
0.8728743240258785
11.0
2.373121690084878
255.0
6.731045541191796
242.1340615690169
243.0
223.0
32.0
5.098435374149659
242.27672795717
-0.34479025275440756
59108899.0
0.6374001650807801
69.1091377241139
4.972437722696088
2.2028126144675424
1.2207148463538806
0.5288755552546844
0.6176705017633517
0.13747926350002007
0.6358377507459801
0.13747926350002007
0.57426508111228
0.11801376987197676
0.5245617041908383
1.4147434822729854
-0.33984743807216544
0.6580325338274624
0.9312603682499899
0.986252073649998
0.9312603682499899
0.9656301841249949
0.13747926350002007
0.7013334716740613
1.2772642187729661
0.1887874413158429
90.06724423622535
0.45949457622535506
0.35530886082320445
5.341650871420738
65.55490896871945
292.9458984514699
15.622245345949
0.27217360299824894
4.413923827054509
28.123212604010206
0.14025106744240318
0.19414101290963257
36.59714713406993
0.3228211212394826
1.5567728748938032
0.1285397091434594
9.083333333333334
0.3784722222222222
0.7482638888888888
3.9583333333333335
22153.375
93397.08333333333
5406.938657407408
0.5844907407407408
4.666666666666667
0.19444444444444445
0.4176999194815299
0.5511536052919385
0.40018675349293686
3.031453645923474
0.023833167825223437
20392.873263888883
3.053599836606144
275.1449851042701
0.2732323585941113
3.5242379806104047
641.8619662363456
0.19327271167369625
5.000993048659384
58.98013902681232
285.6643495531281
13.416887344146529
0.23477325388944056
0.03360923616568626
0.13828481822130448
0.015416869837879613
