1.0
1.0
1.0
40.0
30.0
1.0
234.17916666666667
162.0
255.0
1.0
1.0
1.0
40.0
30.0
1.0
0.0
0.0
0.0
40.0
30.0
1.0
931.0
1.0
21.954887218045112
13.320085929108485
0.0
21.954887218045112
13.320085929108485
0.0
0.7021997723878016
0.0
0.0
45.05662529101406
40.0
30.0
49.4064773081425
49.4064773081425
893.75
31.638752023912538
0.23228970588496883
1931.6637519234848
2.161302100054249
931.0
234.0
254.0
56056820.0
1.0604988142032425
10.0
3.480922681893436
255.0
6.177453761763622
245.25671321160044
247.0
221.0
34.0
4.441490536512319
245.38012773888485
-1.0081494016164017
56056820.0
0.5177194174634069
60.55171379422932
5.690814017302227
2.3556877969992898
1.158033869626181
0.2472924189981851
0.7907035764107777
0.22454137353023002
0.5575952347591133
0.22395997818139282
0.7645684688026758
0.173186409715545
0.35087550019649494
1.8248578191504212
-0.23934283900684733
0.6180417665254575
0.8880781504441874
0.9775726962784618
0.8881169101341099
0.9440390752220937
0.22345125725116027
0.5079771925135382
1.598228516747593
0.253811237485252
115.82281131816826
0.4559875114171663
0.3437313480162717
5.806172739954682
23.17409837601511
126.03983789333914
4.931327377373861
0.23992813285447928
4.123665854206413
40.80796871142158
0.15542636239691573
0.2722878625134264
8.531691565705708
0.31392137775904044
1.6726570098691578
0.10411740132153027
8.090909090909092
0.3677685950413223
0.8181818181818182
4.818181818181818
16007.5
69940.18181818182
3839.1275252525256
0.5
3.3636363636363638
0.15289256198347106
0.3697065917243432
0.9397323658248897
0.2963745452672743
3.5726236638951594
0.023630504833512353
14216.671487603304
3.6480795079394324
162.31686358754027
0.17434679225299707
3.502042662279452
481.99677765843177
0.2607339278070887
5.733619763694952
50.037593984962406
282.78195488721803
10.26778255161714
0.2140171858216971
0.03712928170631741
0.1820224301778634
0.014120006782709813
