1.0
1.0
1.0
40.0
30.0
1.0
230.72083333333333
181.0
255.0
1.0
1.0
1.0
40.0
30.0
1.0
0.0
0.0
0.0
40.0
30.0
1.0
703.0
3.0
21.43243243243243
13.806543385490754
0.0
21.43243243243243
13.806543385490754
0.0
0.7543208868172289
0.0
0.0
47.82215919565951
40.0
30.0
49.4064773081425
49.4064773081425
652.5
36.07325353398458
0.2431593519851264
1496.167297225386
2.292976700728561
703.0
234.0
255.0
42237325.0
0.9090221560878142
12.0
2.224911073016429
255.0
6.204840462233589
245.00284495021336
245.0
228.0
27.0
5.2991912422244285
245.1153675016945
-0.38925540483356413
42237325.0
0.5617238860482103
55.14935179246027
1.9252646944478062
1.3335632687032781
0.9331163660175186
0.4408969536194673
0.7383089946920995
0.15085022332405662
0.6604780701683388
0.15085022332405662
0.6067755951146306
0.12718444768293852
0.42823594330898346
1.5098032851785899
-0.35604090811893946
0.6866350809859321
0.9245748883379716
0.9698299553351887
0.9245748883379716
0.9497165922253143
0.15085022332405662
0.5910116196346936
1.3589530618545338
0.22228980450403904
91.11526998977664
0.527937115573114
0.23603144221344302
2.1498017286780877
35.99434271111537
66.29405195640433
28.41941539979313
0.7125495678304781
3.874547764070044
30.334988948503174
0.16626628754699538
0.24608819345661453
16.583174815736168
0.3445251529690615
0.7939123456269293
0.23217835480459453
7.571428571428571
0.5408163265306123
0.22959183673469388
2.9285714285714284
15923.642857142857
20435.64285714286
14795.642857142857
0.5178571428571429
1.5714285714285714
0.11224489795918367
0.16885984107338953
0.40417033856723616
0.11003221669992787
3.4677201004744957
0.01991465149359886
13402.168367346938
3.4177242907522603
154.87482219061167
0.22030557921850877
3.8368584950901337
394.8918918918919
0.2191380569758948
1.972972972972973
53.27596017069701
100.62731152204836
41.43812233285917
0.7567567567567568
0.03212906941133758
0.06893443277685132
0.022927728569959144
