1.0
1.0
1.0
40.0
30.0
1.0
232.70916666666668
136.0
255.0
1.0
1.0
1.0
40.0
30.0
1.0
0.0
0.0
0.0
40.0
30.0
1.0
1030.0
1.0
19.55145631067961
12.807766990291261
0.0
19.55145631067961
12.807766990291261
0.0
0.6591788204916944
0.0
0.0
49.19337857113228
40.0
30.0
49.4064773081425
49.4064773081425
992.1666666666666
32.42723326252037
0.226401341404871
2124.8497049811485
2.1416257735405497
1030.0
233.0
253.0
60662726.0
1.0170970116901965
11.0
4.560615429308489
255.0
6.523359411820152
242.5359223300971
243.0
208.0
47.0
4.718056010823921
242.68467295121235
-1.0093524226299606
60662726.0
0.5820133848619097
72.17686492600622
4.988253414552348
2.2020516233421454
1.8264850766532525
0.31239724330597496
0.7299042849109059
0.1730455676813429
0.6159973719679429
0.1699020100556664
0.6620349704456914
0.14351241285487118
0.4602193549959034
1.6477265641607626
-0.3151067480725944
0.6732231283661838
0.9153633507347345
0.982840530506897
0.915572921243113
0.9576816753673673
0.16715139713319946
0.6500510687605678
1.4656242851643246
0.22573746314806215
92.90397656174892
0.41931678327938715
0.41299112691665
5.520305779274123
48.679115150639596
219.06867384754378
11.890902017419261
0.2814067107131371
4.460338071166127
33.344217672840585
0.14563450874394976
0.21480582524271846
25.17624259197923
0.34834278585219103
1.8730162803862913
0.12555080573689215
12.28
0.4912
0.9024
5.92
22754.72
92986.2
5651.072222222222
0.43666666666666665
3.32
0.1328
0.24431838984812387
1.1938651502159565
0.13881316438360147
3.8936606896881805
0.024271844660194174
21057.28
3.2902795001337575
265.9805825242718
0.2582335752662833
3.9226694316146666
599.473786407767
0.23817607691582615
5.039805825242718
56.94368932038835
275.00485436893206
13.656014023732471
0.24894822006472495
0.03309850033145226
0.17050116329343679
0.011332321959757974
