1.0
1.0
1.0
40.0
30.0
1.0
219.69583333333333
156.0
255.0
1.0
1.0
1.0
40.0
30.0
1.0
0.0
0.0
0.0
40.0
30.0
1.0
599.0
4.0
20.223706176961603
14.35058430717863
0.0
20.223706176961603
14.35058430717863
0.0
0.7320434458130648
0.0
0.0
47.47665218350038
40.0
30.0
49.4064773081425
49.4064773081425
538.9166666666666
34.75497206007798
0.24405180648585043
1312.2497773170862
2.43497716527061
599.0
223.0
253.0
33668222.0
1.1591374807327242
15.0
2.018083674159784
255.0
8.663978082558298
236.85809682804674
236.0
220.0
35.0
6.844057769845991
237.08096149594073
0.22136645366459196
33668222.0
0.5457426261353787
105.62427083536558
4.5521535174669445
2.0986352292156134
2.2698789633632934
0.3645992888554975
0.8046191264117555
0.21362161438356642
0.5808191400497696
0.2114894182215195
0.7475310838524893
0.16823237404542274
0.42805807636534027
1.8356247102147774
-0.2847565599767046
0.6713441277750349
0.8944685105054448
0.9787362476152763
0.894610656916248
0.9472342552527224
0.20962374657972843
0.6308979811739894
1.616030213701109
0.2545601851988305
85.08834527972115
0.41878189395102294
0.41827301095230396
3.5748262728678264
17.674830047161674
81.11270935254595
4.542254609465898
0.49294208472480167
3.5407050869126357
51.370599627627776
0.25107361047215426
0.3380634390651085
8.395835801922065
0.5049967602719343
1.2237449799293143
0.3554950818372741
30.813953488372093
0.7166035694970254
0.2585181179015684
1.7209302325581395
2535.046511627907
10904.651162790698
618.9760981912144
0.8714470284237726
12.162790697674419
0.2828555976203353
0.5358934956987045
0.6780201637684872
0.5006240695339567
2.7045713017486355
0.07178631051752922
2340.995132504056
3.5781514855403587
98.25208681135226
0.16402685611244117
5.577124924400991
326.89983305509185
0.29020543421004963
4.357262103505843
45.21035058430718
216.36060100166944
10.859070673344462
0.33133926915229084
0.07656096433503223
0.17811957686679447
0.05580040512275178
