1.0
1.0
1.0
40.0
30.0
1.0
235.20333333333335
153.0
255.0
1.0
1.0
1.0
40.0
30.0
1.0
0.0
0.0
0.0
40.0
30.0
1.0
1005.0
1.0
17.86965174129353
13.592039800995025
0.0
17.86965174129353
13.592039800995025
0.0
0.7524756149690034
0.0
0.0
47.51422061040499
40.0
30.0
49.4064773081425
49.4064773081425
958.5
35.75329237358739
0.22457421268970312
2093.4004675053266
2.1840380464322657
1005.0
234.0
252.0
59492761.0
0.9392176446958149
9.0
4.114070390606581
255.0
5.751065567683967
243.18905472636817
244.0
219.0
36.0
4.041473922902495
243.30387813273313
-0.9636410590011805
59492761.0
0.6192727902774683
55.86077572337318
4.889287341413713
2.185484678836229
1.3816054310633417
0.4129269443528931
0.619054862332521
0.16731196067987608
0.5738957814232135
0.16731196067987608
0.6476443234713876
0.13856933860978843
0.49977432796004295
1.5304933847214253
-0.27365971274310075
0.6129398016006815
0.916344019660062
0.9832688039320124
0.916344019660062
0.9581720098300309
0.16731196067987608
0.6853394132513273
1.3631814240415498
0.19659170575309928
96.6288182853252
0.4221529575460512
0.4103635000169468
5.387347489573561
44.49884463628322
197.55822569399425
10.764580649155718
0.28946627050714646
4.27760371151936
35.03126916963537
0.14803844716492673
0.2266169154228856
22.81991262065145
0.3393550791726755
1.8023068285491288
0.137436413372551
12.23076923076923
0.47041420118343197
0.9482248520710058
5.423076923076923
22734.03846153846
92861.57692307692
5636.8974358974365
0.4925213675213675
3.923076923076923
0.15088757396449703
0.35554001019281467
0.9466659702014412
0.2898593203698636
3.578852815882235
0.025870646766169153
21239.918639053256
3.144274171952284
252.07462686567163
0.2508205242444494
3.9232157619860892
622.3691542288557
0.21147001311848718
4.938308457711443
55.5771144278607
262.681592039801
13.00497512437811
0.246489773355445
0.036267307955059676
0.16921185032885458
0.015201431790649226
