1.0
1.0
1.0
40.0
30.0
1.0
235.82583333333332
206.0
255.0
1.0
1.0
1.0
40.0
30.0
1.0
0.0
0.0
0.0
40.0
30.0
1.0
560.0
4.0
16.432142857142857
15.996428571428572
0.0
16.432142857142857
15.996428571428572
0.0
0.6099969616557539
0.0
0.0
49.91183779173102
40.0
30.0
49.4064773081425
49.4064773081425
510.6666666666667
30.446069403610753
0.25485703287614303
1212.3067099474952
2.373968753160891
560.0
239.0
255.0
34992831.0
0.9402859586706304
11.0
2.1666897877804296
255.0
5.56045918367347
249.89464285714286
254.0
237.0
18.0
4.544898484458506
249.9743951173514
-0.8700813186333034
34992831.0
0.5408163265306123
39.86568558673469
3.0426303674473862
1.7096275011123192
0.8950910894323594
-0.4674626694186287
0.6506709311093909
0.17250427177914276
0.5768808649138093
0.17250427177914276
0.6538133597012995
0.1407284170798491
0.4476839814758841
1.4894840402428264
-0.2821173590036651
0.6035058740637731
0.9137478641104286
0.9654991456441715
0.9137478641104286
0.9424985760736191
0.17250427177914276
0.6233753652227478
1.316979768463684
0.20579380072213338
86.16462416943521
0.5337578049491497
0.23312109752542515
2.1161783637873754
26.399152362495386
93.22601075119971
9.692437765319307
0.7209554090531561
3.4504518138226423
32.99450235326689
0.1925556204485392
0.2888392857142857
12.860088387306927
0.40810295093933185
0.5381804337609187
0.3755835802339352
8.666666666666666
0.7222222222222222
0.1388888888888889
1.5
6207.5
23055.5
1995.5
0.875
1.1666666666666667
0.09722222222222222
0.021565048525781397
0.021582463220568785
0.021560694852084557
3.4182958340544856
0.02142857142857143
4029.7222222222226
3.265963368203202
106.76428571428572
0.19065051020408164
4.374885204081632
302.85714285714283
0.22959183673469388
2.9285714285714284
49.121428571428574
166.72142857142856
19.72142857142857
0.5178571428571429
0.03529114167161573
0.07422238053620919
0.025558331955467372
