1.0
1.0
1.0
40.0
30.0
1.0
237.36416666666668
158.0
255.0
1.0
1.0
1.0
40.0
30.0
1.0
0.0
0.0
0.0
40.0
30.0
1.0
915.0
1.0
18.108196721311476
14.558469945355192
0.0
18.108196721311476
14.558469945355192
0.0
0.7663029726931643
0.0
0.0
47.379704622758496
40.0
30.0
47.16990566028302
47.16990566028302
867.5
36.30720849774389
0.22923693016882205
1918.8713686971528
2.2119554682387927
915.0
239.0
252.0
55507519.0
0.863944750709512
6.0
4.637710463429658
255.0
4.045794141359849
246.2415300546448
247.0
228.0
27.0
2.639812623274162
246.30053834950672
-1.2923239023002684
55507519.0
0.591302218638956
29.06406760428798
1.7709690071122668
1.292050244311854
0.8274540921327338
0.42542143025338663
0.61666297913115
0.21036345164659156
0.49125563720335097
0.21036345164659156
0.7364992864487946
0.16478923980655796
0.4216975448045713
1.5697312810962578
-0.19850558351166053
0.5296923415700688
0.8948182741767042
0.9579273096706817
0.8948182741767042
0.9298788494511361
0.21036345164659156
0.6027680298648501
1.3593678294496665
0.20675660769443538
129.10936946067932
0.51380161635282
0.24309919182359002
2.251316541370385
25.613833558109196
38.030714286867614
22.509613375919592
0.6871708646574037
3.8503334392422004
42.594590359918286
0.16478392441298192
0.2745901639344262
11.036937720330727
0.3078801543744399
0.819539608397749
0.17996529086861257
10.2
0.68
0.16000000000000003
3.4
27553.666666666668
30773.666666666668
26748.666666666668
0.4
1.2666666666666666
0.08444444444444445
0.03049262077510297
0.11710709654208484
0.0088390018333575
3.640223928941848
0.01639344262295082
23832.666666666664
3.404783975003717
165.11147540983606
0.18044969990146018
3.2793335124966405
541.0415300546448
0.20434889068052192
1.859016393442623
49.56393442622951
81.23606557377049
41.64590163934426
0.7852459016393443
0.029729641745384658
0.0674251115544376
0.02030577429312142
