1.0
1.0
1.0
40.0
30.0
1.0
234.51166666666666
173.0
255.0
1.0
1.0
1.0
40.0
30.0
1.0
0.0
0.0
0.0
40.0
30.0
1.0
835.0
2.0
18.28862275449102
13.463473053892216
0.0
18.28862275449102
13.463473053892216
0.0
0.6840549572589784
0.0
0.0
47.090005332744425
40.0
30.0
49.4064773081425
49.4064773081425
790.8333333333334
32.21215158521555
0.23597145679302495
1752.5938970263937
2.2161355916034484
835.0
234.0
255.0
51146053.0
0.9991297281621454
13.0
2.6377414545284705
255.0
6.904319265660295
247.35688622754492
250.0
227.0
28.0
5.387650968765323
247.49294552336707
-0.88572912422279
51146053.0
0.5006031051669116
67.32891964573845
2.5500815351884807
1.543925686917165
0.8439152156425113
-0.12985271473530094
0.8287887095808163
0.1633910511260288
0.6704804422402751
0.1633910511260288
0.6307931977498441
0.1346255557860863
0.36928456386049124
1.6239358736805878
-0.3666948960077865
0.7073413750324016
0.9183044744369856
0.9673217897747943
0.9183044744369856
0.9455363162913237
0.1633910511260288
0.4622301613541505
1.4605448225545594
0.24804494017671125
101.23584590577025
0.5200074696262337
0.23999626518688316
2.201410687469739
39.37407120866242
113.98012318923494
20.722558213519285
0.6996473281325652
4.058588228635925
27.4331694519256
0.1331986764915496
0.23353293413173654
16.646443607149063
0.2952952320498497
0.5685956241187555
0.22697013403262323
5.2
0.52
0.24
2.8
16924.3
41066.5
10888.75
0.55
1.0
0.1
0.12714209990965558
0.43145801533728595
0.05106312105274793
3.3219280948873595
0.011976047904191617
9952.050000000001
3.397123603457939
192.98083832335328
0.23111477643515366
3.5946215353723696
418.00359281437125
0.24969844741654418
2.5520958083832337
54.4562874251497
147.87664670658683
31.101197604790418
0.6119760479041916
0.028692428634793904
0.06831579414866412
0.01878658725632635
