1.0
1.0
1.0
40.0
30.0
1.0
245.36333333333334
206.0
255.0
1.0
1.0
1.0
40.0
30.0
1.0
0.0
0.0
0.0
40.0
30.0
1.0
938.0
1.0
20.074626865671643
15.8272921108742
0.0
20.074626865671643
15.8272921108742
0.0
0.7751171026752302
0.0
0.0
43.86131405339835
40.0
30.0
49.4064773081425
49.4064773081425
888.9166666666666
33.997654668598486
0.22616320935900952
1976.830951051588
2.223865324141657
938.0
243.7
255.0
59395258.0
0.8395304981054311
6.0
3.397708389510306
255.0
3.9789735453103057
251.590618336887
255.0
238.0
17.0
2.6982603715100697
251.63698173299758
-1.2858679060902543
59395258.0
0.6070394297170862
23.3313405558258
3.2171657520598127
1.7626051920123018
0.9472643528200481
-0.5375060621520487
0.5828157295118737
0.14129964795418454
0.6091616255432188
0.14129964795418454
0.5844111011483077
0.12079270730674639
0.5171496039602245
1.3349604676993043
-0.3111226250336699
0.6180015912455195
0.9293501760229077
0.9717400704091631
0.9293501760229077
0.9529001173486051
0.14129964795418454
0.6919553680352094
1.1936608197451202
0.18102884436651454
101.42919214273954
0.5045956233319061
0.24770218833404695
2.3686337600408214
50.68692169737676
186.78034360367934
16.663566220801115
0.6578415599897947
3.9437405702823716
33.00578042003576
0.16007860926314765
0.21455223880597013
26.817581607876093
0.36952021489039033
0.6399124446280009
0.3019221574559876
6.666666666666667
0.5555555555555556
0.2222222222222222
2.0
40192.833333333336
154110.33333333334
11713.458333333334
0.75
1.3333333333333333
0.1111111111111111
0.1201961775414342
0.2083217262382792
0.09816479036722296
3.4182958340544856
0.01279317697228145
34082.805555555555
2.9280569988225116
258.23454157782515
0.2753033492300908
3.881201667568342
569.4029850746268
0.19648028514145688
3.1940298507462686
56.9317697228145
200.13859275053304
21.13006396588486
0.45149253731343286
0.028959732100215903
0.07390269625579048
0.01772399106132226
