1.0
1.0
1.0
40.0
30.0
1.0
242.61
187.0
255.0
1.0
1.0
1.0
40.0
30.0
1.0
0.0
0.0
0.0
40.0
30.0
1.0
935.0
1.0
18.98181818181818
13.252406417112299
0.0
18.98181818181818
13.252406417112299
0.0
0.7235902515908027
0.0
0.0
47.66161629488372
40.0
30.0
49.4064773081425
49.4064773081425
878.4166666666666
34.48748092603921
0.2235083661333581
1984.5287069035608
2.2592111263488026
935.0
240.0
255.0
58332968.0
0.9447932561667962
9.0
3.004506145435065
255.0
4.886966170036315
249.70695187165776
252.0
234.0
21.0
3.747435152066376
249.77630205749847
-1.0569555244751088
58332968.0
0.5377757442306043
34.63925648431467
2.899516779879348
1.663672950345958
0.8785404894014516
-0.4042427608247823
0.7097746397481809
0.18300414231705142
0.5897717810978864
0.18300414231705142
0.6817772727466718
0.148528586738871
0.40508202222851286
1.5840961538061882
-0.2802229100846166
0.6279365326070758
0.9084979288414743
0.9633991715365897
0.9084979288414743
0.9389986192276495
0.18300414231705142
0.572170879187432
1.4010920114891372
0.2231946955163081
123.74427393708599
0.5039913535971937
0.24800432320140314
2.3771880449825753
30.385271721053627
101.09897203903165
12.706846641559125
0.6557029887543562
3.8924075687515667
41.848091895532285
0.1648234963941092
0.26283422459893047
14.231381040160791
0.35374204184685737
0.6248314797730512
0.2859696823653089
5.0
0.5555555555555556
0.2222222222222222
2.0
40691.666666666664
142048.33333333334
15352.5
0.75
1.0
0.1111111111111111
0.014426524270882526
0.021449501353000465
0.01267078000035304
3.169925001442309
0.009625668449197862
29898.765432098764
3.352555692293403
197.772192513369
0.2115210615116246
3.8140570219337127
502.82032085561497
0.23111212788469787
2.9122994652406415
51.38716577540107
163.59679144385026
23.33475935828877
0.5219251336898396
0.03033486104879662
0.07266082123084924
0.01975337100328347
