1.0
1.0
1.0
40.0
30.0
1.0
241.925
215.0
255.0
1.0
1.0
1.0
40.0
30.0
1.0
0.0
0.0
0.0
40.0
30.0
1.0
709.0
3.0
18.069111424541607
16.322990126939352
0.0
18.069111424541607
16.322990126939352
0.0
0.7682197447899446
0.0
0.0
45.445459050906656
40.0
30.0
49.4064773081425
49.4064773081425
646.0
34.912098953949396
0.2349089169201026
1538.413092699917
2.3814444159441437
709.0
242.0
255.0
44067325.0
0.9993670721864615
9.0
1.606961275809391
255.0
4.375952144600651
249.2595204513399
250.0
241.0
14.0
4.048593053650281
249.3074328029065
-0.2509469416031074
44067325.0
0.500438647969587
23.88751514379895
2.596485634114435
1.5555604279374895
0.8732950592113513
-0.1720743711151685
0.84715653430938
0.14039129939606587
0.7155907852392351
0.14039129939606587
0.5822750325868019
0.12018484330931456
0.3860412398379625
1.5717471394015035
-0.4138947081034577
0.7452899352360847
0.9298043503019671
0.9719217401207869
0.9298043503019671
0.9532029002013114
0.14039129939606587
0.48536477823945645
1.4313558400054378
0.24688695842636146
99.19814886252269
0.5324384032796792
0.2337807983601604
2.1210472402360447
28.405808415177486
83.75812012149774
14.567730488597423
0.7197381899409888
3.8402139636145014
31.36523633440142
0.16261029530359844
0.26339915373765865
12.631555079734921
0.33454909545442185
0.5585084768528307
0.27855925010481963
10.0
0.625
0.1875
1.75
8293.6875
20733.375
5183.765625
0.8125
1.375
0.0859375
0.108988229770383
0.2966070519256908
0.06208352423155604
3.6249999999999956
0.022566995768688293
6330.08984375
3.4782358498755235
146.30042313117067
0.2063475643599022
3.7741231516607945
354.81100141043726
0.24978067601520648
2.544428772919605
51.28490832157969
141.76304654442876
28.665373765867418
0.6138928067700987
0.03329934082759155
0.07197522224425475
0.023630370473425748
