1.0
1.0
1.0
40.0
30.0
1.0
244.2525
170.0
255.0
1.0
1.0
1.0
40.0
30.0
1.0
0.0
0.0
0.0
40.0
30.0
1.0
1044.0
1.0
19.25
15.210727969348659
0.0
19.25
15.210727969348659
0.0
0.8071822674561095
0.0
0.0
43.15695356062763
40.0
30.0
49.4064773081425
49.4064773081425
1001.25
34.83552763156543
0.22330801546563517
2167.4121247861012
2.164706241983622
1044.0
243.0
255.0
65938992.0
0.6500224216483536
2.0
8.883409018056334
255.0
3.9867221561632986
251.24137931034483
254.0
225.0
30.0
1.5482592614666975
251.31644200686213
-2.5393051722561544
65938992.0
0.7222222222222223
37.72334522393976
3.521021593949907
1.8544925840166337
0.9045814334653061
-0.523801444155748
0.4123065051072414
0.08491231619998847
0.6570420241995475
0.08491231619998847
0.41746515370619147
0.07750226167107077
0.6738883276753143
0.9662378153481463
-0.38387022979189706
0.603319594468388
0.9575438419000057
0.9830175367600023
0.9575438419000057
0.9716958946000038
0.08491231619998847
0.8120364259166396
0.8813254991481583
0.12430470532680746
75.91411028600918
0.5060955377436919
0.24695223112815404
2.524857219126128
121.14140231557828
469.73601955989477
33.99274800449915
0.618785695218468
4.1424101609448245
21.80799131355376
0.14158778830049698
0.1439176245210728
67.72700382993374
0.34537895210544156
0.6254059278361994
0.2753722081727521
5.0
0.625
0.1875
1.75
95998.5
379184.25
25202.0625
0.8125
1.0
0.125
0.1792510270060485
0.5542515235888964
0.08550090286033651
2.9999999999999973
0.007662835249042145
78968.25
2.267304158564117
448.7049808429119
0.42979404295298074
3.143762569545368
754.0
0.13888888888888887
3.5
64.74521072796935
241.24521072796935
20.620210727969347
0.375
0.022964644306353164
0.06787531605696061
0.011736976368701307
