1.0
1.0
1.0
40.0
30.0
1.0
238.80833333333334
180.0
255.0
1.0
1.0
1.0
40.0
30.0
1.0
0.0
0.0
0.0
40.0
30.0
1.0
904.0
3.0
21.50553097345133
14.242256637168142
0.0
21.50553097345133
14.242256637168142
0.0
0.7628834600169279
0.0
0.0
42.89341050378355
40.0
30.0
49.4064773081425
49.4064773081425
853.0833333333334
32.722673417052825
0.22830794096824236
1905.273872907622
2.2333971353806255
904.0
236.0
255.0
55580902.0
0.9931536200741913
13.0
2.1725002226960433
255.0
6.807257811888168
247.8362831858407
251.0
230.0
25.0
5.444717444717445
247.95825994018907
-0.7470469134604064
55580902.0
0.5047380374344115
60.47540919414206
2.649468220442751
1.5761222393901426
0.8647869765919602
-0.22493430260962527
0.8189892058423555
0.15779699545535392
0.6768212746644703
0.15779699545535392
0.6258374485160663
0.13231525715776574
0.37929164219337963
1.605785683028841
-0.3666845876736904
0.7133296455104773
0.9211015022723231
0.9684406009089292
0.9211015022723231
0.9474010015148819
0.15779699545535392
0.4972237416624656
1.4479886875734875
0.24419655032442733
109.02990872365712
0.5160919559357826
0.24195402203210867
2.232636947980222
39.03932091938292
116.62981640006863
19.641697049211484
0.6918407630049445
4.027100323138157
35.03845900381728
0.1601110268453326
0.23396017699115046
19.18529802132086
0.36398582632701293
0.6275415905146994
0.2980968852800914
10.882352941176471
0.6401384083044983
0.17993079584775087
1.7058823529411764
14439.411764705883
42378.94117647059
7454.529411764706
0.8235294117647058
2.2941176470588234
0.13494809688581316
0.3250097821680769
0.3256350295296779
0.32485347032767664
3.286895754518758
0.018805309734513276
11611.674740484428
3.4460698210489658
208.52212389380531
0.2306660662542094
3.9547732790351633
456.283185840708
0.24763098128279426
2.646017699115044
54.767699115044245
154.17920353982302
29.914823008849556
0.588495575221239
0.03435518451071022
0.07070764391261257
0.025267069660234627
