1.0
1.0
1.0
40.0
30.0
1.0
238.72333333333333
204.0
255.0
1.0
1.0
1.0
40.0
30.0
1.0
0.0
0.0
0.0
40.0
30.0
1.0
804.0
1.0
20.26865671641791
13.475124378109452
0.0
20.26865671641791
13.475124378109452
0.0
0.6872083885722771
0.0
0.0
48.606494680375626
40.0
30.0
49.4064773081425
49.4064773081425
745.0833333333334
33.40279088344789
0.2302725607214402
1726.0173880661537
2.3165427420639575
804.0
237.0
255.0
49109436.0
0.9901171574625713
13.0
1.646926265338837
255.0
6.0244672161580155
247.0547263681592
248.0
235.0
20.0
5.495815990287894
247.14649109324108
-0.2599572292550996
49109436.0
0.5068346080542561
45.35023885547387
2.325422548648606
1.4738406705119234
0.8103899302160307
0.07520535711150432
0.8049735151793413
0.1921989257743272
0.6145860212298642
0.1921989257743272
0.6996104268533189
0.15388288840345316
0.3475308911197126
1.6971190198802422
-0.29946621066638435
0.6628281339327718
0.9039005371128364
0.9615602148451345
0.9039005371128364
0.9359336914085575
0.1921989257743272
0.43005986660091317
1.5049200941059153
0.2492931102384171
122.6116319215335
0.530862166284393
0.23456891685780357
2.127964749162314
23.22238678387884
58.30713213899094
14.451200445100813
0.7180088127094215
3.8061250063873437
40.494767319389595
0.16906328701958506
0.28762437810945274
9.708621511079876
0.343762813808696
0.6207427087438928
0.2745178400748967
4.0
0.5
0.25
2.5
24069.75
44507.625
18960.28125
0.625
1.0
0.125
0.04083928204459425
0.06490618763182092
0.034822555647787586
2.9999999999999973
0.009950248756218905
13969.5
3.5910382707254707
149.27860696517413
0.18566990916066434
3.441740303457835
407.4950248756219
0.24658269597287197
2.324626865671642
48.318407960199
117.83706467661692
30.938743781094526
0.6688432835820896
0.03135032293966048
0.06719639080987103
0.02238880597210784
