1.0
1.0
1.0
40.0
30.0
1.0
230.36583333333334
68.0
255.0
1.0
1.0
1.0
40.0
30.0
1.0
0.0
0.0
0.0
40.0
30.0
1.0
916.0
3.0
19.32751091703057
13.15938864628821
0.0
19.32751091703057
13.15938864628821
0.0
0.6857314862495264
0.0
0.0
44.124882980310055
40.0
30.0
49.4064773081425
49.4064773081425
875.75
30.257821586674442
0.23238404010758795
1904.8667039228958
2.17512612494764
916.0
227.0
255.0
55399325.0
1.2580754585638134
18.0
2.7097163308356147
255.0
10.119203009095935
245.6495633187773
253.0
214.0
41.0
7.995109689409608
245.92603043479323
-0.9741813992648033
55399325.0
0.45936147289334683
135.90448670887284
6.804885415021822
2.560050148964934
3.201148663877462
-0.9625092591319809
1.162643283204611
0.1590373790660881
0.7580755054405526
0.15662774051187126
0.6240158799001791
0.13314773457377152
0.389946446488834
1.7881731635199545
-0.46139672401760257
0.8044850712351564
0.9219270935994861
0.9842074761805089
0.9220877361697672
0.960963546799743
0.15451930677693151
0.5518611492812215
1.6241274486122854
0.3304201655676748
73.49056853938313
0.3737280060613413
0.5036329610374293
4.4343221397600985
64.79341830170611
519.0251966963342
9.37086316278991
0.41308225119856407
3.984400547234567
37.70855267938795
0.18806931447068453
0.21397379912663755
39.07637027101319
0.42740996934002135
1.165404007104346
0.2736687529676278
15.583333333333334
0.6493055555555556
0.37326388888888884
2.0416666666666665
14122.5
106268.29166666667
2155.728009259259
0.8321759259259259
3.3333333333333335
0.1388888888888889
0.3119372453097707
0.34392256816418526
0.30398928412701626
3.2610276044370963
0.026200873362445413
12665.805555555553
3.090171656683781
288.9170305676856
0.31541160542323754
4.606891554318185
420.77510917030565
0.38536998722373716
6.629912663755459
57.724890829694324
427.61899563318775
9.287026928675402
0.22207059679767102
0.037431055128666374
0.149337456203976
0.0202097250906513
