1.0
1.0
1.0
40.0
30.0
1.0
244.00083333333333
86.0
255.0
1.0
1.0
1.0
40.0
30.0
1.0
0.0
0.0
0.0
40.0
30.0
1.0
1166.0
1.0
19.044596912521442
14.115780445969126
0.0
19.044596912521442
14.115780445969126
0.0
0.7393571079635485
0.0
0.0
45.653099064129734
40.0
30.0
49.4064773081425
49.4064773081425
1131.9166666666667
33.75394329362834
0.21997172017628805
2387.7759663387933
2.1094980192936403
1166.0
228.5
255.0
71499433.0
1.1963147650399613
7.0
6.792564544677665
255.0
8.01661424759259
247.37478559176674
252.0
189.0
66.0
4.098358689241467
247.62929640716598
-2.046891758800443
71499433.0
0.5128865600240078
125.98389253550424
13.190007495271509
3.5893787344711545
7.115352112731873
-2.0849941046851517
1.3904578925409756
0.16499909528488993
0.7876177786669386
0.16139048963270022
0.6432552340724671
0.1382737375806564
0.4120512543926015
1.8407962563968197
-0.4447596323598984
0.8044003584228476
0.9196656157488687
0.9903578521418098
0.9199061894590148
0.9678421889285329
0.1582329596870342
0.6051496348665497
1.6672767738460805
0.3888642469564665
85.67520730621632
0.37392293706720303
0.5599396029287114
11.10597421222934
52.72374836162777
776.4387580478638
3.9224796771425376
0.12236818712577247
4.645801184143881
29.215230348126166
0.12292174002616843
0.19618353344768438
23.975738977089964
0.2693970419832751
2.3862644448371206
0.046726920496208434
4.714285714285714
0.336734693877551
0.673469387755102
6.571428571428571
44899.57142857143
701113.1428571428
2946.773809523809
0.28422619047619047
1.2857142857142858
0.09183673469387756
0.17521238039477352
0.4727027535430822
0.1096643323238233
3.8073549220575993
0.012006861063464836
37963.0612244898
3.286855348381205
326.7358490566038
0.2802194245768471
3.238313096334392
598.0257289879931
0.40231075439334607
13.25385934819897
58.451114922813034
818.9811320754717
4.742162187916905
0.09121879169048981
0.026095891853978107
0.2904880438373812
0.004020550564318736
