1.0
1.0
1.0
40.0
30.0
1.0
221.55583333333334
93.0
255.0
1.0
1.0
1.0
40.0
30.0
1.0
0.0
0.0
0.0
40.0
30.0
1.0
988.0
1.0
16.85323886639676
15.154858299595142
0.0
16.85323886639676
15.154858299595142
0.0
0.7488546065515186
0.0
0.0
42.923855411170884
40.0
30.0
49.4064773081425
49.4064773081425
953.4166666666666
32.143726855606644
0.2300411851994478
2036.4184404058785
2.135916553174595
988.0
228.0
252.0
58373558.0
1.2870744402076477
10.0
9.03281155833728
255.0
8.828492517497418
242.71862348178138
247.0
184.0
71.0
4.5250584085748
243.0690202041304
-2.396315318624476
58373558.0
0.4912738284515399
170.21839810519762
10.572520871390408
3.2122128646023724
7.398869759471176
-0.8473119913715863
1.2265835932828129
0.20984957332450102
0.7070003126149499
0.20067542015615494
0.7386191150581731
0.168190486852497
0.37318306829785586
1.9884084163986504
-0.36807877363445235
0.7635064575451908
0.9005797052387572
0.9878178042721178
0.9011913154499802
0.9601707210743805
0.19264803613385212
0.5591570787770352
1.7796232584508063
0.35910829165182845
79.15102926004039
0.3332245159745404
0.7995466874144994
9.789334582550467
38.801748789926215
402.914669856979
4.16539159816509
0.1913321434126817
4.546768434662415
43.694566709076284
0.1787409851389849
0.23911943319838055
19.18854783313447
0.4104179254176302
3.4064048328829517
0.1140297114111616
8.655172413793103
0.2984542211652794
1.5243757431629015
8.758620689655173
14189.724137931034
133253.75862068965
1546.4932950191571
0.339080459770115
3.6206896551724137
0.1248513674197384
0.24920129398058385
2.2691280527817033
0.0886209871778107
4.392126684633532
0.029352226720647773
13029.02972651605
3.6140566728638857
223.85425101214574
0.22657312855480338
4.3871600911340956
485.37854251012146
0.41150793325574914
10.531376518218623
54.61336032388664
589.2641700404859
5.726017768780927
0.128415991902834
0.037532469184254895
0.35262202218381733
0.008552448344955327
