1.0
1.0
1.0
40.0
30.0
1.0
190.45916666666668
60.0
255.0
1.0
1.0
1.0
40.0
30.0
1.0
0.0
0.0
0.0
40.0
30.0
1.0
759.0
2.0
23.919631093544137
16.869565217391305
0.0
23.919631093544137
16.869565217391305
0.0
0.7435687805023862
0.0
0.0
40.86213031271489
40.0
30.0
47.01063709417264
47.01063709417264
720.0833333333334
30.383804405354994
0.24479021313171653
1587.1278535386216
2.204089138116359
759.0
198.0
253.0
38820933.0
1.8062347476465306
24.5
2.473978692257961
255.0
15.268873647976585
225.35836627140975
225.0
178.0
77.0
11.218842677356056
226.158073719026
-0.27098790560101843
38820933.0
0.3136590167007765
361.08105978152366
7.465825971056146
2.632168514449735
14.126413153316244
0.19629459977392216
2.428026029991796
0.2786286168499896
0.7935303249619992
0.2692675719398819
0.8579570385014668
0.2037875310428905
0.19724624862005208
2.7613712846157816
-0.4156092395539326
0.8704494329030723
0.8663023185210698
0.9837752762719437
0.8669263881817436
0.9464585204423606
0.2610766576435376
0.3062460619572033
2.460561083527833
0.6766636617104463
70.5393721009381
0.2881501755617518
0.8663793663811667
6.353327915573481
19.02450865465798
151.93692136897823
3.687786496013877
0.3441895505200375
4.354996410671177
53.36843494209721
0.2108494022984907
0.3227931488801054
8.398020233389413
0.44115544262698003
2.2152871896643553
0.21087791292973543
7.8
0.312
1.0784
4.92
5778.92
41903.72
1070.8783333333333
0.5352777777777777
3.72
0.1488
0.3437957065420412
1.3643016397551346
0.24758198926152575
3.8292750707107084
0.03293807641633729
4857.1903999999995
4.493069698837196
118.77865612648222
0.1564936180849568
4.51989911140968
238.0671936758893
0.7449195512436619
7.379446640316205
45.70619235836627
365.4005270092227
8.692779241692286
0.2475296442687747
0.049253506506784624
0.2800450213877578
0.021562808516397795
