1.0
1.0
1.0
40.0
30.0
1.0
238.7675
156.0
255.0
1.0
1.0
1.0
40.0
30.0
1.0
0.0
0.0
0.0
40.0
30.0
1.0
986.0
1.0
20.08316430020284
14.617647058823529
0.0
20.08316430020284
14.617647058823529
0.0
0.6945374624366168
0.0
0.0
48.18385638683585
40.0
30.0
49.4064773081425
49.4064773081425
939.6666666666666
33.465493345323345
0.22558251260723564
2056.6540365153537
2.1887059629464565
986.0
236.0
255.0
60304317.0
1.0532376716099954
11.0
3.400051222912371
255.0
6.128383576974193
247.18965517241378
249.0
224.0
31.0
4.539079620160702
247.3066212391454
-1.053162493345717
60304317.0
0.4933511349563257
57.83928446527242
6.418485960335003
2.495685697124774
0.9785381255955106
-0.02770214136717987
0.8942419887074967
0.13413057735382217
0.739135265943414
0.13413057735382217
0.56430949717646
0.11544957684363495
0.3836857741271029
1.6041369711594566
-0.4432975345688522
0.7701595278264451
0.9329347113230888
0.9865869422646177
0.9329347113230888
0.9664673556615444
0.13413057735382217
0.4362796580812513
1.4700063938056351
0.2570931415153297
93.52163703409101
0.4783202284521744
0.3055383687813309
5.882192578397477
54.570695107671256
361.30329157543144
9.694852421043194
0.22268749319063064
4.383264548178068
25.519876169156152
0.12597530856850558
0.1977687626774848
25.566474733966444
0.2844073275580139
1.3865902179984968
0.08915687148655178
5.285714285714286
0.37755102040816324
0.7397959183673469
3.9285714285714284
23845.0
153387.7857142857
4350.255952380952
0.5853174603174603
4.0
0.2857142857142857
0.5055598244711688
0.5455829692930984
0.5007415208008915
2.4036774610287996
0.014198782961460446
18884.816326530614
3.238913123174635
284.70182555780934
0.28874424498763623
3.371040407489848
486.44421906693714
0.2636063098387568
6.3924949290060855
58.39553752535497
382.87119675456387
10.456699346405228
0.1882747351814289
0.03058930452768591
0.1522536043472306
0.011549798612505881
