1.0
1.0
1.0
40.0
30.0
1.0
195.77
97.0
255.0
1.0
1.0
1.0
40.0
30.0
1.0
0.0
0.0
0.0
40.0
30.0
1.0
718.0
1.0
21.575208913649025
15.300835654596101
0.0
21.575208913649025
15.300835654596101
0.0
0.7221340645245979
0.0
0.0
47.20027447084573
40.0
30.0
49.4064773081425
49.4064773081425
666.25
34.08492605030845
0.2399637975668079
1537.3162324258208
2.3074164839411946
718.0
202.7
255.0
41017531.0
1.7361039698594527
24.0
3.211195558608703
255.0
16.614190609942504
238.15459610027855
248.0
186.0
69.0
11.440337777607377
239.01355714978337
-1.2111829613993206
41017531.0
0.34037988532056707
409.8688577059458
11.193813522713716
3.2619247468809744
24.148861411809424
-4.662686097832534
2.740216914207469
0.5265191696981668
0.6769571939913828
0.4169537086100921
1.1561187734493412
0.34849561336302515
0.21734563915477145
2.8535319203399783
-0.25576258609420005
0.7431314854060174
0.8024796918037614
0.9711169944182554
0.809173306690632
0.9201916404073174
0.3268521169115555
0.4076333853990902
2.3311478536290022
0.8166840209764089
87.77516902820592
0.2790381729023949
0.9703811750914557
8.425328186590692
11.113139564411163
148.5008026816605
1.3795135061067552
0.2569955113327723
3.749748910626649
114.27720562889297
0.3580230492070492
0.4376740947075209
5.62115102163553
0.6177524609777612
4.107673110191362
0.19304965600136825
20.768115942028984
0.30098718756563747
0.8977105650073514
5.0144927536231885
918.8695652173913
12873.333333333334
83.1033615136876
0.4663848631239936
12.826086956521738
0.18588531821045998
0.4268600778573889
1.2517425476182162
0.2817449472194575
4.191827363649575
0.09610027855153204
810.5889519008612
4.2973204411797346
91.89693593314763
0.12799016146677944
6.074510595045042
244.39275766016712
0.9366702617142946
10.896935933147633
36.309192200557106
485.72701949860726
4.3928253636645005
0.18629100897554937
0.09620535100195034
0.5790554620821815
0.04003399907257199
