1.0
1.0
1.0
40.0
30.0
1.0
184.71916666666667
80.0
254.0
1.0
1.0
1.0
40.0
30.0
1.0
0.0
0.0
0.0
40.0
30.0
1.0
715.0
1.0
21.57062937062937
16.85174825174825
0.0
21.57062937062937
16.85174825174825
0.0
0.8224100766133132
0.0
0.0
42.94388136182197
39.0
30.0
48.82622246293481
48.82622246293481
665.5
35.31748076084904
0.24095971193333748
1529.8131710808327
2.2987425560944144
715.0
186.4
251.0
36093901.0
1.8759008410279623
39.5
1.9650556033308804
254.0
20.342577143136584
223.44195804195803
229.0
176.0
78.0
16.216808221328886
224.6797285461695
-0.4891949296701683
36093901.0
0.2961846545063328
554.6718059562814
7.434632218098485
2.602151747180306
20.64020356125907
-1.6234526526277797
3.046703606923886
0.3937438575208147
0.7705682836890388
0.34812056634931277
1.0197132326887615
0.2694751690565569
0.17386086558817443
3.021726205138251
-0.35423044551825456
0.8480051953876215
0.8305020459424938
0.9776695384835811
0.8334419726710005
0.9318850487006625
0.30915998783892795
0.3487780367363994
2.5955205898381646
0.8601118661111753
78.67179919314046
0.2741254086758421
1.011989496395688
5.981872495561183
11.275528022051283
91.97781036241186
2.739647023326369
0.41281895304296573
4.081238186438692
81.38931211707424
0.2773892177871279
0.4013986013986014
4.715518869789606
0.5246831972185237
2.45777073145723
0.26349235212836164
8.935483870967742
0.2882414151925078
1.09261186264308
5.354838709677419
2153.516129032258
18595.677419354837
398.7867383512545
0.48924731182795694
3.838709677419355
0.12382934443288242
0.3270647762974982
2.0659248013450133
0.14939108545867782
4.54274832644611
0.043356643356643354
1621.5442247658689
4.623983356418863
96.38461538461539
0.13480365788058096
4.605748936378307
211.77202797202798
0.9492962981074871
7.188811188811189
38.116083916083916
316.7944055944056
8.98982128982129
0.32167832167832167
0.0612323227918466
0.3473010897832326
0.027359374951058148
