1.0
1.0
1.0
40.0
30.0
1.0
249.275
189.0
255.0
1.0
1.0
1.0
40.0
30.0
1.0
0.0
0.0
0.0
40.0
30.0
1.0
1124.0
1.0
19.322953736654803
14.417259786476869
0.0
19.322953736654803
14.417259786476869
0.0
0.746357585451252
0.0
0.0
45.34012833418045
40.0
30.0
49.4064773081425
49.4064773081425
1080.0
33.839948707548814
0.21891627705374375
2325.3513084104243
2.1531030633429853
1124.0
247.0
255.0
71131498.0
0.7205023214342381
4.0
6.667248392476027
255.0
2.7574118868808615
251.5355871886121
253.0
234.0
21.0
1.749460219646838
251.56361201429692
-1.848147555899958
71131498.0
0.680855105685085
14.099267359835872
3.3924458975487113
1.8147424006362554
0.9698565788350411
-0.5636948834998214
0.5001140348029558
0.10356260872011025
0.6555215405501186
0.10356260872011025
0.47615049351981087
0.09235012146114852
0.6058115567773185
1.123033415493705
-0.37438238297653315
0.6292574881294397
0.9482186956399449
0.979287478255978
0.9482186956399449
0.9654791304266298
0.10356260872011025
0.7629610962762003
1.0194708067735951
0.1509191608807665
88.86750465439408
0.5028845467701436
0.2485577266149282
2.595423801093042
101.64986243172899
386.789348550537
30.36499090202698
0.6011440497267395
4.2249436779740694
22.216841318174726
0.11916521082971887
0.1572508896797153
52.984434768484185
0.2934705019613501
0.5279236038056602
0.2348572265002726
5.0
0.5555555555555556
0.2222222222222222
2.0
90632.44444444444
358241.1111111111
23730.277777777777
0.75
1.0
0.1111111111111111
0.15588115833012944
0.5262519439056443
0.06328846193625066
3.169925001442309
0.00800711743772242
75035.2098765432
2.494959659750824
433.87010676156586
0.38600543306189133
3.161190334468915
765.2811387900356
0.1595724471574575
3.402135231316726
63.09964412811388
228.22775800711744
21.81761565836299
0.3994661921708185
0.02331484471177426
0.0685693385862319
0.012001221243159846
