1.0
1.0
1.0
40.0
30.0
1.0
232.3625
159.0
255.0
1.0
1.0
1.0
40.0
30.0
1.0
0.0
0.0
0.0
40.0
30.0
1.0
841.0
3.0
15.02615933412604
16.734839476813317
0.0
15.02615933412604
16.734839476813317
0.0
0.689286085249084
0.0
0.0
43.76812987191827
40.0
30.0
49.4064773081425
49.4064773081425
799.5
30.168762898088033
0.23749131050598055
1754.0772365280002
2.1939677755197002
841.0
234.0
254.0
51899432.0
1.0418491102016882
5.0
5.070441803793868
255.0
6.015445063560316
248.28537455410225
252.0
222.0
33.0
3.6441095181408847
248.41813930985163
-1.7507558933055778
51899432.0
0.5470711075230353
65.94472069799697
7.432288689928395
2.691830695345695
1.9539685980612922
-0.8410216468694534
0.8519787802115013
0.10701472324030334
0.7752359295692832
0.10701472324030334
0.48720957453497504
0.09505142599296251
0.49527629162088693
1.4246560168092877
-0.5034294650175379
0.7816397682662205
0.9464926383798483
0.9892985276759697
0.9464926383798483
0.9732463191899241
0.10701472324030334
0.6624345911988375
1.3176412935689852
0.23974837586295117
58.1391232878075
0.3920510206076488
0.4677799895987054
5.437406757143599
85.38527595961807
710.1538028689345
11.245911850846062
0.30760187021151936
4.255798507619585
23.711092542671487
0.15458808616607067
0.17538644470868014
48.73402517822859
0.3705977182245407
1.5320085153871261
0.18258667325499425
12.083333333333334
0.5034722222222222
0.3263888888888889
2.3333333333333335
15091.208333333334
128045.95833333333
1894.1875
0.7129629629629629
5.833333333333333
0.24305555555555555
0.47907754449632495
0.5363108192082403
0.4647693683123329
2.6693721485946074
0.028537455410225922
13863.289930555555
2.871389765282397
299.30439952437575
0.3558910814796382
3.869621833472128
460.0868014268728
0.2820717649703583
7.3067776456599285
61.582639714625444
481.94173602853743
8.911943453560577
0.17637732857709076
0.036587641618500574
0.1621525324909547
0.018881041286503298
