1.0
1.0
1.0
40.0
30.0
1.0
194.25833333333333
62.0
255.0
1.0
1.0
1.0
40.0
30.0
1.0
0.0
0.0
0.0
40.0
30.0
1.0
778.0
1.0
17.488431876606683
15.43573264781491
0.0
17.488431876606683
15.43573264781491
0.0
0.5838872947436458
0.0
0.0
50.9521801782883
40.0
30.0
49.4064773081425
49.4064773081425
732.9166666666666
29.75033064559157
0.23940125828792871
1642.0791784006324
2.2404718750207606
778.0
206.7
254.0
44005826.0
1.6609079008763175
20.75
4.37714334786671
255.0
14.237349739956786
237.0848329048843
242.0
177.0
78.0
9.15413379355687
237.82926303286519
-1.4300160797505728
44005826.0
0.3610503499183854
353.54036121886594
10.366089024946337
3.1535421194853437
12.877203265861223
-1.8446540962616869
2.028144425924003
0.3432748382960672
0.7098132442747743
0.2834491893751261
0.938925312756423
0.25945390699469306
0.2591603401341043
2.5380001121857525
-0.37305555003867374
0.8211348253594226
0.8642579702045311
0.9809554225947829
0.8678830764911372
0.9452628338156969
0.234532632812689
0.4046971596352664
2.184896634960106
0.5928548160550176
66.89300122226996
0.2649698422649212
1.0575429338424183
7.9852902933237315
23.714314552908178
263.5245310641855
2.642420047864198
0.2938144703897531
4.138774697506779
78.11438155456736
0.3008812228698182
0.32358611825192807
13.302156023372078
0.5609929708253061
3.2562931720188604
0.2315234465221453
17.76923076923077
0.34171597633136097
1.1020710059171597
4.653846153846154
2457.230769230769
25572.653846153848
255.33480235042737
0.5719818376068376
11.461538461538462
0.22041420118343194
0.4780649932359126
1.3777553368663076
0.35547791033418424
4.008132025833391
0.06683804627249357
2233.3831360946747
4.114538393852918
139.0591259640103
0.17873923645759676
6.234422188592463
280.8971722365039
0.7147256494472016
10.246786632390746
47.339331619537276
544.26735218509
4.945506640959726
0.1703352613538989
0.07333090529366083
0.4197054366471905
0.03536136810613634
