1.0
1.0
1.0
40.0
30.0
1.0
223.26583333333335
135.0
255.0
1.0
1.0
1.0
40.0
30.0
1.0
0.0
0.0
0.0
40.0
30.0
1.0
816.0
1.0
19.65686274509804
15.743872549019608
0.0
19.65686274509804
15.743872549019608
0.0
0.640416220892346
0.0
0.0
50.19504567391499
40.0
30.0
49.4064773081425
49.4064773081425
766.5
32.14572145800734
0.23413680545232934
1729.906147609661
2.2568899512193883
816.0
229.0
255.0
49693169.0
1.2553929406632602
10.0
4.881334335408073
255.0
8.015048298731251
246.54779411764707
251.0
211.0
44.0
4.7855060391503565
246.77619703198408
-1.662815112162899
49693169.0
0.4641814446366782
112.67663729094576
6.80220581622288
2.571502793385323
2.879433372110325
-0.9062335945658679
1.047654879796227
0.2894332355396122
0.5670447784649373
0.2721410077864347
0.8804627493282455
0.21406737591669198
0.3318776566849343
2.05171110974969
-0.23083606040883267
0.6359909260404444
0.8656587188821004
0.9718547792654163
0.8668115340656456
0.9328293594410503
0.25701030850240436
0.5153705145493187
1.739802705216173
0.3342720288339598
102.10138187207316
0.3721542634399922
0.5096699522687879
5.171102628198241
19.77036407935309
155.4709216489902
3.00995475861524
0.3433112484577062
3.7631702650351095
72.56329867191272
0.2614843669942967
0.3354779411764706
10.402209187853622
0.5179749088389879
2.00616935280218
0.24630502814099248
24.217391304347824
0.5264650283553876
0.36862003780718333
2.3043478260869565
4661.304347826087
39433.586956521736
589.9003623188405
0.746376811594203
9.26086956521739
0.20132325141776938
0.43613597745270444
0.5942708939083436
0.39813175527190026
3.24165137104118
0.056372549019607844
4346.627599243856
3.7419858424640093
128.46323529411765
0.1574304354094579
5.56179714532872
378.7720588235294
0.3920352148212226
6.697303921568627
45.455882352941174
348.8075980392157
6.931406590413943
0.2224605119825708
0.06458262819016496
0.2410084353957632
0.03618928047470703
