1.0
1.0
1.0
40.0
30.0
1.0
174.37333333333333
77.0
255.0
1.0
1.0
1.0
40.0
30.0
1.0
0.0
0.0
0.0
40.0
30.0
1.0
829.0
1.0
19.003618817852836
18.19903498190591
0.0
19.003618817852836
18.19903498190591
0.0
0.5405779540109865
0.0
0.0
46.989372947497145
40.0
30.0
47.01063709417264
47.01063709417264
793.9166666666666
25.401419088217207
0.24055067601778135
1723.6965889633607
2.1711303734187393
829.0
176.0
234.0
35095108.0
1.9081172936827933
28.0
2.72057212265216
255.0
17.24230655621536
204.60554885404102
204.0
156.0
99.0
12.17697611143886
205.75292900107428
0.15950058624855876
35095108.0
0.30928160572492036
470.83717065774596
8.115011443927871
2.735312274933272
24.204814449453945
2.0059224381384197
2.824504423914199
0.29224497188212395
0.8119816372733463
0.27528988955126205
0.8841221309082115
0.21449425134745342
0.1993738009723166
2.9011989442107575
-0.4267668884195658
0.8871014656448459
0.8640505634574551
0.9888947298533204
0.8651809022795125
0.9545220441779054
0.2604541925117579
0.3316454288450482
2.573320581983299
0.7791873489490808
66.25854243284705
0.2527106405180205
1.1703231459794177
7.755256316228746
20.295258431566076
163.913397130629
3.6000594241380917
0.30459159024610755
4.6216605489004134
56.08665326032761
0.20917520768143893
0.3157418576598311
9.50122927317327
0.43871393709367357
3.0043938049687187
0.18633858688266997
7.533333333333333
0.2511111111111111
2.1822222222222223
8.266666666666667
4634.166666666667
34772.13333333333
777.9448425925926
0.4722314814814815
3.6666666666666665
0.12222222222222222
0.29646594695565365
2.7249177252415917
0.1581564483896048
4.348394345536396
0.03618817852834741
3870.565555555556
4.534528674629548
135.45114595898673
0.16339100839443513
4.565370808784691
256.394451145959
0.8494691090898244
8.13751507840772
46.4788902291918
388.01447527141136
8.051160367242996
0.22153565205736495
0.04697112228486087
0.36095612491076046
0.017754820723310468
