1.0
1.0
1.0
40.0
30.0
1.0
204.905
115.0
255.0
1.0
1.0
1.0
40.0
30.0
1.0
0.0
0.0
0.0
40.0
30.0
1.0
871.0
1.0
21.361653272101034
15.970149253731343
0.0
21.361653272101034
15.970149253731343
0.0
0.7011985872445593
0.0
0.0
49.04109631994533
40.0
30.0
49.4064773081425
49.4064773081425
822.0833333333334
34.387547456470024
0.23077025561936798
1838.9991241384882
2.236998427740685
871.0
202.0
243.0
45227710.0
1.384107238256255
18.0
3.027262401076549
255.0
11.989729002255347
227.37543053960965
231.0
187.0
68.0
8.363442482772497
227.87318466489782
-0.8046719367472831
45227710.0
0.4635011817183622
226.60187624976768
7.3791904340289705
2.662600062385124
6.270847250787481
-1.2082942973972357
1.3839131421339066
0.2250911277366128
0.7202300885143281
0.21864000037176975
0.7695913782759698
0.1761058484795378
0.36259423077343755
2.140649695203413
-0.37622616839290834
0.7886630815414675
0.8913251125505994
0.9868731888513436
0.8917551877082556
0.9564870375044742
0.21299526392753207
0.5656081672642895
1.9050431570324897
0.4022510674676299
81.86745795560124
0.32744507058661765
0.681805813024048
5.753433588890205
30.01614322471991
247.58916153386514
4.338190049591253
0.3419452291689
4.181181186177149
56.56854671994658
0.22239543001211448
0.28616532721010335
16.89806007964213
0.4655442691026079
1.9475824206105337
0.227303756164659
14.483870967741936
0.4672216441207076
0.9469302809573361
3.5483870967741935
10405.90322580645
88102.16129032258
1336.9406362007167
0.7067652329749103
6.612903225806452
0.2133194588969823
0.41208829393795904
1.0514323493911926
0.3621645912119509
3.335460521116417
0.03559127439724455
9616.474505723205
3.7252154730927853
170.71067738231918
0.1959938890726971
4.8738125147467635
403.70952927669344
0.453822031764695
7.26406429391504
49.90700344431688
401.4018369690011
7.57740942722286
0.21393832121444062
0.04836032567553534
0.23057860499091842
0.0243548864853089
