1.0
1.0
1.0
40.0
30.0
1.0
247.01333333333332
131.0
255.0
1.0
1.0
1.0
40.0
30.0
1.0
0.0
0.0
0.0
40.0
30.0
1.0
1161.0
1.0
19.237726098191214
14.351421188630491
0.0
19.237726098191214
14.351421188630491
0.0
0.75198285305245
0.0
0.0
46.56471923215663
40.0
30.0
49.4064773081425
49.4064773081425
1121.5
35.01587041978343
0.21830158153404594
2391.2597897973155
2.1321977617452657
1161.0
232.0
255.0
72387449.0
0.9851571442543894
7.0
5.063835399684774
255.0
7.647519402101458
249.50129198966408
255.0
213.0
42.0
4.270606802721086
249.69826580269856
-1.7880983591129085
72387449.0
0.6006086410108604
98.32924036349313
7.6236937691695825
2.7231035827331347
3.991454609520624
-1.4594442172089084
0.9497094531617856
0.1162582329722936
0.7808241360510517
0.11259591000375634
0.5104209451870794
0.10301545029347559
0.5463081396989647
1.4128262434245
-0.49742398563576096
0.7756648485440573
0.9440682772949756
0.9885432069936261
0.9443124321595447
0.9720341386474878
0.10939137740628627
0.719758474297065
1.2886241760752295
0.26649192153351986
67.35201063516695
0.3674789693195552
0.5324840556416346
5.369183291375234
112.77923563974386
962.0839546986986
14.455557326629126
0.33696850659009986
4.4159813636512375
23.94953272433421
0.12942512248561933
0.1569767441860465
63.19963139151787
0.3326910892837555
1.0709515033683714
0.1861161007910462
9.235294117647058
0.5432525951557093
0.6020761245674742
2.764705882352941
46183.117647058825
402703.0
5505.630718954249
0.7549019607843137
2.8823529411764706
0.1695501730103806
0.3218786260204021
1.2631399008296398
0.21728234973268792
3.169248695695229
0.014642549526270457
41519.031141868516
2.5587713443042515
469.4065460809647
0.40431227052624
3.3841716243014237
697.306632213609
0.2918909936116434
7.592592592592593
63.35658914728682
516.4470284237726
8.938415159345391
0.17776820748396976
0.0274803821183943
0.15634502680550322
0.010307875405384167
