1.0
1.0
1.0
40.0
30.0
1.0
247.61416666666668
183.0
255.0
1.0
1.0
1.0
40.0
30.0
1.0
0.0
0.0
0.0
40.0
30.0
1.0
1059.0
1.0
18.834749763928233
14.850802644003776
0.0
18.834749763928233
14.850802644003776
0.0
0.7003819666543968
0.0
0.0
46.66626737528609
40.0
30.0
49.4064773081425
49.4064773081425
1016.5
32.68421212072278
0.22275771837545216
2194.7730505073573
2.159147122978217
1059.0
244.0
255.0
67230103.0
0.7443787096980161
4.0
5.784034577471926
255.0
3.573257148360068
251.91595845136922
254.0
234.0
21.0
2.1526947262837064
251.961339345987
-1.8661392022837846
67230103.0
0.6664410721180296
22.866402551625924
3.361099104475202
1.8047821114266345
0.9829731850272162
-0.5704317330319034
0.5218618962470318
0.106494459609402
0.6595635163159865
0.106494459609402
0.48335434997137705
0.09444411777185395
0.5913777042999292
1.1532005648180172
-0.37935966823448564
0.6373794976710202
0.946752770195299
0.9787011080781196
0.946752770195299
0.964501846796866
0.106494459609402
0.7515348816219334
1.0467061052086155
0.15708908896410845
85.95116991716085
0.501128287695011
0.24943585615249447
2.550523846577288
99.95338180800147
377.28406856637184
30.620710118408873
0.612369038355678
4.282697673359213
21.023954355281184
0.11585161650702974
0.1619452313503305
50.45041627825327
0.2629271450152645
0.48034188759938745
0.20857345936923377
6.25
0.78125
0.109375
1.375
89909.125
351368.5
24544.28125
0.90625
1.25
0.15625
0.011412876408085281
0.011413414254548044
0.01141274194646959
2.7499999999999973
0.007554296506137866
72385.984375
2.5448393336158075
390.77903682719545
0.3690075890719504
3.0240690658156493
705.7610953729934
0.1667794639409852
3.365439093484419
62.38243626062323
224.29461756373937
21.904390934844194
0.4086402266288952
0.022547993526792036
0.0647027234021647
0.012009311057948866
