1.0
1.0
1.0
40.0
30.0
1.0
246.8525
191.0
255.0
1.0
1.0
1.0
40.0
30.0
1.0
0.0
0.0
0.0
40.0
30.0
1.0
942.0
2.0
20.23991507430998
14.321656050955413
0.0
20.23991507430998
14.321656050955413
0.0
0.6878617938909024
0.0
0.0
47.56481310490472
40.0
30.0
49.4064773081425
49.4064773081425
892.6666666666666
32.71801766842527
0.22694799514495603
1975.5316227349972
2.213067538538085
942.0
248.0
255.0
60459962.0
0.54430903069169
1.0
7.628067010537145
255.0
2.4404911625894274
253.3184713375796
255.0
239.0
16.0
1.0635225334422982
253.3427518083809
-2.3296078192491927
60459962.0
0.7808520516946822
12.301973034741096
3.66607341067729
1.9043081497730228
0.5602966628670012
-0.3312032901262979
0.25232361956811505
0.0937020772835561
0.45069359050615415
0.0937020772835561
0.44406419103960015
0.08439150103522698
0.7425956505389374
0.8083131220782208
-0.2184638839492672
0.40301740124613294
0.9531489613582219
0.9812595845432888
0.9531489613582219
0.9687659742388146
0.0937020772835561
0.8574571111312446
0.714611044794665
0.08650642421291779
79.88187756109274
0.5027783596373323
0.24861082018133382
2.557081319980989
108.33331152582284
426.3886224553516
28.819483793440636
0.6107296700047528
3.6787636795774095
34.56950538330596
0.20605185339616458
0.1685244161358811
64.92968739868954
0.4475287438514371
0.734562567620492
0.37577028790917333
6.8
0.68
0.16
1.6
62449.2
248221.2
16006.2
0.85
1.2
0.12
0.058064190619611364
0.05827243244948575
0.05801213016214276
3.1219280948873593
0.010615711252653927
53575.56
2.035714302241556
413.0276008492569
0.43845817499921114
4.1229213716130015
735.5626326963907
0.10957397415265889
3.624203821656051
62.67303609341826
244.38641188959662
17.244692144373673
0.34394904458598724
0.027375922689591683
0.07441798874932531
0.015615406174658274
