1.0
1.0
1.0
40.0
30.0
1.0
231.87916666666666
179.0
255.0
1.0
1.0
1.0
40.0
30.0
1.0
0.0
0.0
0.0
40.0
30.0
1.0
728.0
4.0
17.732142857142858
16.406593406593405
0.0
17.732142857142858
16.406593406593405
0.0
0.755837164298401
0.0
0.0
44.52027579165509
40.0
30.0
46.647615158762406
46.647615158762406
669.5
33.65007900814734
0.23614083476850528
1567.2805760194171
2.34097173415895
728.0
233.0
254.0
43597173.0
0.8667256130949583
10.0
2.2731162690832596
255.0
6.030189590629149
244.6085164835165
246.0
229.0
26.0
4.687868949232586
244.71662519810877
-0.5325584552472739
43597173.0
0.5894970414201184
52.90031208489312
1.8249539214149864
1.3088113972528954
0.8477406696869978
0.42040198450333666
0.6508126610611014
0.20296054068739977
0.524774775792338
0.20296054068739977
0.7225994145068877
0.1605996000770817
0.4125137990486677
1.5844471991392282
-0.22342019310715122
0.5644401439015985
0.8985197296563001
0.9594078918625201
0.8985197296563001
0.9323464864375334
0.20296054068739977
0.5897083324034047
1.381486658451829
0.2134433004371253
120.67912063176132
0.5438830461722162
0.22805847691389186
2.05602424594729
19.39888922441914
31.903118564053123
16.27283188951064
0.7359939385131775
3.7128151222929358
42.11341182369802
0.18364242412346923
0.3049450549450549
7.673623422980213
0.35787640144392874
0.8049880654570203
0.24609848544065585
8.285714285714286
0.5918367346938775
0.20408163265306123
3.142857142857143
18759.14285714286
20800.428571428572
18248.821428571428
0.4642857142857143
1.5714285714285714
0.11224489795918367
0.1453930340609124
0.5160802178660988
0.05272123810961576
3.521640636343315
0.019230769230769232
16055.142857142857
3.5695125556432554
123.07142857142857
0.1690541601255887
3.4661272793140925
429.15384615384613
0.2052514792899408
1.8653846153846154
46.505494505494504
81.22802197802197
37.824862637362635
0.7836538461538461
0.03537216895050653
0.07859497753364675
0.02456646680472148
