1.0
1.0
1.0
40.0
30.0
1.0
242.35666666666665
190.0
255.0
1.0
1.0
1.0
40.0
30.0
1.0
0.0
0.0
0.0
40.0
30.0
1.0
948.0
2.0
19.85759493670886
14.304852320675106
0.0
19.85759493670886
14.304852320675106
0.0
0.7120627333023849
0.0
0.0
48.210752565075765
40.0
30.0
49.4064773081425
49.4064773081425
894.25
34.32908024605281
0.22511098226780715
1994.0072851660027
2.2298096563220606
948.0
240.0
255.0
58775536.0
0.9916330100160662
9.0
2.517790484745493
255.0
5.007691075148212
248.92616033755274
250.0
234.0
21.0
3.9894697377214867
248.9970091156181
-0.7779661856978132
58775536.0
0.5057883352026918
35.27724812619061
2.6676010681417544
1.584116943572833
0.8555453821967506
-0.24063211995615674
0.8020640013066077
0.16949952515348898
0.65091820993637
0.16949952515348898
0.6485874126580451
0.13929874606547404
0.3749194907044776
1.6235776037302245
-0.3421251246912633
0.6897284685299411
0.9152502374232556
0.9661000949693022
0.9152502374232556
0.9435001582821704
0.16949952515348898
0.4993671809960885
1.4540780785767358
0.2428908816150242
119.42556141325446
0.5194422622667937
0.24027886886660316
2.21131492007313
35.13978351149312
107.3318100582058
17.091776874814954
0.6971712699817174
3.9870482122170148
33.70345977235201
0.14096897210329165
0.24314345991561181
15.667020534822267
0.30421554558979835
0.5366492213801147
0.24610712664221931
6.538461538461538
0.5029585798816568
0.2485207100591716
2.3846153846153846
17255.53846153846
52473.0
8451.173076923076
0.6538461538461539
1.6153846153846154
0.1242603550295858
0.2705974508721512
0.8154797625398302
0.13437687295523135
3.5465935642949344
0.013713080168776372
11937.76331360947
3.4028520070698485
210.0084388185654
0.22152788904911963
3.562392066798412
479.4873417721519
0.24710583239865405
2.661392405063291
53.333333333333336
153.38080168776372
28.321466244725737
0.5846518987341772
0.030643887311527205
0.07403195605871665
0.019796870124729846
