1.0
1.0
1.0
40.0
30.0
1.0
237.53916666666666
179.0
255.0
1.0
1.0
1.0
40.0
30.0
1.0
0.0
0.0
0.0
40.0
30.0
1.0
734.0
5.0
20.039509536784742
16.212534059945504
0.0
20.039509536784742
16.212534059945504
0.0
0.6386066101201539
0.0
0.0
50.34895225045397
40.0
30.0
49.4064773081425
49.4064773081425
674.0833333333334
32.1531737197639
0.23582845123126656
1576.5109269328111
2.338747820891795
734.0
239.0
255.0
45366272.0
0.9978566772675401
12.0
2.075900233515848
255.0
5.550364172278358
248.52861035422345
250.0
235.0
20.0
4.545691326349614
248.60995571727184
-0.6172816578293435
45366272.0
0.5014849022563089
40.43991714245409
2.631809225109171
1.5713115824351942
0.8544471111653118
-0.2075025870135517
0.8151619008201734
0.16425104439282417
0.664288434267471
0.16425104439282417
0.6394738006003748
0.1363166896038901
0.3739768377896112
1.621430770651997
-0.353793695381711
0.7027919214966009
0.9178744778035879
0.9671497911214352
0.9178744778035879
0.9452496518690586
0.16425104439282417
0.4891860602387821
1.4571797262591732
0.24485323630324937
106.35426034538938
0.5331027035280642
0.23344864823596786
2.115059000139645
27.081204906204906
82.24035341898245
13.29141777801052
0.7212352499650887
3.7552570272264623
34.39785411720896
0.16653100518080405
0.2721389645776567
12.205436093685133
0.3467748485571576
0.5484589117870677
0.2963538327496799
8.125
0.5078125
0.24609375
2.3125
11293.75
29723.3125
6686.359375
0.671875
1.75
0.109375
0.21633517019786633
0.6086318294201298
0.11826100539230042
3.749999999999995
0.021798365122615803
9189.234375
3.5099205253635226
140.7384196185286
0.19174171610153762
3.769721358091603
368.0899182561308
0.24925754887184548
2.5817438692098094
50.321525885558586
143.07220708446866
27.133855585831064
0.6045640326975477
0.03518073053219673
0.07775768850279037
0.024536491039548324
