1.0
1.0
1.0
40.0
30.0
1.0
242.63166666666666
188.0
255.0
1.0
1.0
1.0
40.0
30.0
1.0
0.0
0.0
0.0
40.0
30.0
1.0
900.0
1.0
16.547777777777778
16.26888888888889
0.0
16.547777777777778
16.26888888888889
0.0
0.6397422037950147
0.0
0.0
45.88515750328906
40.0
30.0
49.4064773081425
49.4064773081425
859.5833333333334
29.354671782635496
0.23234778503231182
1881.6445140370201
2.1890193086228056
900.0
242.0
255.0
56475168.0
0.9103209122804612
7.0
3.6067552247476007
255.0
4.148311111111113
250.44666666666666
252.0
235.0
20.0
2.9216559324264826
250.49987358612913
-1.2384961500912266
56475168.0
0.5608617283950617
26.653822222222225
3.025231111563568
1.7060377422978523
0.8765538092561467
-0.453508482151896
0.6443209106113292
0.1857642306599779
0.551746041760679
0.1857642306599779
0.6886327286351716
0.15041867894339764
0.4345387504209488
1.5302889534908817
-0.24805145118101868
0.5859191384792657
0.9071178846700111
0.9628471538680045
0.9071178846700111
0.9380785897800075
0.1857642306599779
0.6131556269678633
1.3445247228309043
0.2075212853178268
112.24848722158727
0.5093516392945616
0.24532418035271913
2.2959784196261452
38.91229453026786
140.6243237824828
13.484287217214117
0.6760053950934637
3.8783249692314996
39.174116291680804
0.17097851374552375
0.245
20.97936988533853
0.35814969811089753
0.6024136839366805
0.29708370165445175
9.615384615384615
0.7396449704142012
0.13017751479289943
1.4615384615384615
29450.153846153848
113640.53846153847
8402.557692307691
0.8846153846153846
1.1538461538461537
0.08875739644970414
0.05038077219912167
0.0760224304034964
0.043970357648027966
3.546593564294935
0.014444444444444444
24657.25443786982
3.265235164015809
189.18
0.2102
3.8139555555555553
504.77555555555557
0.21956913580246912
3.0233333333333334
53.37555555555556
179.63888888888889
21.809722222222224
0.49416666666666664
0.030007349143361044
0.07190779845888974
0.019532236814478878
