1.0
1.0
1.0
40.0
30.0
1.0
234.35083333333333
177.0
255.0
1.0
1.0
1.0
40.0
30.0
1.0
0.0
0.0
0.0
40.0
30.0
1.0
742.0
5.0
15.789757412398922
13.716981132075471
0.0
15.789757412398922
13.716981132075471
0.0
0.8498437768442322
0.0
0.0
43.631105339506405
40.0
30.0
49.4064773081425
49.4064773081425
683.25
37.079623349614664
0.23654067768432488
1585.9812477028315
2.321231244351016
742.0
236.0
254.0
44837832.0
0.915119029299932
10.0
2.4129631247803722
255.0
5.293662498819391
245.73854447439354
247.0
231.0
24.0
4.060182302565096
245.82177489693035
-0.5537157724599364
44837832.0
0.5576717693129227
40.912773083601536
1.9614721871426748
1.355303128109997
0.8346091157159847
0.3502866797114919
0.7070671678000942
0.20887439437463348
0.54475647813441
0.20887439437463348
0.7301136240998471
0.16319917483566437
0.37883004407697174
1.6518133776017707
-0.24049721619168585
0.5891082880013754
0.8955628028126832
0.9582251211250734
0.8955628028126832
0.9303752018751221
0.20887439437463348
0.5402596747026861
1.4429389832271375
0.22898539054368194
122.3097032391321
0.539001747786871
0.23049912610656448
2.0857866323402567
23.79422397751968
44.04399606564414
18.731780955488567
0.7285533419149358
3.7250491757297013
44.18272452116665
0.18665950973856707
0.305256064690027
11.112226796591731
0.37742901368841686
0.8132446931782146
0.2684750938159674
7.142857142857143
0.5102040816326531
0.24489795918367346
2.7142857142857144
17591.571428571428
25971.214285714286
15496.660714285714
0.5714285714285714
2.857142857142857
0.20408163265306123
0.30700257024994315
1.0585142636847136
0.11912464689125056
2.9852281360342485
0.018867924528301886
14782.571428571426
3.6412577325631785
126.42048517520216
0.17037801236550157
3.737207663414244
413.79245283018867
0.2211641153435386
1.990566037735849
46.74393530997305
90.25202156334232
35.86691374663073
0.7523584905660378
0.0387333847510253
0.08766708903537454
0.02649995867993798
