1.0
1.0
1.0
40.0
30.0
1.0
237.96
191.0
255.0
1.0
1.0
1.0
40.0
30.0
1.0
0.0
0.0
0.0
40.0
30.0
1.0
766.0
4.0
22.52219321148825
15.322454308093995
0.0
22.52219321148825
15.322454308093995
0.0
0.6497033414319866
0.0
0.0
46.169763000035765
40.0
30.0
49.4064773081425
49.4064773081425
722.4166666666666
29.996649294246136
0.24164101175879232
1611.283588315759
2.230407551019623
766.0
240.0
254.0
47435931.0
0.9784719441273493
7.0
3.2937941751068407
255.0
4.2262678183094815
248.79503916449087
251.0
234.0
21.0
3.1312767539910817
248.85096518209983
-1.0777059918362863
47435931.0
0.5148477390942743
27.831359202121497
2.7731466022611486
1.624919928884276
0.8325082043966192
-0.3146364156335919
0.7341688823684953
0.20322636878335754
0.565908739076602
0.20322636878335754
0.723331602408404
0.16080707556969387
0.3704952988543797
1.6652995110340705
-0.25471001992982195
0.6126690188394633
0.8983868156083211
0.9593547262433285
0.8983868156083211
0.9322578770722141
0.20322636878335754
0.523306744492597
1.4620731422507134
0.23434881278796324
109.53812345761465
0.520024759883874
0.239987620058063
2.200886286674038
28.174834094373985
94.48597941830275
11.5970477633918
0.6997784283314905
3.765593827986883
39.145177162513924
0.1797516122467365
0.2751305483028721
13.775564038120947
0.35846239733581303
0.6463951263637893
0.2864792150788189
9.133333333333333
0.6088888888888889
0.19555555555555554
1.8
14165.2
44685.4
6535.15
0.8
1.9333333333333333
0.1288888888888889
0.2905592587051838
0.5406161565786539
0.22804503423681627
3.456564762130951
0.0195822454308094
11557.395555555555
3.4762726732075415
140.49869451697128
0.18341866124930978
3.646265227794858
394.3733681462141
0.24257613045286286
2.758485639686684
49.87206266318538
153.60704960835508
23.93831592689295
0.560378590078329
0.03484310151388667
0.07910710462020608
0.023777100737306822
