1.0
1.0
1.0
40.0
30.0
1.0
242.01833333333335
178.0
255.0
1.0
1.0
1.0
40.0
30.0
1.0
0.0
0.0
0.0
40.0
30.0
1.0
970.0
1.0
19.036082474226806
16.57422680412371
0.0
19.036082474226806
16.57422680412371
0.0
0.7558928264058365
0.0
0.0
42.875655090742995
40.0
30.0
49.4064773081425
49.4064773081425
931.4166666666666
32.409400110543515
0.22951248346541447
2009.5885553654095
2.1575613012780637
970.0
238.0
255.0
60286244.0
0.970950594454668
9.0
3.1741674259719987
255.0
5.13938144329897
249.22061855670103
251.0
231.0
24.0
3.968150486049741
249.30055557561295
-1.084895412829672
60286244.0
0.52
39.8502965246041
2.787503176136005
1.6213252546875203
0.8992903171278679
-0.34409018256229246
0.7880567622582806
0.15294517585311226
0.6745092618816713
0.15294517585311226
0.6103150780533657
0.12835328570921317
0.4011457452350905
1.559063077209844
-0.3705361895481477
0.7050082955692951
0.9235274120734439
0.9694109648293775
0.9235274120734439
0.9490182747156293
0.15294517585311226
0.5448526667609641
1.406117901356732
0.23525048452784825
101.26897252900702
0.5090344510159197
0.24548277449204012
2.298672850568935
52.4353198486417
168.56444744600373
23.403037949301186
0.6753317873577662
4.239824979678736
27.008403679297547
0.12763301492274232
0.20515463917525772
23.641396439656837
0.29237270473978266
0.5552210058222944
0.22666062946915475
8.384615384615385
0.6449704142011834
0.1775147928994083
1.6923076923076923
29126.153846153848
102070.92307692308
10889.961538461539
0.8269230769230769
1.1538461538461537
0.08875739644970414
0.05955150906176064
0.06980864996124395
0.056987223836889804
3.546593564294935
0.013402061855670102
23558.698224852073
3.2610267318033195
254.83505154639175
0.2627165479859709
3.4094335210968216
504.4
0.24
2.8
57.56082474226804
172.06185567010309
28.935567010309278
0.55
0.026301222522227677
0.06354857068829824
0.01698938548071004
