1.0
1.0
1.0
40.0
30.0
1.0
240.625
153.0
255.0
1.0
1.0
1.0
40.0
30.0
1.0
0.0
0.0
0.0
40.0
30.0
1.0
953.0
2.0
18.342077649527806
15.583420776495277
0.0
18.342077649527806
15.583420776495277
0.0
0.7488914653387312
0.0
0.0
42.56065657612211
40.0
30.0
49.4064773081425
49.4064773081425
907.8333333333334
31.8733124690706
0.2268156783433156
1999.0107814192615
2.2019579013246866
953.0
238.0
255.0
58262983.0
0.9867421780444711
10.0
2.4000094844538085
255.0
5.419741491220634
247.1741867785939
249.0
232.0
23.0
4.344091805630269
247.25774708637292
-0.6231061500152367
58262983.0
0.509161437510529
41.3148845695209
2.2648807899208494
1.4523942843352966
0.8234147782289419
0.13633631338770708
0.8062933503000742
0.18460412617007949
0.6274501122725245
0.18460412617007949
0.6859893602997827
0.14968305804247872
0.3548682037224443
1.677934931111912
-0.3109958915661162
0.6740482537359075
0.9076979369149603
0.963079174765984
0.9076979369149603
0.9384652912766402
0.18460412617007949
0.4553036525796638
1.493330804941833
0.24772436911753848
122.48584887802508
0.5186033461233414
0.2406983269383293
2.2116082120415292
27.613790881544855
63.47122208779648
18.649433079981947
0.6970979469896177
4.077841030288049
33.86450110901242
0.13895450098365847
0.24790136411332633
9.991250412157878
0.2900697215434875
0.5924554431459855
0.2144732911428629
5.2
0.52
0.24
2.2
29391.5
79089.5
16967.0
0.7
2.2
0.22
0.4113715197568625
1.0447066641485176
0.25303773365894855
2.9219280948873605
0.01049317943336831
20309.410000000003
3.569138220622733
184.18363064008395
0.19326718849956342
3.2882805609721997
485.2308499475341
0.24541928124473553
2.296956977964323
52.52360965372508
122.70409233997901
34.97848898216159
0.6757607555089192
0.03099266627485785
0.06947997690390134
0.021370838617596977
