1.0
1.0
1.0
40.0
30.0
1.0
233.385
190.0
255.0
1.0
1.0
1.0
40.0
30.0
1.0
0.0
0.0
0.0
40.0
30.0
1.0
716.0
2.0
18.80167597765363
15.604748603351956
0.0
18.80167597765363
15.604748603351956
0.0
0.786744658472407
0.0
0.0
45.49968062491751
40.0
30.0
49.4064773081425
49.4064773081425
662.5833333333334
35.79663069385432
0.2394921120185656
1534.6873575121351
2.3162178707264016
716.0
237.0
254.0
43500185.0
0.9782552833453443
10.0
2.378781523638217
255.0
5.517805311944071
246.39804469273744
247.0
231.0
24.0
4.453364817001181
246.48417459143772
-0.5711625530961968
43500185.0
0.5149964108486003
42.4518956181143
2.1918378207412754
1.4364674253249305
0.7736345772218316
0.16029773663307434
0.7486321106132272
0.23512891046703294
0.5219786685941473
0.23512891046703294
0.7797577681883352
0.17809545528890602
0.33002403417096393
1.7643268965260628
-0.21469547417929255
0.5768538331853698
0.8824355447664836
0.9529742179065934
0.8824355447664836
0.921623696510989
0.23512891046703294
0.4459681194415529
1.5291979860590301
0.24594025527006502
121.08240670170582
0.5197458564701869
0.24012707176490655
2.2094412492175017
17.792689889916232
39.10936286530695
12.463521646068557
0.6976396876956247
3.580021414886585
49.16774685119266
0.20365071304939722
0.3261173184357542
7.385103641529568
0.3822089236129897
0.7787610697315148
0.28307088708335837
7.8
0.52
0.24
2.2
11764.266666666666
24587.866666666665
8558.366666666667
0.7
1.6666666666666667
0.1111111111111111
0.06450993280792991
0.17016913965266636
0.03809513109674581
3.7735572622751814
0.02094972067039106
9485.795555555555
3.7426858472188647
114.66759776536313
0.16015027620860772
3.598467588402359
368.7374301675978
0.2425017945756999
2.2402234636871508
44.444134078212294
99.68435754189944
30.634078212290504
0.6899441340782123
0.037099616783916135
0.07956893644846724
0.026482286867778357
