1.0
1.0
1.0
40.0
30.0
1.0
238.20833333333334
177.0
255.0
1.0
1.0
1.0
40.0
30.0
1.0
0.0
0.0
0.0
40.0
30.0
1.0
916.0
2.0
17.90174672489083
15.421397379912664
0.0
17.90174672489083
15.421397379912664
0.0
0.6738056468903205
0.0
0.0
47.55093976497487
40.0
30.0
49.4064773081425
49.4064773081425
858.25
32.04009172858156
0.22346860604099833
1954.3851133641156
2.2771746150470324
916.0
235.0
254.0
55053136.0
0.9168333472511432
12.0
1.9526462122536066
255.0
6.03056768558952
245.05676855895197
245.5
231.0
24.0
4.888849592575826
245.1564334377036
-0.25139496238585185
55053136.0
0.5565301958391335
48.857039339448136
1.9639404028291523
1.3496810000449764
0.8939835872632251
0.3935106561571918
0.7393332533973015
0.17020519461155323
0.6258353844318041
0.17020519461155323
0.6549168381319164
0.14059901845444306
0.40463175754112957
1.5744272352490034
-0.3138875911781558
0.6619061751511597
0.9148974026942234
0.9659589610776894
0.9148974026942234
0.9432649351294822
0.17020519461155323
0.565216402649247
1.4042220406374506
0.22738461200221372
125.09146889115532
0.5348386278534268
0.23258068607328652
2.1081198570632873
28.72918134289535
54.047909692221374
22.399499255563846
0.7229700357341782
4.040134093384291
37.5483888116655
0.15650644904711503
0.2554585152838428
12.104051905991753
0.32924175624069363
0.7101826972259182
0.23400652099438746
8.285714285714286
0.5918367346938775
0.20408163265306123
3.142857142857143
28357.85714285714
36523.0
26316.571428571428
0.4642857142857143
2.5714285714285716
0.1836734693877551
0.3963198665430405
1.3152788689449684
0.16658011594255853
3.235926350629029
0.015283842794759825
24076.95918367347
3.528577613086963
172.82532751091702
0.18867393833069546
3.3911061955340287
509.7816593886463
0.22173490208043323
1.9956331877729259
51.78165938864629
100.56113537117903
39.5867903930131
0.7510917030567685
0.0332444323556691
0.07699956286493248
0.02230564972835325
