1.0
1.0
1.0
40.0
30.0
1.0
244.14083333333335
193.0
255.0
1.0
1.0
1.0
40.0
30.0
1.0
0.0
0.0
0.0
40.0
30.0
1.0
838.0
3.0
19.894988066825775
14.081145584725537
0.0
19.894988066825775
14.081145584725537
0.0
0.7672914845474433
0.0
0.0
48.244896418464315
40.0
30.0
48.25971404805462
48.25971404805462
774.9166666666666
37.017898194761116
0.2265335924637975
1801.0323486703712
2.3241626179206856
838.0
243.0
255.0
52918703.0
0.8671437348736946
6.0
2.8452341517350344
255.0
3.863508979784801
251.25178997613367
254.0
240.0
15.0
2.9622395833333335
251.2942702540785
-1.0722862950175567
52918703.0
0.589225397440206
21.348296318658466
3.1895040167130815
1.7555837380753108
0.9197969082694901
-0.5175668261559588
0.5841279167258424
0.15449439502570103
0.5810086926073487
0.15449439502570103
0.6172814876001862
0.1299642892808986
0.5007245548433297
1.3775767388419786
-0.28236679054775105
0.5969813197059237
0.9227528024871495
0.9691011209948598
0.9227528024871495
0.9485018683247662
0.15449439502570103
0.6783365405624602
1.2230823438162777
0.1846555779378859
109.18512602777021
0.5067746474149792
0.2466126762925104
2.338846397401022
34.83295434878792
128.4196279483587
11.436285948895225
0.6652884006497445
3.7258593184340394
40.276021494556105
0.18246477957041707
0.25745823389021477
18.57741497689907
0.40323872673124767
0.6717161484498526
0.3361193713015964
9.125
0.5703125
0.21484375
1.9375
21767.125
85289.5
5886.53125
0.765625
1.375
0.0859375
0.17226178887681268
0.39752275909150064
0.11594654632314066
3.874999999999995
0.01909307875894988
19023.984375
3.1148580600336584
187.74224343675417
0.22403609001999306
4.280449530362667
493.7708830548926
0.20538730127989702
3.1336515513126493
52.44868735083532
184.84248210023867
19.350238663484486
0.4665871121718377
0.03432886173783577
0.08337854518851649
0.02206644087516559
