1.0
1.0
1.0
40.0
30.0
1.0
239.27666666666667
196.0
255.0
1.0
1.0
1.0
40.0
30.0
1.0
0.0
0.0
0.0
40.0
30.0
1.0
690.0
5.0
20.339130434782607
12.710144927536232
0.0
20.339130434782607
12.710144927536232
0.0
0.5965321592770436
0.0
0.0
48.927987977676366
40.0
30.0
47.01063709417264
47.01063709417264
637.1666666666666
29.18711831740451
0.24205122199243814
1479.3770488014993
2.3218054650298185
690.0
240.9
255.0
42658074.0
0.9997030165587091
9.75
1.9456919127941497
255.0
4.623381642512078
248.5855072463768
250.0
238.0
17.0
3.868494273171164
248.64290790644705
-0.476193610134191
42658074.0
0.5002058391094308
28.541239235454736
2.5846309231140214
1.5620828059197733
0.8073381671443219
-0.16670639776165008
0.7810259055790703
0.20323498929059625
0.5867087755180055
0.20323498929059625
0.7224922529789685
0.16062374378591235
0.3472458087792545
1.707972404951585
-0.27212898969363086
0.6368692186740881
0.8983825053547019
0.9593530021418808
0.8983825053547019
0.9322550035698012
0.20323498929059625
0.4604653112744751
1.5047374156609892
0.2460652237174166
112.77933555809958
0.5433308476409542
0.2283345761795229
2.058964332958952
21.64261218761581
65.69174920564893
10.630327933107534
0.735258916760262
3.618152066456052
38.87337885017253
0.18177307520364772
0.3010869565217391
9.58595554439438
0.3635555526348374
0.5810568070459625
0.3091802390320561
10.2
0.68
0.16
1.6
9519.466666666667
33193.46666666667
3600.9666666666667
0.85
1.4
0.09333333333333334
0.12992446684429929
0.16014837916927976
0.12236848876305416
3.589898095464284
0.021739130434782608
7403.466666666666
3.6249414274371072
112.82898550724637
0.1635202688510817
3.696735979836169
345.14202898550724
0.24989708044528464
2.5304347826086957
47.142028985507245
133.68115942028984
25.507246376811594
0.6173913043478261
0.03556959894800647
0.07174705507538497
0.026525234916161846
