1.0
1.0
1.0
40.0
30.0
1.0
234.12083333333334
176.0
255.0
1.0
1.0
1.0
40.0
30.0
1.0
0.0
0.0
0.0
40.0
30.0
1.0
723.0
3.0
21.141078838174273
13.524204702627939
0.0
21.141078838174273
13.524204702627939
0.0
0.625936204361284
0.0
0.0
49.22739125177607
40.0
30.0
49.4064773081425
49.4064773081425
674.5
30.813206430744593
0.24184270289440757
1537.9389846495337
2.2801171010371144
723.0
237.0
255.0
44790272.0
0.9790206239241419
11.0
2.5579918906534673
255.0
6.468407147872035
248.78561549100968
253.0
231.0
24.0
4.9802918815160515
248.89874181906745
-0.9219912535527688
44790272.0
0.5144711695735267
56.30120387428286
2.7901229320647696
1.6256106648991673
0.8743592522084659
-0.3390408182997961
0.7633391869290981
0.17341812526546568
0.6294281439897758
0.17341812526546568
0.6599216377361224
0.14228230724701948
0.3893390366556987
1.603590774723719
-0.31862699570589653
0.6678096518141173
0.9132909373672672
0.9653163749469067
0.9132909373672672
0.9421939582448448
0.17341812526546568
0.5389016022664345
1.4301726494582536
0.23418932804864095
98.96477272727273
0.5229026949106088
0.23854865254469554
2.184537337662338
31.160888798701297
101.47074675324676
13.583424310064935
0.7038656655844155
3.818817753774929
34.07308441558442
0.17417349943076404
0.262448132780083
14.921727826085238
0.3608214771159926
0.6142639554201358
0.29746085753995677
4.555555555555555
0.5061728395061729
0.24691358024691357
2.6666666666666665
18470.555555555555
44870.22222222222
11870.638888888889
0.5833333333333334
1.8888888888888888
0.20987654320987653
0.2593539179682547
0.33370813785235626
0.24076536299722934
2.7254805569978653
0.012448132780082987
12017.111111111113
3.4033623068333996
147.61964038727524
0.20417654272098926
3.7687826770659365
371.9626556016598
0.24276441521323672
2.7551867219917012
51.38450899031812
157.3305670816044
24.89799446749654
0.5612033195020747
0.03292005130006513
0.07359751834497437
0.022750684538837822
