1.0
1.0
1.0
40.0
30.0
1.0
176.255
69.0
255.0
1.0
1.0
1.0
40.0
30.0
1.0
0.0
0.0
0.0
40.0
30.0
1.0
700.0
1.0
20.144285714285715
15.497142857142856
0.0
20.144285714285715
15.497142857142856
0.0
0.5078933299704368
0.0
0.0
53.16815542634419
40.0
27.0
48.82622246293481
48.82622246293481
659.6666666666666
27.003751507871698
0.2480722409537249
1477.2556089799543
2.239397082839749
700.0
191.0
252.0
36872947.0
1.8675667761726413
26.0
3.323673029295313
255.0
17.746195918367345
228.41285714285715
235.0
166.0
89.0
12.313064921282903
229.51173950678117
-1.0854594235419148
36872947.0
0.34091020408163264
503.2052632653062
14.843412846638643
3.7800571167553074
26.165018494991884
-3.431389597413331
2.728933254508565
0.5113941857381876
0.6842341333777302
0.41277750756122245
1.1463663279646057
0.3375700654252319
0.2108620314586695
3.0185725786940587
-0.28827486394192525
0.7927866370754854
0.8034729140370853
0.9811974557226871
0.8094412135033497
0.9335084687621857
0.332212623975303
0.4141598925005656
2.515647275710186
0.8100818600616881
75.19990849180203
0.252761551654739
1.1993911134140787
11.504766357845662
11.438183069423221
187.23389453461493
0.8932239143593369
0.17912476026857194
3.9592698329378955
105.51405348400306
0.35056671065946754
0.42392857142857143
5.635130124368822
0.6099825201974143
5.4823194053145565
0.14245137213333503
17.375
0.271484375
1.265625
6.90625
1709.21875
27869.421875
108.31136284722223
0.3615234375
12.0
0.1875
0.4145275867796601
1.7684394853841405
0.22511962618082293
4.224665949682693
0.09142857142857143
1589.58984375
4.399111632068414
87.59428571428572
0.12513469387755102
6.026783673469388
238.63714285714286
0.9582428571428572
14.427142857142858
37.48285714285714
639.6785714285714
2.6088984126984127
0.1193142857142857
0.09179412657920312
0.7559442642533203
0.029473349876723176
