1.0
1.0
1.0
40.0
30.0
1.0
254.3525
240.0
255.0
1.0
1.0
1.0
40.0
30.0
1.0
0.0
0.0
0.0
40.0
30.0
1.0
1146.0
1.0
19.019197207678882
14.550610820244328
0.0
19.019197207678882
14.550610820244328
0.0
0.7480490517365808
0.0
0.0
45.9164288580924
40.0
30.0
49.4064773081425
49.4064773081425
1104.6666666666667
34.347741066426195
0.21774562425743818
2373.3157484689227
2.14844515552407
1146.0
253.0
255.0
74306272.0
-3.203426503814917e-16
0.0
6.526824364490255
255.0
0.5620794995263945
254.6352530541012
255.0
252.0
3.0
0.4408247627209511
254.63636598701206
-2.0974078232508737
74306272.0
1.0
0.5667851453877056
1.0
1.0
0.0
0.0
0.0
0.0
1.0
0.0
-3.203426503814917e-16
0.0
1.0
-3.203426503814917e-16
0.0
0.0
1.0
1.0
1.0
1.0
0.0
1.0
-3.203426503814917e-16
0.0
66.25
1.0
0.0
1.0
489.1116084865118
489.1116084865118
489.1116084865118
1.0
4.054743333369634
5.333495483812597
0.09111994806303704
0.05780977312390925
116.04424284002545
0.03544316948999218
0.03544316948999218
0.03544316948999218
1.0
1.0
0.0
1.0
1313316.0
1313316.0
1313316.0
1.0
1.0
1.0
7.614313691449735e-07
7.614313691449735e-07
7.614313691449735e-07
-3.203426503814917e-16
0.0008726003490401396
0.0
0.9411287363466981
794.0069808027923
0.692850768588824
1.1421348708155539
1146.0
0.0
1.0
74.03141361256544
74.03141361256544
74.03141361256544
1.0
0.014770429049391071
0.014770429049391071
0.014770429049391071
