1.0
1.0
1.0
40.0
30.0
1.0
254.79916666666668
234.0
255.0
1.0
1.0
1.0
40.0
30.0
1.0
0.0
0.0
0.0
40.0
30.0
1.0
1191.0
1.0
19.35264483627204
14.534005037783375
0.0
19.35264483627204
14.534005037783375
0.0
0.7569445487726922
0.0
0.0
45.846656689115804
40.0
30.0
49.4064773081425
49.4064773081425
1156.1666666666667
34.70337686027929
0.21844355641393373
2438.7007697807203
2.1092986332253596
1191.0
255.0
255.0
77403355.0
0.05814137047874826
0.0
106.66182998304858
255.0
0.13457776311420083
254.9311502938707
255.0
247.0
8.0
0.0
254.93179970748858
-9.942496201727721
77403355.0
0.9866561483728018
0.33111194298689933
3.9842071781475816
1.9958344032325477
0.019959489248451746
-0.0132634754208684
0.009995983458466003
0.00659206310012234
0.13954776187739143
0.00659206310012234
0.05716476426854936
0.006547968335592657
0.9851580083851132
0.0721046893154276
-0.10045267385221711
0.05571000370021982
0.9967039684499389
0.9986815873799756
0.9967039684499389
0.9978026456332926
0.00659206310012234
0.9925383716824864
0.06551262621530558
0.004147011639647086
47.59348686028418
0.7848641601563927
0.10756791992180362
3.6224313200796963
664.0505028286383
2655.53720859208
166.17882638777795
0.34439216998007594
3.1010544830937965
13.159305420223673
0.27784953284480607
0.050167926112510496
138.31204039520432
0.1440986000577919
0.2257539118002257
0.12368477212218346
3.4
0.68
0.16
1.6
279902.2
1119595.6
69978.85
0.85
1.4
0.28
0.46250014290930475
0.46250057163721897
0.4625000357273262
1.9219280948873614
0.0041981528127623844
223162.96000000002
0.6943313330166958
924.0428211586902
0.7758545937520488
1.2713332078469857
1175.1074727120067
0.006671925813599195
3.9798488664987404
75.20822837951302
300.7422334172964
18.82472712006717
0.25503778337531485
0.016897890853950187
0.05947513464446014
0.006253579906322699
