1.0
1.0
1.0
40.0
30.0
1.0
217.03916666666666
117.0
255.0
1.0
1.0
1.0
40.0
30.0
1.0
0.0
0.0
0.0
40.0
30.0
1.0
838.0
1.0
17.608591885441527
15.306682577565633
0.0
17.608591885441527
15.306682577565633
0.0
0.7414074861705799
0.0
0.0
47.85735721970087
40.0
30.0
49.4064773081425
49.4064773081425
786.9166666666666
35.48180291102588
0.23228002510968282
1774.563001859154
2.25508376811499
838.0
219.0
255.0
49138985.0
1.4158881979242524
13.0
4.0278917178417695
255.0
10.237527127323267
241.77923627684964
246.0
201.0
54.0
6.845846980767616
242.1536845089107
-1.3564967381159603
49138985.0
0.40517256110411765
181.20782662436423
5.389769886451745
2.262052532443992
3.9495149966771788
-0.24166799585953916
1.3236873244099332
0.2323849484704783
0.7008972653641643
0.2317083584840101
0.7788174608476421
0.17751166851686676
0.28457974239558653
2.201040202422691
-0.35386954822804595
0.7782870231906711
0.8842134797566419
0.9767927323830969
0.8842585857557397
0.9421067398783209
0.23111634224585043
0.426731884840215
1.9664007608914862
0.3890180682201029
89.24757773828692
0.34796543918890877
0.5713240378239433
4.4324824786270565
21.849540680146987
129.18211897224126
4.959154570657114
0.4416324135526944
4.041998257277069
56.69830273352524
0.21484310746852675
0.3060859188544153
10.362050265118333
0.44678929758440333
1.5583791930906519
0.26943180224412766
12.185185185185185
0.4513031550068587
0.8916323731138546
4.185185185185185
8040.148148148148
37749.7037037037
1898.8086419753088
0.6152263374485597
2.6296296296296298
0.09739368998628258
0.14825067019428323
0.8541654290930221
0.06810093549129094
3.958229168669873
0.032219570405727926
7076.850480109739
3.8905893585430644
145.09546539379474
0.17314494677063813
4.598202334231406
339.5346062052506
0.44037684907240215
5.324582338902148
47.517899761336515
278.1909307875895
10.77380005303633
0.3046937151949085
0.04188723552490031
0.18366294987675968
0.020451464721887656
