1.0
1.0
1.0
40.0
30.0
1.0
247.69
150.0
255.0
1.0
1.0
1.0
40.0
30.0
1.0
0.0
0.0
0.0
40.0
30.0
1.0
996.0
2.0
20.451807228915662
14.849397590361447
0.0
20.451807228915662
14.849397590361447
0.0
0.80195030262771
0.0
0.0
45.64926676546587
40.0
30.0
49.4064773081425
49.4064773081425
935.6666666666666
36.60844329729842
0.21978233991152957
2104.9353919313908
2.2496637605251775
996.0
246.0
255.0
63745374.0
0.608834371321861
2.0
6.522428732355599
255.0
2.910824018967432
252.95180722891567
255.0
238.0
17.0
1.3443493394821109
252.98493931076666
-2.142138413969072
63745374.0
0.7455625715714262
16.76273769777907
3.6006924418402644
1.8847419933913545
0.6420224760272168
-0.37944309569317175
0.30072693648325644
0.10706707666759854
0.47016224823342456
0.10706707666759854
0.48665900243565197
0.09506618380927162
0.7010368096153009
0.914938407157809
-0.22160365828007622
0.4361578136219189
0.9464664616662009
0.9785865846664803
0.9464664616662009
0.9643109744441338
0.10706707666759854
0.8312084550575553
0.8078713304902108
0.10194850328771375
96.41567542844331
0.5030903046998081
0.24845484765009596
2.5175374923297933
76.02938129083697
297.9201767912482
20.556682415734144
0.6206156269175517
3.7319092951465382
34.33302942639351
0.17090057536115616
0.19252008032128515
41.729633680190666
0.4017680756226891
0.5706368436562996
0.35955088361428644
21.666666666666668
0.8024691358024691
0.09876543209876544
1.3333333333333333
13545.333333333334
53974.333333333336
3438.0833333333335
0.9166666666666666
3.074074074074074
0.11385459533607682
0.19262732788245124
0.22040642450992923
0.18568255372558176
3.602316558505547
0.02710843373493976
12184.54320987654
2.3982050782779543
353.89357429718876
0.3553148336317156
4.47529475331043
742.5803212851406
0.12721871421428688
3.5512048192771086
60.12449799196787
231.51305220883535
17.277359437751002
0.3621987951807229
0.03453965395469507
0.08128260981062067
0.022853914990713674
