1.0
1.0
1.0
40.0
30.0
1.0
244.9825
170.0
255.0
1.0
1.0
1.0
40.0
30.0
1.0
0.0
0.0
0.0
40.0
30.0
1.0
1070.0
1.0
20.042990654205607
14.69252336448598
0.0
20.042990654205607
14.69252336448598
0.0
0.8017193380608874
0.0
0.0
44.36143014384709
40.0
30.0
49.4064773081425
49.4064773081425
1022.5833333333334
35.56541641035938
0.21985567702294817
2232.60681929309
2.1833006137655513
1070.0
241.0
255.0
67092817.0
0.9231998097157212
8.0
5.243282019780173
255.0
4.9978251375666
250.32616822429907
253.0
226.0
29.0
3.525905089619496
250.4068036010995
-1.600528343094717
67092817.0
0.5522822953969779
40.376791859551055
2.9593487121998088
1.6766535294483802
0.9539796532749589
-0.4672015457733147
0.7338284910743469
0.14122375229066297
0.6764098245135097
0.14122375229066297
0.5781926424718815
0.11964726970183062
0.44282660861566436
1.4693758410314597
-0.38087740172863926
0.6953470546620268
0.9293881238546685
0.9717552495418673
0.9293881238546685
0.9529254159031123
0.14122375229066297
0.6060416533030486
1.3281520887407967
0.21876306084125244
108.3175914973031
0.5015703434343264
0.24921482828283678
2.467736164840401
58.18045076644983
201.28354734115624
22.404676622773234
0.6330659587898998
4.227143446157324
32.0227223621955
0.14031237542827774
0.20186915887850465
29.910632075541624
0.32043193787225555
0.7339990455258703
0.21704016095885173
6.8
0.68
0.16000000000000003
3.4
53003.8
186596.2
19605.7
0.4
1.2
0.12
0.16500683428695895
0.6599799354530236
0.0412635589954428
3.1219280948873593
0.009345794392523364
41554.8
3.098403681016343
296.8
0.27738317757009345
3.4610848109005152
590.9420560747664
0.22385885230151106
2.9850467289719624
58.0
185.18878504672898
26.20280373831776
0.5037383177570094
0.026279600166477114
0.07354836372070463
0.014462409277920236
