1.0
1.0
1.0
40.0
30.0
1.0
224.22583333333333
133.0
255.0
1.0
1.0
1.0
40.0
30.0
1.0
0.0
0.0
0.0
40.0
30.0
1.0
727.0
5.0
19.213204951856948
10.852819807427785
0.0
19.213204951856948
10.852819807427785
0.0
0.7215061088665068
0.0
0.0
46.18538654248108
40.0
30.0
48.60041152089147
48.60041152089147
666.0
33.32303853076105
0.2358346788203266
1563.841053951731
2.3481096906182146
727.0
226.0
255.0
42669777.0
1.2469826044200405
20.0
1.8233990828598254
255.0
9.605539147331555
242.0206327372765
242.0
220.0
35.0
8.471226245138164
242.26628579408685
-0.29432892354999945
42669777.0
0.46347693314841765
118.96656191051015
5.779562260317276
2.35999864848874
2.072522456285336
0.026797619005560103
1.0342713817219886
0.19464716466254414
0.6838322658703151
0.19382208215429333
0.7027991743646589
0.15493380208423116
0.3391253060359869
1.9215532712360703
-0.36635428142177207
0.7515829564489027
0.9031714671736785
0.9805733642648956
0.9032264726742285
0.9515857335868392
0.19310013495957387
0.4666102514833919
1.7242517270525375
0.3072296365961332
89.83868357202918
0.41005001633225135
0.4395813363192075
4.717164151533742
21.961213693047583
132.15037540294284
4.484675122137479
0.355777859793716
3.9084545443818484
43.01006354837478
0.1902811259280514
0.2998624484181568
9.67884696672272
0.40960941198885087
1.3487674366151263
0.22476644866777568
17.352941176470587
0.5103806228373703
0.5432525951557095
2.7058823529411766
4643.441176470588
24626.735294117647
995.9183006535947
0.7369281045751634
7.117647058823529
0.2093425605536332
0.452559067343207
0.4944565925361464
0.44716997238929956
3.181205667334646
0.04676753782668501
4186.236159169551
3.6898014902565843
134.82943603851444
0.18546002206123033
4.619421072448248
336.9477303988996
0.3386909705995319
5.621733149931225
48.1939477303989
293.72627235213207
9.485480666360996
0.2480513525905548
0.053455176647560554
0.17527021270070003
0.03260138429858956
