1.0
1.0
1.0
40.0
30.0
1.0
239.9475
174.0
255.0
1.0
1.0
1.0
40.0
30.0
1.0
0.0
0.0
0.0
40.0
30.0
1.0
988.0
1.0
21.625506072874494
14.771255060728745
0.0
21.625506072874494
14.771255060728745
0.0
0.7519828086711805
0.0
0.0
45.11668392050975
40.0
30.0
49.4064773081425
49.4064773081425
940.3333333333334
33.92697069247481
0.22396175379956892
2072.5172425526107
2.204024008386328
988.0
237.0
254.0
60171109.0
0.9632674554356462
7.25
3.4219530093703017
255.0
4.8720147847038975
246.70546558704453
248.0
228.0
27.0
3.6529886039925374
246.78316836088075
-0.9334802490180036
60171109.0
0.5252442262616992
38.34543571440279
2.1334716015080373
1.4096997077559195
0.8339330769471834
0.2464823754283516
0.7760521703050562
0.1912550435194427
0.6047554570718635
0.1912550435194427
0.699828960587129
0.15376600074520225
0.36258039234254824
1.6704835691098878
-0.2890821770275193
0.6513683066641737
0.9043724782402787
0.9617489912961115
0.9043724782402787
0.9362483188268524
0.1912550435194427
0.4946727704843591
1.4792285255904454
0.24182680345612476
132.33551547633766
0.5259776230333932
0.2370111884833034
2.158464637059161
28.350850509545882
58.42786320661811
20.831597335277824
0.7103838407352098
4.01030179783164
39.13927449713331
0.15122803413555705
0.25455465587044535
11.564444128048086
0.2830047342442918
0.5946219013011451
0.2051004424800785
8.666666666666666
0.7222222222222222
0.13888888888888887
3.5
34242.666666666664
47261.416666666664
30987.979166666668
0.375
1.1666666666666667
0.09722222222222222
0.1807621065109808
0.7161032848344194
0.046926811930121104
3.4182958340544856
0.012145748987854251
27463.888888888883
3.4994779303811017
197.13360323886639
0.1995279385008769
3.112032650920356
518.9412955465586
0.23737788686915046
2.1629554655870447
51.60323886639676
112.20141700404858
36.453694331983804
0.7092611336032388
0.0289836505246123
0.06699760998828981
0.019480160658692926
