1.0
1.0
1.0
40.0
30.0
1.0
227.2525
159.0
255.0
1.0
1.0
1.0
40.0
30.0
1.0
0.0
0.0
0.0
40.0
30.0
1.0
871.0
1.0
19.33524684270953
14.04707233065442
0.0
19.33524684270953
14.04707233065442
0.0
0.6800158787009676
0.0
0.0
46.59164803358083
40.0
30.0
48.82622246293481
48.82622246293481
812.0
31.683060477681682
0.22529940660272124
1868.2203400655646
2.300763965597986
871.0
224.0
255.0
50356808.0
1.293888497322711
18.0
1.9932557576633458
255.0
9.418802832960516
240.19288174512056
241.0
217.0
38.0
8.008225739275302
240.44736338329713
-0.3546741483608687
50356808.0
0.4669837248448212
122.31411695386885
5.059082639561746
2.2031719629158646
2.920298393735783
0.12142141578969351
1.0710157610820432
0.2506293482939577
0.6203151966222211
0.24863466744289386
0.808690746381388
0.1871364045319418
0.31877903121514256
2.123835742559174
-0.28547326290661734
0.704453627415924
0.8758821343636594
0.9750291273637303
0.8760151130870637
0.9379410671818298
0.24688932169821304
0.5049705446588172
1.8678296738550644
0.3304112773440003
110.1392316811447
0.3806063882149437
0.4895413015607671
4.4303523296078815
19.005037214596598
96.21028706945971
4.6895325134377295
0.40663771463145787
3.9114154385704856
67.40390473647186
0.22694327319954696
0.3318025258323765
9.104468147557483
0.46760491579532737
1.600241304739046
0.26757854051426455
28.511111111111113
0.6335802469135803
0.5461728395061729
2.4444444444444446
6726.422222222222
29186.82222222222
1639.1
0.8117283950617284
13.977777777777778
0.3106172839506173
0.5678680212991423
0.8225108057273312
0.5301704103121418
2.8146970166269853
0.05166475315729047
6351.784691358024
3.945323614890531
133.27784156142366
0.15301703968016492
4.745098142599727
406.7428243398393
0.3575788811835901
5.011481056257176
45.011481056257175
239.99655568312284
10.587192243908662
0.29691287153973717
0.06431796407809201
0.1971592931831916
0.04167295723131377
