1.0
1.0
1.0
40.0
30.0
1.0
231.86583333333334
151.0
255.0
1.0
1.0
1.0
40.0
30.0
1.0
0.0
0.0
0.0
40.0
30.0
1.0
964.0
1.0
18.349585062240664
14.773858921161827
0.0
18.349585062240664
14.773858921161827
0.0
0.7128028666341092
0.0
0.0
47.41835261471324
40.0
30.0
49.4064773081425
49.4064773081425
908.1666666666666
33.7999376748346
0.2222072639469924
2040.9682289712528
2.247349857556894
964.0
227.0
255.0
56492980.0
1.1755077428211884
14.0
2.686818111752323
255.0
7.963921075739053
241.87759336099586
243.0
217.0
38.0
6.457434371346583
242.07989662206097
-0.6227866117675142
56492980.0
0.5168234878876051
97.90617844045386
5.096052280763585
2.2197658324352494
2.1275306420048676
0.2871471848513121
0.8919917518093309
0.21731565893729227
0.6080932419620728
0.21497499012742916
0.7544259054814337
0.17023825496650796
0.37663506589340073
1.9175803101132978
-0.28608432598947553
0.6828476500622325
0.8927465718172718
0.9783764649744182
0.892902616404596
0.9463732859086359
0.21292690491879895
0.5680360588499821
1.6930536655004618
0.27732685268665574
108.87065761039291
0.3916277532908187
0.46977673953657006
4.6602299233909985
24.623912103348253
122.63010988125669
5.790499604975244
0.37349836419241395
4.105103296960452
55.13586084561635
0.1941592964600738
0.287344398340249
11.559788027239666
0.4261211147957409
1.5657324801958223
0.2337451515539592
21.358974358974358
0.5476660092044707
0.7587113740959893
3.2051282051282053
10923.076923076924
46190.1282051282
2668.992165242165
0.7336182336182336
9.153846153846153
0.23471400394477318
0.49004255346530473
1.0224622018567884
0.4305880172953734
3.2186494256794793
0.04045643153526971
10312.09993425378
3.7246399089133337
166.6597510373444
0.17288355916736972
4.618214218074757
498.21784232365144
0.30003249771870316
5.059128630705394
49.524896265560166
258.2686721991701
11.144853619179345
0.27106385431074226
0.052495296143661094
0.18850190702529665
0.030149790864213797
