1.0
1.0
1.0
40.0
30.0
1.0
229.8725
173.0
255.0
1.0
1.0
1.0
40.0
30.0
1.0
0.0
0.0
0.0
40.0
30.0
1.0
796.0
2.0
19.4321608040201
15.469849246231156
0.0
19.4321608040201
15.469849246231156
0.0
0.6182005848950947
0.0
0.0
49.82459469190592
40.0
30.0
49.4064773081425
49.4064773081425
744.1666666666666
30.801593580697265
0.23434018647827495
1694.6661777530346
2.2772669801832492
796.0
232.0
254.0
47141152.0
0.8842506611745174
12.0
2.2744514975637173
255.0
6.748649024014547
243.22361809045225
244.0
224.0
31.0
5.287702271998254
243.3568424429835
-0.3902430307919801
47141152.0
0.6126013231989091
64.824366808919
5.144824272495132
2.244043972786784
0.9850670682471971
0.49053335178294033
0.6067813168357707
0.17044928055797737
0.5606275683842896
0.17044928055797737
0.6547977236105286
0.14062965751835715
0.47893858071195333
1.483025344822579
-0.2592292219143504
0.5902828000328154
0.9147753597210113
0.9829550719442023
0.9147753597210113
0.9573876798605057
0.17044928055797737
0.6609023380940249
1.3125760642646023
0.19430764934843706
100.13030509671833
0.4870358051562318
0.2995007234086734
5.7497663495906775
32.5132943392453
152.46851133868202
7.534405305197664
0.22709496269242885
4.000882660368383
36.79256964561809
0.17369242772749602
0.25816582914572866
16.166489668809618
0.3661215539366175
2.212033192787787
0.09570720243426747
10.826086956521738
0.4706994328922495
0.8204158790170132
6.130434782608695
15314.08695652174
62913.52173913043
3782.778985507246
0.393719806763285
3.9565217391304346
0.1720226843100189
0.38658916981584984
1.2918018974347485
0.2848776789057245
3.501397825434098
0.028894472361809045
14116.32514177694
3.375599961295078
153.5251256281407
0.19287076083937274
3.8399535365268553
487.63065326633165
0.2011612711800207
5.207286432160804
51.92964824120603
255.75
11.659931602456727
0.2231644332774986
0.03950152667152847
0.20155165927109722
0.01410966908211834
