1.0
1.0
1.0
40.0
30.0
1.0
242.08166666666668
155.0
255.0
1.0
1.0
1.0
40.0
30.0
1.0
0.0
0.0
0.0
40.0
30.0
1.0
960.0
1.0
18.240625
14.915625
0.0
18.240625
14.915625
0.0
0.7267298187179998
0.0
0.0
47.90993990623945
40.0
30.0
49.4064773081425
49.4064773081425
906.0833333333334
34.81758194285166
0.22288598838121992
2031.6401402898675
2.242222172673449
960.0
237.0
255.0
59978024.0
0.9129992135852465
10.0
2.862202911014024
255.0
6.080729166666669
249.85
255.0
231.0
24.0
4.440682747175539
249.95421247367153
-1.1537500932816878
59978024.0
0.55908203125
52.08583333333333
3.0734250640913037
1.71881379188122
0.9126444598667307
-0.4872473723321883
0.6421496834410803
0.16603262310471356
0.5875524144251342
0.16603262310471356
0.6432922739898035
0.1374705246643146
0.45843832206278856
1.4676951732667782
-0.28585331331524794
0.6131064235350638
0.9169836884476432
0.9667934753790572
0.9169836884476432
0.9446557922984288
0.16603262310471356
0.6357974803288633
1.3016625501620651
0.20204557663644848
122.22339629763609
0.5244386482665412
0.2377806758667294
2.170630730878722
42.801991632720465
153.5190637729825
15.122723597654959
0.7073423172803195
3.774550612504499
43.5049574165238
0.17909215870500608
0.24296874999999998
23.955984070562252
0.3894305450637985
0.5835914623985254
0.34089031573011674
5.2
0.52
0.24
2.2
38959.4
147932.9
11716.025
0.7
1.0
0.1
0.014629326157956488
0.04965619563005576
0.005872608789931668
3.3219280948873595
0.010416666666666666
29743.4
3.094085632668816
229.88333333333333
0.23946180555555555
4.026002604166667
536.71875
0.220458984375
3.015625
53.81666666666667
183.58229166666666
21.375260416666666
0.49609375
0.030018316431510875
0.07008840256781725
0.020000794897434282
