1.0
1.0
1.0
40.0
30.0
1.0
246.51833333333335
151.0
255.0
1.0
1.0
1.0
40.0
30.0
1.0
0.0
0.0
0.0
40.0
30.0
1.0
1112.0
1.0
19.77248201438849
14.101618705035971
0.0
19.77248201438849
14.101618705035971
0.0
0.745717141635359
0.0
0.0
47.19033311283694
40.0
30.0
49.4064773081425
49.4064773081425
1066.0833333333333
35.1906403217252
0.21856510689487216
2309.03614199572
2.165905862889755
1112.0
242.0
255.0
69699816.0
0.8610742432480492
5.0
7.18956082627274
255.0
3.98769150147508
250.29676258992805
252.0
225.0
30.0
2.6072762748215728
250.35912335579468
-1.9756829084141625
69699816.0
0.5931628797681279
31.2212844832048
3.120688544403322
1.7304775160240735
0.9669135392485484
-0.5298850508861306
0.6459693014144511
0.14148800733779793
0.6403081695914258
0.14148800733779793
0.5851882552040318
0.12098440495139057
0.485286940672485
1.3965309019351415
-0.33862830208198985
0.6547264089307991
0.929255996331101
0.9717023985324404
0.929255996331101
0.9528373308874007
0.14148800733779793
0.6597335123551745
1.2550428945973438
0.1968643271880622
109.4343946836153
0.5002712921915989
0.24986435390420053
2.5007107189848696
61.573714411678466
223.0797773371567
21.1971986803089
0.6248223202537826
4.233152049760012
30.94435724090888
0.13690971270791122
0.19671762589928055
33.04942171253868
0.3136137935019577
0.6233637895159969
0.23617629449844796
8.333333333333334
0.5555555555555556
0.2222222222222222
2.0
42974.53333333333
163742.13333333333
12782.633333333333
0.75
2.3333333333333335
0.15555555555555556
0.20849664746551558
0.42516364540664475
0.15432989798023325
3.056564762130951
0.013489208633093525
37478.782222222224
3.00856116029738
320.3129496402878
0.28805121370529474
3.410029889757259
659.5971223021583
0.203418560115936
3.147482014388489
58.55935251798561
197.8273381294964
23.742356115107913
0.4631294964028777
0.026939777967875136
0.07206631151994504
0.015658144579857654
