1.0
1.0
1.0
40.0
30.0
1.0
234.21583333333334
130.0
255.0
1.0
1.0
1.0
40.0
30.0
1.0
0.0
0.0
0.0
40.0
30.0
1.0
1039.0
1.0
21.25312800769971
14.324350336862368
0.0
21.25312800769971
14.324350336862368
0.0
0.7970482827556004
0.0
0.0
43.79121917044118
40.0
30.0
49.4064773081425
49.4064773081425
996.5
34.90371603957427
0.22364298453923015
2157.3157484689204
2.1648928735262625
1039.0
223.0
255.0
61680644.0
1.3970037346476305
20.0
2.6158431426057462
255.0
10.660948698543148
243.32435033686238
247.0
210.0
45.0
8.461348443254403
243.65014600393368
-0.8554663024906388
61680644.0
0.405788307962513
158.6541808820764
5.840533678093639
2.3491368581540093
4.9624684025205195
-0.8096381486921819
1.4958400411802248
0.207488675882952
0.7563605707632204
0.2069651156735279
0.7297913507907847
0.16284612531478476
0.2865615764182796
2.169987645724441
-0.41308587306356503
0.8181484019794225
0.8965697981841785
0.9792752967290628
0.89660470219814
0.9482848990920891
0.2065070004902818
0.3859406217195158
1.9607080174317804
0.4258321792657942
96.8208987916347
0.36099843072725585
0.5329073515468533
4.835990544016251
30.410819054721998
201.10419528553956
6.3387755132799
0.3819516551777129
4.381921084506088
44.13460060145318
0.15863259219928563
0.25745909528392685
13.599506161738253
0.34695348972486195
1.3004408620121881
0.18632419004238784
11.25
0.46875
0.734375
3.375
10890.458333333334
67128.16666666667
2140.9386574074074
0.6840277777777778
2.25
0.09375
0.2422587140539584
0.5991139254996664
0.2025024986194938
4.0535088547976725
0.023099133782483156
9016.289930555553
3.8365483727953715
206.32242540904716
0.19857788778541594
3.8270455137046895
421.614051973051
0.4472946797700091
5.863330125120308
51.99518768046198
331.004812319538
11.74123088439739
0.2739546572559085
0.0351826658104157
0.15921563814097273
0.016406885392456706
