1.0
1.0
1.0
40.0
30.0
1.0
239.10166666666666
156.0
255.0
1.0
1.0
1.0
40.0
30.0
1.0
0.0
0.0
0.0
40.0
30.0
1.0
942.0
1.0
19.71019108280255
14.152866242038217
0.0
19.71019108280255
14.152866242038217
0.0
0.7189480877814978
0.0
0.0
48.5475622605427
40.0
30.0
48.60041152089147
48.60041152089147
887.8333333333334
34.903177053670376
0.22426731906306965
1991.9224696646938
2.243577026091264
942.0
237.0
255.0
58258437.0
0.9691852752214498
11.0
3.1867837996915505
255.0
6.148843090321447
248.5764331210191
252.0
227.0
28.0
4.474351733841849
248.68750375178283
-1.1236188054454739
58258437.0
0.5212066299737199
55.2314191245081
2.815565561801795
1.6330133093822494
0.8880078201404862
-0.36039138851824915
0.7621769141429376
0.16694873268990654
0.6403736345516523
0.16694873268990654
0.6463029422492177
0.13823022837740923
0.39720694820616864
1.5836290354313356
-0.32973577862226267
0.6763254510344409
0.9165256336550467
0.9666102534620186
0.9165256336550467
0.9443504224366979
0.16694873268990654
0.5495389430372962
1.4166803027414292
0.23228141170821104
117.46206013336949
0.5112564532862045
0.2443717733568977
2.2791466782497514
36.506206779527496
119.14411299757543
15.846730225015513
0.6802133304375622
3.947973669340635
37.83794550751976
0.1594798239264013
0.24416135881104034
17.987625542907566
0.35087340115901017
0.619125854351892
0.2838102878607897
6.846153846153846
0.5266272189349113
0.23668639053254437
2.1538461538461537
25697.53846153846
81077.53846153847
11852.538461538461
0.7115384615384616
1.1538461538461537
0.08875739644970414
0.18883911932476588
0.4472074473583685
0.1242470373163652
3.700439718141088
0.013800424628450107
20446.863905325445
3.3824200194717626
209.2972399150743
0.2221839064915863
3.757903182910283
490.97664543524417
0.23939668501314004
2.8089171974522293
53.4140127388535
163.47770700636943
25.898089171974522
0.5477707006369427
0.031238199917460106
0.07470682940747267
0.020371042544956964
