1.0
1.0
1.0
40.0
30.0
1.0
234.23166666666665
142.0
255.0
1.0
1.0
1.0
40.0
30.0
1.0
0.0
0.0
0.0
40.0
30.0
1.0
999.0
1.0
20.123123123123122
14.998998998999
0.0
20.123123123123122
14.998998998999
0.0
0.737584722642139
0.0
0.0
45.8799832307321
40.0
30.0
49.4064773081425
49.4064773081425
945.9166666666666
33.840374706065525
0.22146326880947767
2104.187019068788
2.2244951307220027
999.0
228.0
253.0
58389103.0
1.0844314717079615
16.0
2.0369040614900435
255.0
8.120729337946555
241.57457457457457
243.0
220.0
35.0
6.634113128043063
241.7592822427932
-0.3655185069632514
58389103.0
0.5446998550101653
89.27546966385805
5.186703968674676
2.2419175821226567
1.7437620267685094
0.37866509287975675
0.826422776660583
0.18438708779324708
0.635379414587326
0.1838259205654132
0.6863926446916867
0.1497841921868382
0.41162916265695865
1.7642765215641942
-0.322161691567426
0.6966045653579283
0.9081431564400768
0.9815871912465752
0.9081805675885991
0.9540715782200384
0.1833348992410585
0.5971404392505375
1.5777936935177557
0.2527024661134575
105.73634203168686
0.41600555224537134
0.4257905574509496
5.063588847468157
33.12246155638397
161.69124728176453
7.656673861361361
0.3195088838838839
4.2222882633386325
42.525732370301334
0.16400319028053667
0.25325325325325326
16.08352103171096
0.363176826238189
1.5095311047146416
0.17598376951531758
16.586206896551722
0.5719381688466112
0.6634958382877526
2.8620689655172415
9586.103448275862
43756.55172413793
2250.349616858238
0.764367816091954
7.551724137931035
0.26040428061831156
0.5078528541654874
0.5280477476057389
0.5056086922156663
2.7870204292320535
0.02902902902902903
8399.41973840666
3.5218135421332413
201.34634634634634
0.20154789424058694
4.001324647971295
544.1551551551552
0.2640378115853591
5.211211211211211
52.63763763763764
274.75475475475474
11.612862862862864
0.24638527416305195
0.04295195469467956
0.15702104204859937
0.023470313311828108
