1.0
1.0
1.0
40.0
30.0
1.0
246.1225
194.0
255.0
1.0
1.0
1.0
40.0
30.0
1.0
0.0
0.0
0.0
40.0
30.0
1.0
1025.0
1.0
19.945365853658537
15.453658536585365
0.0
19.945365853658537
15.453658536585365
0.0
0.772853127885315
0.0
0.0
44.309591488915096
40.0
30.0
49.4064773081425
49.4064773081425
978.0
34.24480637752856
0.22259261596593738
2140.585639533988
2.188737872734139
1025.0
244.0
255.0
64369996.0
0.9176440539252985
6.0
3.725925663204864
255.0
3.6628673408685293
250.5580487804878
252.0
236.0
19.0
2.730230801819891
250.5992739366197
-1.1640315622592967
64369996.0
0.5559900059488401
20.66028887566924
3.0236623573516024
1.7011810439259953
0.9283562010035102
-0.4801321343404794
0.67809575503594
0.15976154885276672
0.6178922329496831
0.15976154885276672
0.630281613236713
0.13359477993440785
0.4474765681212388
1.4846695423075458
-0.31161221715970533
0.6442738601004085
0.9201192255736166
0.9680476902294466
0.9201192255736166
0.9467461503824111
0.15976154885276672
0.6213002694996119
1.3249079934547794
0.20946432597217668
116.79205318622509
0.5153678629651444
0.24231606851742782
2.2417915211903425
48.46196933031083
172.69647503881393
17.40334290318505
0.6895521197024144
3.972746170962984
38.45520179601
0.16435686369585673
0.22121951219512193
26.142909241560297
0.3754684802826517
0.6174624924703719
0.31496997723572157
9.941176470588236
0.5847750865051903
0.20761245674740486
1.8823529411764706
28406.29411764706
108346.76470588235
8421.176470588236
0.7794117647058824
2.2941176470588234
0.13494809688581316
0.304892281165549
0.8370617884334717
0.17184990434856834
3.572469458770131
0.016585365853658537
24770.91349480969
3.1431413936144406
266.1687804878049
0.25967685901249254
3.935280428316478
569.889756097561
0.22200499702558002
3.001951219512195
56.21170731707317
186.0809756097561
23.74439024390244
0.4995121951219512
0.03199770508022541
0.07825964486969134
0.020432220132858926
