1.0
1.0
1.0
40.0
30.0
1.0
234.83416666666668
150.0
255.0
1.0
1.0
1.0
40.0
30.0
1.0
0.0
0.0
0.0
40.0
30.0
1.0
926.0
1.0
19.29913606911447
13.415766738660906
0.0
19.29913606911447
13.415766738660906
0.0
0.7159982686051583
0.0
0.0
48.78833326987775
40.0
30.0
49.4064773081425
49.4064773081425
864.9166666666666
34.932362149363904
0.2221794355417621
1975.8915744974527
2.2844878017120562
926.0
232.0
255.0
56486785.0
1.150464378051872
13.0
3.1439219592061063
255.0
7.653086500380187
246.80885529157666
250.0
221.0
34.0
5.692090788482915
246.983496882244
-1.072490187853849
56486785.0
0.47721918747580105
86.23668184299038
6.644200858789755
2.544286333637193
1.4087803261168004
-0.34551065469870623
0.9036270692782242
0.2204937546906417
0.6078738714306166
0.21433270699019494
0.7608542270848984
0.17310162811948426
0.33945592815886505
1.8680547382922372
-0.2873375114603544
0.6741272478729846
0.8934497512749472
0.9782349805786488
0.8938604877883104
0.9467248756374737
0.208941790252304
0.46892471867447283
1.6328070951952807
0.2810302059922165
118.28881465670787
0.43091766832804146
0.39072277221814833
5.609813028381632
24.434504359889775
176.70249065242632
3.9854904061760177
0.2680703870140993
3.9379959068197863
58.122062786758335
0.20850065350734193
0.29535637149028077
11.918169457663923
0.4461270655685239
2.021545143413675
0.16585120169554632
16.41176470588235
0.4826989619377163
0.6583044982698962
3.088235294117647
6973.117647058823
40585.17647058824
1391.4101307189542
0.7066993464052288
12.411764705882353
0.36505190311418684
0.618042283851134
0.757273368660429
0.5866781548973966
2.6547974660906837
0.0367170626349892
6231.356401384082
3.65349342179315
172.03455723542118
0.18578245921751746
4.760347811483936
441.9049676025918
0.3061450116388097
6.572354211663067
48.81209503239741
345.9546436285097
8.054175665946724
0.197264218862491
0.05518011994414596
0.223482405931335
0.028557122710039583
