1.0
1.0
1.0
40.0
30.0
1.0
217.07416666666666
77.0
255.0
1.0
1.0
1.0
40.0
30.0
1.0
0.0
0.0
0.0
40.0
30.0
1.0
932.0
1.0
18.682403433476395
14.401287553648068
0.0
18.682403433476395
14.401287553648068
0.0
0.7024826334656997
0.0
0.0
47.914994117055656
40.0
30.0
49.4064773081425
49.4064773081425
887.75
33.65945124984277
0.22948243863258647
1946.5330806507159
2.1926590601528764
932.0
225.0
254.0
55428898.0
1.4593755492755824
10.0
7.399742629008909
255.0
9.929571368048776
243.42918454935622
248.0
185.0
70.0
5.117046499250014
243.87100385983805
-2.184290591185639
55428898.0
0.411752380776953
215.29863324061964
11.561377611693398
3.3576211920534584
7.863327442857882
-1.4131934127438974
1.4823909773368904
0.3316800523822339
0.6320891017721865
0.27900630995053494
0.9321825744373923
0.2520307709946301
0.2831405110533544
2.295265550083468
-0.3027021281365984
0.7406811112789593
0.8657642192679025
0.981456715476118
0.8691271695164209
0.9459375428436816
0.2343205374697134
0.3692077135035959
1.9776631541536571
0.4535177574297811
88.30164702785983
0.30565021430238226
0.9249908872343655
9.54694835577827
21.4034165812259
261.0947677002105
2.0579005057012085
0.21691053593958912
4.217295217093177
66.60303688573995
0.22783297733524727
0.30874463519313305
10.202418766810064
0.47859002563150965
3.3106374204784483
0.1624628846054901
18.615384615384617
0.35798816568047337
1.1020710059171597
4.653846153846154
4173.846153846154
45365.21153846154
411.4889155982906
0.561965811965812
13.076923076923077
0.2514792899408284
0.49598485168796025
0.9814045200201463
0.38877729724665205
3.5012544545923814
0.055793991416309016
3852.6094674556216
3.9102413024803346
163.1459227467811
0.17504927333345613
5.450814161248135
383.75321888412014
0.553946241411704
11.453862660944205
48.092274678111586
597.06330472103
4.338541666666667
0.1309534453981879
0.06399333974569003
0.40381839013621657
0.028516452644161482
