1.0
1.0
1.0
40.0
30.0
1.0
249.66916666666665
119.0
255.0
1.0
1.0
1.0
40.0
30.0
1.0
0.0
0.0
0.0
40.0
30.0
1.0
1151.0
1.0
19.344917463075586
14.918331885317116
0.0
19.344917463075586
14.918331885317116
0.0
0.7393625141381808
0.0
0.0
45.295382386790315
40.0
30.0
49.4064773081425
49.4064773081425
1116.9166666666667
33.48970780034756
0.22061971047858883
2359.6829898099677
2.112675958943491
1151.0
247.0
255.0
73107311.0
0.7217503513860004
4.0
12.983719518901015
255.0
3.0445795255287353
251.98523023457864
254.0
224.0
31.0
1.8539723803579362
252.0244892462707
-2.7189017833189912
73107311.0
0.6879863466286634
19.786923470015495
8.023864781194263
2.815425084357735
1.0286393414844488
-0.5777239375435009
0.49957957470485204
0.11060892617597953
0.6368747746142485
0.11060892617597953
0.49868894903271604
0.09796059164317274
0.6034028562938536
1.1499803187417044
-0.3493383089207363
0.6157495523576076
0.9446955369120102
0.988939107382402
0.9446955369120102
0.9723477684560051
0.11060892617597953
0.762164443763325
1.0393713925657253
0.15254712522020789
85.11383889002403
0.49048621677279947
0.27360011867446193
6.580802771301231
105.44846761536029
916.1631668676107
12.637691799187081
0.18636638520446192
4.379286279306623
19.051605522776295
0.10606446512915349
0.15052128583840138
54.854443374131066
0.24518485987284752
1.2544881741675737
0.06174743452336956
5.166666666666667
0.4305555555555556
0.4097222222222222
4.75
55081.916666666664
486268.4166666667
6383.347222222222
0.34027777777777773
1.6666666666666667
0.1388888888888889
0.253827496998202
0.5155006240282661
0.1884515788041211
3.2516291673878195
0.010425716768027803
45881.909722222226
2.4168163481553453
459.8236316246742
0.39949924554706706
2.8783839988043485
791.8722849695916
0.16021425104600615
8.030408340573414
63.65334491746307
534.6125108601217
8.136740998165847
0.13920262573607492
0.02340521029179442
0.15846057762165908
0.005208611756771656
