1.0
1.0
1.0
40.0
30.0
1.0
234.37833333333333
84.0
255.0
1.0
1.0
1.0
40.0
30.0
1.0
0.0
0.0
0.0
40.0
30.0
1.0
1146.0
1.0
20.232111692844676
14.999127399650959
0.0
20.232111692844676
14.999127399650959
0.0
0.7453147016522699
0.0
0.0
45.15048332806536
40.0
30.0
49.4064773081425
49.4064773081425
1111.9166666666667
33.65131901111282
0.22095670584680627
2349.0473153195767
2.1126109408554985
1146.0
226.5
255.0
65909872.0
1.2703646678434612
21.0
4.157251701252022
255.0
10.16528238443756
239.5130890052356
238.0
183.0
72.0
9.057058537425174
239.81863420591597
-0.6062552063332308
65909872.0
0.48190839066911545
146.45750756101347
10.68880538537271
3.2312219988906037
4.06728618403019
-0.025998382877282344
1.1560937816055168
0.16407009151006108
0.7500062037715401
0.14847354944560662
0.6228075449484913
0.14092711803237776
0.3972637513619671
1.8578649832810588
-0.47996667658518377
0.8259616560960703
0.9273228794836421
0.990624051241722
0.9283626489546059
0.9708251748463606
0.134826575139209
0.5673804146872958
1.6665715565337942
0.3300409682788945
67.52036307558875
0.32849871032348676
0.706230096193911
9.55707970543126
77.63987196166309
828.1223951999759
7.8948863981031945
0.17032058616628615
4.785406531686503
28.1787833890554
0.1306042567284424
0.17910122164048867
39.1450776453981
0.3304554105282105
2.2477368787600263
0.09211548191023539
9.428571428571429
0.336734693877551
0.8826530612244898
5.785714285714286
19140.14285714286
186180.4642857143
2033.206101190476
0.36408730158730157
3.857142857142857
0.1377551020408163
0.19878241722789464
0.6032584311958383
0.12374418375477354
4.039148671903064
0.02443280977312391
17464.994897959183
3.1899746723664166
396.4537521815009
0.34594568253185065
3.8039496967980284
552.2670157068063
0.3597374889211736
10.74432809773124
61.06631762652705
672.67277486911
6.101518566996315
0.11372285243358542
0.03008677031021833
0.25529330647487486
0.007182774756419527
