1.0
1.0
1.0
40.0
30.0
1.0
217.30833333333334
72.0
255.0
1.0
1.0
1.0
40.0
30.0
1.0
0.0
0.0
0.0
40.0
30.0
1.0
951.0
1.0
17.99894847528917
14.487907465825447
0.0
17.99894847528917
14.487907465825447
0.0
0.6968954856527705
0.0
0.0
46.923898372276895
40.0
30.0
48.82622246293481
48.82622246293481
909.75
32.701052944869154
0.2292926714677107
1980.198192392632
2.176639947669835
951.0
209.0
255.0
55633065.0
1.62200184787757
15.0
4.796625099698655
255.0
13.844672882935777
241.17034700315457
249.0
184.0
71.0
7.853439782295515
241.86678686159203
-1.6987728915840594
55633065.0
0.3751820265568039
336.4063131288002
11.566428877252651
3.318990548660049
24.11311527061639
-4.760917712672524
2.548565706516035
0.34592542850274555
0.7605178237096248
0.3026375095892525
0.95795009359945
0.2514113372906393
0.2604213798694416
2.5594648419815096
-0.35524691988546386
0.8125154042737881
0.853010037096723
0.980415349833606
0.8558958983576226
0.9409154287125994
0.2647605805399461
0.4389398482227036
2.2094137310396222
0.7236227837546951
89.31156003933314
0.2837736645914036
0.9772120800471666
8.722624105809144
20.45139528302595
272.72074433460193
2.200235873671485
0.24941667750913477
4.133723236505984
88.97729075746317
0.274980483851119
0.32991587802313355
10.449468576335489
0.5329537166086669
3.4509455378253655
0.1735414874554151
16.346153846153847
0.3143491124260355
0.9215976331360947
4.769230769230769
2858.0576923076924
39392.480769230766
242.70980235042737
0.49906517094017094
9.692307692307692
0.1863905325443787
0.42615846038138394
1.056394729266262
0.2823563794541886
4.084021491121655
0.054679284963196635
2523.5898668639056
4.0571117794635985
168.4216614090431
0.1770995388107709
5.692207328386413
356.7981072555205
0.8089663766404505
11.441640378548897
46.15036803364879
606.9011566771819
5.217512267788293
0.16349018576936558
0.06340887723044976
0.40910025141614076
0.025042199401718836
