1.0
1.0
1.0
40.0
30.0
1.0
241.66083333333333
197.0
255.0
1.0
1.0
1.0
40.0
30.0
1.0
0.0
0.0
0.0
40.0
30.0
1.0
972.0
1.0
19.881687242798353
15.763374485596708
0.0
19.881687242798353
15.763374485596708
0.0
0.7756768734720713
0.0
0.0
45.366544633336446
40.0
30.0
49.4064773081425
49.4064773081425
922.9166666666666
35.18977950141759
0.22500652953386194
2037.3422698889995
2.2075040396088483
972.0
240.0
252.0
58865419.0
0.8317959433987765
8.0
2.326593587689249
255.0
3.9113511659807956
246.0462962962963
246.0
235.0
20.0
2.935435903314502
246.09171188489103
-0.24035575452476018
58865419.0
0.6119832681332453
22.350737311385462
1.7627283384547265
1.2696519739569732
1.0788907383550894
0.5978220643065854
0.695244798060469
0.09245516683238626
0.7651727498606014
0.09245516683238626
0.4418576580052703
0.08359112043872782
0.5225588971148445
1.2648744332242345
-0.49573615174748753
0.7495785633476407
0.953772416583807
0.9815089666335228
0.953772416583807
0.9691816110558712
0.09245516683238626
0.6841204426268336
1.1724192663918487
0.1969249912232138
88.02669890320225
0.548328169594819
0.22583591520259044
2.042089568145998
72.28205808558783
112.97452294518206
62.10894187068928
0.7394776079635004
4.480512520783332
16.527117939652808
0.09870445104637994
0.16563786008230455
30.58327881780066
0.23755069494416065
0.5559820565714819
0.15794285453733034
5.888888888888889
0.654320987654321
0.1728395061728395
3.3333333333333335
57012.88888888889
65542.22222222222
54880.555555555555
0.4166666666666667
1.2222222222222223
0.13580246913580246
0.2271430977478443
0.9075429002309138
0.05704314712707698
2.947702779220087
0.009259259259259259
45348.88888888889
2.8926872350164388
331.36625514403295
0.3409117851276059
2.986900709580179
594.8477366255144
0.19400836593337736
1.7901234567901234
61.890946502057616
106.49588477366255
50.739711934156375
0.8024691358024691
0.02423128979529626
0.052061667059370625
0.017273695479277675
