1.0
1.0
1.0
40.0
30.0
1.0
206.60333333333332
113.0
255.0
1.0
1.0
1.0
40.0
30.0
1.0
0.0
0.0
0.0
40.0
30.0
1.0
794.0
3.0
19.34382871536524
15.571788413098236
0.0
19.34382871536524
15.571788413098236
0.0
0.7081249647510135
0.0
0.0
45.94168032803384
40.0
30.0
49.4064773081425
49.4064773081425
740.3333333333334
32.532450762891294
0.2339830246694809
1691.419408319703
2.2846727712557895
794.0
205.0
253.0
42115823.0
1.6819531194370203
31.0
1.8136342174046798
255.0
15.148037231376382
229.64861460957178
230.0
196.0
59.0
12.458717159763314
230.3097875401213
-0.16531410660353155
42115823.0
0.340722928259173
304.1120446801896
8.420728421113905
2.8177587258656143
9.731559014692401
0.3768834196732186
2.148337565459671
0.225130587957322
0.8103737210269212
0.21781760697650923
0.7687483212604957
0.17622762013194102
0.23107713851296
2.509809058448978
-0.46793837807228966
0.882691199029076
0.8918224946098267
0.9868860768433483
0.8923100266752141
0.9566802446373919
0.21141874861829807
0.3542821553375532
2.2687734602306278
0.5933670383542481
78.90138000600143
0.3306570063823515
0.6958817817997839
6.62888891643119
23.046728792983032
213.43597253767072
3.291032636278755
0.27151206819473295
4.265131508829613
52.51607653621048
0.21416500503405472
0.29943324937027704
11.022036168268611
0.4567544955556074
2.3524435052819994
0.17744772746151224
14.555555555555555
0.404320987654321
0.9783950617283951
3.9444444444444446
3874.4444444444443
32757.5
569.9382716049382
0.65258487654321
9.944444444444445
0.2762345679012346
0.5382680085786565
0.8109887307882153
0.5118357265151068
2.9182958340544842
0.04534005037783375
3387.9969135802467
4.21302261696187
143.44836272040303
0.18066544423224562
5.022447956652222
270.5340050377834
0.6292026470569574
8.153652392947103
48.642317380352644
437.904282115869
7.103309543800727
0.1862580464595578
0.058023384790057454
0.27391823312028424
0.030899033254457545
