1.0
1.0
1.0
40.0
30.0
1.0
233.19333333333333
199.0
255.0
1.0
1.0
1.0
40.0
30.0
1.0
0.0
0.0
0.0
40.0
30.0
1.0
672.0
3.0
20.6875
13.918154761904763
0.0
20.6875
13.918154761904763
0.0
0.6515384408157527
0.0
0.0
49.14598274029822
40.0
30.0
49.4064773081425
49.4064773081425
613.0833333333334
32.0204969669718
0.24015295452425772
1453.2573579227735
2.3704075431661384
672.0
236.0
255.0
40628175.0
0.9415409056674173
11.0
1.9997342317097253
255.0
5.787786989795918
245.79017857142858
246.0
232.0
23.0
5.001117979037893
245.88329294606416
-0.30327287189606633
40628175.0
0.5399704152494331
45.78186782525511
2.0575593064279354
1.373599692631776
0.9406526055585622
0.376946298711731
0.8093179119480933
0.12647954293478503
0.7296800805997832
0.12647954293478503
0.5428692816972555
0.10974720653468475
0.42235406602387604
1.4890226581025998
-0.4377967886265928
0.74788101805434
0.9367602285326075
0.9747040914130429
0.9367602285326075
0.9578401523550717
0.12647954293478503
0.5631605359008315
1.3625431151678151
0.23394936372071962
89.3049523661315
0.5391299478217848
0.2304350260891076
2.0974204051285152
34.28006058772165
63.606044243388354
26.948564673804974
0.7256448987178712
3.909498415879913
27.522589736052637
0.15917966646099824
0.24739583333333334
15.467151246575508
0.3029205328282903
0.582739809529704
0.23296571365293678
4.555555555555555
0.5061728395061729
0.24691358024691357
2.3333333333333335
20824.222222222223
27463.88888888889
19164.305555555555
0.6666666666666666
1.6666666666666667
0.18518518518518517
0.06544339712032564
0.10266350814671293
0.05613836936372882
2.9477027792200867
0.013392857142857142
15249.111111111113
3.4167600436641656
147.125
0.21893601190476192
3.4430183531746033
362.86011904761904
0.23001479237528344
2.075892857142857
52.73511904761905
108.48065476190476
38.79873511904762
0.7310267857142857
0.028074017319119002
0.05706601065249733
0.020826018985774426
