1.0
1.0
1.0
40.0
30.0
1.0
236.7375
136.0
255.0
1.0
1.0
1.0
40.0
30.0
1.0
0.0
0.0
0.0
40.0
30.0
1.0
1067.0
1.0
19.92970946579194
14.211808809746953
0.0
19.92970946579194
14.211808809746953
0.0
0.763930407922978
0.0
0.0
46.15539596965647
40.0
30.0
49.4064773081425
49.4064773081425
1018.9166666666666
35.25951047094624
0.2195866188398864
2229.99572435015
2.188594805937826
1067.0
228.0
253.0
63291224.0
1.2171744377575944
11.0
3.5618582604785813
255.0
7.778002246837692
243.35332708528585
247.0
214.0
41.0
5.4319759804841405
243.55078719210323
-1.1396355240811726
63291224.0
0.4865615741566234
96.14413841503956
5.3621686148172625
2.2724956741982174
2.366996008591335
0.1527592127552962
0.9969686887518441
0.20532326989914512
0.6584246547104291
0.2048051351841192
0.7281510689878281
0.16218376982014324
0.3507259329328588
1.952968659202719
-0.33045796161542507
0.7281667513072713
0.897649245879443
0.9794915869200096
0.8976837881937779
0.9488246229397215
0.20435176730847154
0.5230089467914882
1.745741741172886
0.30057298966274726
109.0880101304271
0.3885961724973541
0.4747022156527585
4.829304082908969
29.09900787843592
153.52513422463682
6.572609478932868
0.35902528486351226
4.247205748697704
46.33482978672933
0.16098579256804313
0.26194939081537016
13.182900182383559
0.350275295094952
1.272039731033528
0.19745527259694284
11.583333333333334
0.4826388888888889
0.8055555555555556
3.5833333333333335
19623.791666666668
85877.58333333333
4722.380787037037
0.6782407407407408
3.0
0.125
0.32187944153613884
0.7103240519618027
0.27763381984549956
3.772055208874195
0.022492970946579195
17647.248263888887
3.6087564813180553
214.19400187441425
0.20074414421219705
3.8390340178956492
519.1611996251172
0.32106766073277826
5.338331771321462
51.50984067478913
285.98687910028116
11.164037280016661
0.2590596688534833
0.037408650051016276
0.15597648115443893
0.018020110368266697
