1.0
1.0
1.0
40.0
30.0
1.0
221.20916666666668
126.0
255.0
1.0
1.0
1.0
40.0
30.0
1.0
0.0
0.0
0.0
40.0
30.0
1.0
1031.0
1.0
20.20756547041707
15.05819592628516
0.0
20.20756547041707
15.05819592628516
0.0
0.7229062030626896
0.0
0.0
47.032131623503936
40.0
30.0
49.4064773081425
49.4064773081425
986.5833333333334
33.99981969389188
0.2229504375665812
2149.6362565446098
2.178869421280118
1031.0
211.0
251.0
53870955.0
1.3800418857719003
17.0
2.459288370756341
255.0
10.604140697542055
228.2007759456838
227.0
204.0
51.0
7.780890024859075
228.5851455545312
0.3722305720182042
53870955.0
0.4128872084676672
175.57462597404796
3.300341542629802
1.7192080721120595
5.714143055070235
0.7980188575075131
1.5420525196530899
0.16341643844969536
0.8084704086871218
0.16341643844969536
0.6369996771807598
0.13566163936386114
0.29759609302877055
2.085526555592323
-0.4952565479713219
0.861351812952088
0.9182917807751523
0.9836583561550305
0.9182917807751523
0.9591458903875762
0.16341643844969536
0.41307430736874035
1.9221101171426285
0.42636723952569633
95.98108055754169
0.42124975359166283
0.4135979947672733
3.1032026782093007
38.68069700097594
127.65450747637485
20.465878958472754
0.5760881165611468
4.569859168139654
30.70480294392469
0.12871009095551375
0.22114451988360814
15.88811898292894
0.27018391051441176
0.7105307111635021
0.1749329498458533
4.4
0.44
0.64
3.2
32060.3
88668.6
18872.780555555557
0.6722222222222223
1.4
0.14
0.20308698525864372
0.20521079465999179
0.2028472282819196
2.9219280948873596
0.009699321047526674
21430.690000000002
3.746364539665619
249.54122211445198
0.24203804278802327
3.2425404130537245
425.6867119301649
0.42481897266221436
3.3191076624636278
55.52764306498545
189.02424830261882
29.207053561806227
0.5398480439702554
0.026666893479021094
0.07994197620672726
0.016007388107398563
