1.0
1.0
1.0
40.0
30.0
1.0
207.42333333333335
84.0
254.0
1.0
1.0
1.0
40.0
30.0
1.0
0.0
0.0
0.0
40.0
30.0
1.0
828.0
1.0
21.68840579710145
14.277777777777779
0.0
21.68840579710145
14.277777777777779
0.0
0.6902858769382022
0.0
0.0
49.836430400109236
40.0
30.0
49.4064773081425
49.4064773081425
774.0
34.40138406220908
0.23162018146309582
1760.090642751595
2.2740189182837143
828.0
205.0
242.0
42694813.0
1.2145623144552047
20.0
2.417205902825346
254.0
11.142669607225372
226.67270531400968
229.0
196.0
58.0
8.334149283695373
227.07660341044632
-0.5147627957990711
42694813.0
0.49217309622161537
183.26848205325678
7.248415430492344
2.652307179405
2.8685817705746364
-0.7870267814283234
1.0189661731832658
0.1644280363361576
0.7211221830419525
0.1609558141139354
0.6404199489908625
0.137670282281169
0.4161795602189943
1.7731643632279992
-0.416980750339212
0.7738113265017648
0.9198693151652545
0.9903890370782653
0.9201007966467359
0.9679245779179536
0.15791761966949097
0.5941598837853758
1.601106895581669
0.29584855237985586
79.37831369739993
0.38718502394232684
0.5042246457527063
5.534897704270726
42.78607594936709
351.8777463579085
5.841901418576409
0.30260654122278924
4.1201889901036175
40.364824238795755
0.1914808673980224
0.24667874396135267
24.284730652346646
0.41712052807827266
1.7629274307845746
0.18803432980659116
12.76
0.5104
0.8799999999999999
3.44
9602.88
71188.8
1493.25
0.7247222222222223
6.6
0.264
0.5176855023980038
0.6364113405276342
0.5006185238142523
2.7328786893420274
0.030193236714975844
8505.9456
3.3009884987881435
206.42028985507247
0.2492998669747252
4.581419636397582
407.5193236714976
0.33874186095358116
7.106280193236715
53.95410628019324
420.4154589371981
7.969722893183039
0.19043545356951153
0.04510053571885007
0.19675302681682802
0.023309424548444556
