1.0
1.0
1.0
40.0
30.0
1.0
229.4025
89.0
255.0
1.0
1.0
1.0
40.0
30.0
1.0
0.0
0.0
0.0
40.0
30.0
1.0
1119.0
1.0
19.934763181411974
15.40929401251117
0.0
19.934763181411974
15.40929401251117
0.0
0.703662965269017
0.0
0.0
46.67632397740652
40.0
30.0
49.4064773081425
49.4064773081425
1084.9166666666667
32.84440053779919
0.22223332132024157
2297.590013281141
2.117757136444711
1119.0
220.0
251.0
62982070.0
1.2323640330728192
15.0
5.618138636636254
255.0
9.797610690638027
236.8775692582663
240.0
183.0
72.0
6.418627026037055
237.24300803497553
-1.426273502649223
62982070.0
0.5501728611576308
173.26204377871534
9.193696486395536
3.000295738551476
5.184261255986119
-0.5864844573640186
1.0109801421609066
0.2434522586448851
0.6108470395319465
0.22975739513002139
0.8011215362014263
0.1894549859002481
0.4169149548517467
2.0222067475741206
-0.2751848504966796
0.6820497344575699
0.8864907887864757
0.9859663311165294
0.8872252082588952
0.9544846082612258
0.21946089749102354
0.6286805632386848
1.7633739283414904
0.3136081002014479
94.83609047086114
0.3254421963270375
0.7398403311062473
8.889534729009851
35.38088364330603
323.74114104034754
4.157630950627542
0.19731431342698655
4.460201772028852
55.43932591261563
0.18620607109452905
0.2598302055406613
19.51811252336296
0.401139094337765
3.1972166096903916
0.11202436367115366
11.91891891891892
0.32213294375456536
1.5471146822498172
7.864864864864865
17641.756756756757
159151.75675675675
1966.6722972972973
0.378003003003003
3.6486486486486487
0.09861212563915267
0.1882511967256556
0.9638009431470985
0.11819092568049135
4.5536516762643355
0.03306523681858802
16727.10299488678
3.5564477527622023
224.94995531724754
0.20102766337555633
4.222591184360478
615.6434316353888
0.35316864205162113
9.193029490616622
52.1277926720286
483.65058087578194
6.216487935656836
0.14216562406910932
0.037264634670933876
0.29509564546369293
0.010472556399427069
