1.0
1.0
1.0
40.0
30.0
1.0
204.6875
50.0
251.0
1.0
1.0
1.0
40.0
30.0
1.0
0.0
0.0
0.0
40.0
30.0
1.0
1111.0
1.0
19.603960396039604
15.4995499549955
0.0
19.603960396039604
15.4995499549955
0.0
0.6887982853567174
0.0
0.0
47.61202968484645
40.0
30.0
49.4064773081425
49.4064773081425
1075.9166666666667
32.79508440927537
0.22251479899054985
2281.9755185498525
2.120959354240433
1111.0
192.0
233.0
51484413.0
1.5944687152989048
21.0
3.6312327896790193
251.0
13.155158180084433
214.61116111611162
217.0
150.0
101.0
9.091688533291006
215.26868272132864
-0.8573533870779775
51484413.0
0.3783869836128527
282.6552849704412
10.188884534328254
3.1224431202792506
11.812553553823939
-1.4857674557141851
1.9673047187520383
0.2104075449660693
0.8066518279376327
0.19615996634674043
0.7392562932887797
0.17115535269134305
0.27163608217260193
2.3918530607832245
-0.4686127855713865
0.8748064295530176
0.9033447746885626
0.9920207780738726
0.9042946132631846
0.9676459003379082
0.1836933350548277
0.43047851879634297
2.1579635818317127
0.5444280659295269
80.31164150813345
0.316597873152666
0.8215785014148389
9.888255330392425
37.97010379330944
388.9464781499862
4.598098773633193
0.18492972692588505
4.846119261628275
36.91976966730999
0.1426074559397823
0.22794779477947796
17.298238745417905
0.33763884237655534
2.950402393609386
0.08757734819359281
6.928571428571429
0.24744897959183673
1.5344387755102042
7.607142857142857
12354.17857142857
119092.07142857143
1370.5047222222222
0.3900694444444444
3.4285714285714284
0.12244897959183673
0.3105618628178938
1.594214411588484
0.1511920653670976
4.164497779200454
0.025202520252025202
10779.789540816328
3.9969637436540086
266.8847884788479
0.2402203316641295
3.97247717571037
420.3879387938794
0.5756557653965217
10.297029702970297
55.473447344734474
577.9477947794779
7.057618761876188
0.14202370237023704
0.03529679342650819
0.30985918447286903
0.008835462345404672
