1.0
1.0
1.0
40.0
30.0
1.0
237.21
103.0
255.0
1.0
1.0
1.0
40.0
30.0
1.0
0.0
0.0
0.0
40.0
30.0
1.0
955.0
1.0
20.373821989528796
15.764397905759163
0.0
20.373821989528796
15.764397905759163
0.0
0.7009279856158516
0.0
0.0
48.71300128068026
40.0
30.0
49.4064773081425
49.4064773081425
906.8333333333334
34.14430586096961
0.22613766663571777
2003.5316227350013
2.2093713906285624
955.0
234.0
254.0
58550770.0
1.1014997730657556
7.0
4.728059498779302
255.0
5.897338340506011
247.48062827225132
250.0
223.0
32.0
3.3897936045762553
247.60796999749974
-1.6242731273864222
58550770.0
0.5003514158054878
63.04543625448863
6.9078412656855726
2.59459125365155
1.748787047763065
-0.5631535746423706
0.8955089527190851
0.19179456079321439
0.6473156814684032
0.19120908069953757
0.702104862429181
0.1543768787772692
0.36928168627631686
1.778376146020979
-0.3195710926136026
0.6965255877684937
0.9044540076595989
0.9808475660788482
0.904493039665844
0.9522270038297995
0.19069678561757036
0.5252068083385648
1.584754783309585
0.2718258783780749
106.54140090778593
0.4346168319825686
0.3811441087616405
5.945766458062978
32.5725788221774
252.51552398390524
4.839947221053844
0.24656155530611734
4.147846029644386
41.02455454923985
0.1631419723893017
0.2557591623036649
15.902677002167763
0.3387717217683592
1.647039477946715
0.12070836366125663
10.92
0.4368
0.4064
2.84
12870.12
99893.44
1874.9122222222222
0.6288888888888888
7.8
0.312
0.5614715767412232
0.9840411890044638
0.45583581412865115
2.8848894517332377
0.02617801047120419
11410.880000000001
3.502488888912587
200.7801047120419
0.21024094734245224
3.706777774732052
477.8356020942408
0.2909284284970259
6.9047120418848165
52.063874345549735
383.0198952879581
8.301018033740547
0.1846713205351949
0.041130821293031465
0.1949465604838018
0.017516536196168945
