1.0
1.0
1.0
40.0
30.0
1.0
233.53916666666666
198.0
253.0
1.0
1.0
1.0
40.0
30.0
1.0
0.0
0.0
0.0
40.0
30.0
1.0
684.0
1.0
19.28654970760234
12.146198830409357
0.0
19.28654970760234
12.146198830409357
0.0
0.6406759078846045
0.0
0.0
52.46120855432098
40.0
30.0
49.4064773081425
49.4064773081425
635.75
33.610632419263176
0.24463023523189817
1461.610219081424
2.299032983218913
684.0
236.0
251.0
40961670.0
0.6923304032214779
8.0
2.3985846818085386
253.0
4.677370814951608
244.65204678362574
246.0
232.0
21.0
3.6465899300896814
244.7151046750902
-0.7097429015549956
40961670.0
0.6976035361307753
30.858460722957485
1.5038950938266322
1.188623920871881
0.9112713680503168
0.5305596232568719
0.4882084922542138
0.12395333757802153
0.5944068284193376
0.12395333757802153
0.5366674704363268
0.10800715430679454
0.5859119307770878
1.1820836906415295
-0.30735478462496224
0.5835956983024739
0.9380233312109891
0.9752093324843956
0.9380233312109891
0.9586822208073261
0.12395333757802153
0.7493994103391083
1.0581303530635084
0.15304045745805883
85.36274684489067
0.5602725547076235
0.21986372264618828
1.9813940127468688
38.64177180943071
50.00818739142674
35.8001679139317
0.7546514968132828
3.9809779396075484
20.231657825701852
0.12762351835876984
0.22295321637426901
15.592510243031782
0.2707524931695889
0.743511352837755
0.1525627782525473
9.181818181818182
0.8347107438016529
0.08264462809917356
3.727272727272727
28617.090909090908
29855.0
28307.613636363636
0.3181818181818182
1.3636363636363635
0.12396694214876033
0.07069791984587069
0.28279080032417
0.017674699726295862
3.095795255000931
0.01608187134502924
24750.512396694212
3.046343920496882
153.5233918128655
0.22444940323518348
3.230959953489963
477.1608187134503
0.15119823193461235
1.5570175438596492
55.30701754385965
76.96052631578948
49.89364035087719
0.8607456140350878
0.02694820946030567
0.056535816595427425
0.019551307676525232
