1.0
1.0
1.0
40.0
30.0
1.0
251.13916666666665
205.0
255.0
1.0
1.0
1.0
40.0
30.0
1.0
0.0
0.0
0.0
40.0
30.0
1.0
1075.0
1.0
18.007441860465118
14.773953488372094
0.0
18.007441860465118
14.773953488372094
0.0
0.7686512410849423
0.0
0.0
44.7187379137585
40.0
30.0
49.4064773081425
49.4064773081425
1027.5
34.37311339716274
0.2199825171477201
2238.466045120169
2.1785557616741302
1075.0
247.0
255.0
69012344.0
0.6431373514185407
1.0
4.7241225251351375
255.0
2.4428235803136786
253.3525581395349
255.0
243.0
12.0
1.6970987573680312
253.3723136065296
-1.7602002493741007
69012344.0
0.7261672255273119
10.010586479177933
3.530541611763274
1.8542402107743754
0.9893726786515079
-0.5687259190238367
0.43367443485705587
0.06435804111970365
0.741076477771039
0.06435804111970365
0.3437357011914739
0.06015257506599966
0.6908311869456206
0.906912212386983
-0.48571649385400284
0.663131655810802
0.9678209794401482
0.9871283917760593
0.9678209794401482
0.9785473196267653
0.06435804111970365
0.8220611902145234
0.8425541712672796
0.12450811899418987
70.38408306669176
0.506479494243965
0.24676025287801753
2.6381783675261934
159.410824210009
615.1032909320952
45.48770752948742
0.5904554081184517
4.186425017252492
19.51310186056563
0.1386300556470238
0.12906976744186047
92.44415205238982
0.3440502199067445
0.6485063954416753
0.2679361760230118
7.533333333333333
0.5022222222222222
0.24888888888888888
2.6
47680.6
185652.8
13187.55
0.6
1.6666666666666667
0.1111111111111111
0.23711487015963462
0.45817379178129386
0.1818501397542198
3.640223928941848
0.013953488372093023
42544.48888888889
2.120665666976774
531.7460465116279
0.4946474851270957
3.147777176852353
780.6297674418605
0.13691638723634394
3.5088372093023255
66.62790697674419
245.3079069767442
21.957906976744187
0.3727906976744186
0.02487693022083941
0.07083657004576163
0.013387020264608857
