1.0
1.0
1.0
40.0
30.0
1.0
236.1125
197.0
255.0
1.0
1.0
1.0
40.0
30.0
1.0
0.0
0.0
0.0
40.0
30.0
1.0
690.0
3.0
18.347826086956523
16.911594202898552
0.0
18.347826086956523
16.911594202898552
0.0
0.6128071696912103
0.0
0.0
43.67484403094994
40.0
30.0
47.80167361086848
47.80167361086848
649.5
26.76425755731148
0.2488595518950466
1457.4128016728118
2.2438996176640673
690.0
239.9
252.0
41881419.0
0.7361862145251856
5.0
2.9736698271692537
255.0
3.5772526780088203
246.32608695652175
247.0
235.0
20.0
2.3655349102013354
246.36904979248544
-0.5208053269594621
41881419.0
0.6714093677798783
21.167580340264653
1.5838683401676974
1.2167508995929612
0.9446179453562469
0.5438205082833716
0.5463057396170168
0.13276871722237213
0.6091023218008982
0.13276871722237213
0.559877961234629
0.11434984277147682
0.5461129288088288
1.2692562629714177
-0.3171561517763447
0.6086776766784671
0.9336156413888139
0.9734462565555256
0.9336156413888139
0.955743760925876
0.13276871722237213
0.7168647417958528
1.136487545749046
0.16976861420984724
82.85433969385682
0.5589435254600073
0.2205282372699964
1.9855766693375427
45.92983408581669
59.50534223198878
42.53595704927366
0.7536058326656143
4.075870193754
20.78115491667773
0.13431174812262
0.21521739130434783
21.636812719074126
0.3073950365790047
0.6636120303219322
0.21834078814327276
6.636363636363637
0.6033057851239669
0.1983471074380165
3.1818181818181817
26948.545454545456
28260.090909090908
26620.659090909092
0.45454545454545453
1.3636363636363635
0.12396694214876033
0.20977607262927414
0.7917548703898988
0.06428137318911802
3.277613436819112
0.015942028985507246
23013.834710743802
3.098296042695363
169.71304347826086
0.24596093257718968
3.5051795841209827
463.2724637681159
0.1642953161100609
1.6217391304347826
56.47826086956522
83.2304347826087
49.790217391304346
0.8445652173913043
0.029411031052249136
0.06010301895852275
0.021738034075680732
