1.0
1.0
1.0
40.0
30.0
1.0
245.00583333333333
196.0
255.0
1.0
1.0
1.0
40.0
30.0
1.0
0.0
0.0
0.0
40.0
30.0
1.0
829.0
1.0
18.562123039806995
13.820265379975874
0.0
18.562123039806995
13.820265379975874
0.0
0.7162714841147775
0.0
0.0
43.154069611713545
40.0
30.0
49.4064773081425
49.4064773081425
784.1666666666666
30.910029486374476
0.2358879949442805
1743.3471275930642
2.223184434762675
829.0
246.0
253.0
51582493.0
0.9999737591363882
3.0
2.8377367361555748
255.0
1.9949828371706577
249.43184559710494
250.0
243.0
12.0
1.6017205746329055
249.44448050426175
-0.46820972210108064
51582493.0
0.5000181886703501
6.303256063011373
2.510869791821794
1.5274907230642885
0.8602191517303052
-0.08561431855870481
0.853694293226688
0.14320475474214336
0.712671919363199
0.14320475474214336
0.5890336714767013
0.1220946841196094
0.3794557918959749
1.586405478968864
-0.4100096065862609
0.7441637058897418
0.9283976226289283
0.9713590490515713
0.9283976226289283
0.9522650817526188
0.14320475474214336
0.4558883456932168
1.4432007242267206
0.2492247619922078
93.79272484857933
0.5218487506718765
0.23907562466406174
2.190273030417743
44.641663733109255
129.16685090498743
23.51036694013971
0.7024317423955643
4.143891303056288
26.787572828632655
0.14338347126977716
0.21712907117008445
20.977354637410905
0.3408000619590933
0.7372904788996172
0.24167745772396243
6.166666666666667
0.5138888888888888
0.24305555555555558
2.25
19863.75
58159.0
10289.9375
0.6875
1.3333333333333333
0.1111111111111111
0.22674952751463442
0.3596721697178749
0.19351886696382434
3.2516291673878195
0.014475271411338963
15091.243055555557
3.3854243764948313
208.24246079613994
0.2511971782824366
3.810220868661794
414.5150784077201
0.249990905664825
2.5090470446320867
56.56091676718938
149.50301568154404
33.325392038600725
0.6227382388419783
0.03042644388765648
0.06891451325425851
0.020804426546005974
