1.0
1.0
1.0
40.0
30.0
1.0
246.515
186.0
255.0
1.0
1.0
1.0
40.0
30.0
1.0
0.0
0.0
0.0
40.0
30.0
1.0
1082.0
1.0
18.22735674676525
14.853974121996304
0.0
18.22735674676525
14.853974121996304
0.0
0.825025784592572
0.0
0.0
43.23717665401252
40.0
30.0
49.4064773081425
49.4064773081425
1043.25
35.67178559254432
0.22251832593871296
2235.5133588073486
2.142835714169517
1082.0
243.0
255.0
67859332.0
0.8862051528408106
5.0
5.107468733746123
255.0
3.9303678749218443
250.3789279112754
252.0
231.0
24.0
2.553014938714588
250.43277144363316
-1.5847107004251124
67859332.0
0.5767798388006055
26.965470939350357
3.0287155207038596
1.7092473568707098
0.8515199292575408
-0.4413653022237426
0.6267699852399092
0.19805309981653968
0.5195195004229463
0.19805309981653968
0.7137890797253799
0.15788708611548527
0.4297013713562902
1.5476941717394461
-0.2201858384623695
0.5561437413346113
0.9009734500917301
0.960389380036692
0.9009734500917301
0.9339823000611535
0.19805309981653968
0.61022080696244
1.3496410719229068
0.20620577126411221
131.5526947473873
0.5008233705885174
0.24958831470574128
2.4768566517952895
35.1635010429868
125.29883186776672
12.629668336791823
0.6307858370511776
3.975564333531577
41.85800777308649
0.15438903194795467
0.2428373382624769
16.756824015276845
0.3295578001726928
0.6205343444818139
0.25681366409541256
16.11111111111111
0.8950617283950617
0.05246913580246913
1.1666666666666667
32451.0
126952.5
8825.625
0.9583333333333334
1.3333333333333333
0.07407407407407407
0.10742287800690675
0.10742317194697942
0.1074228045218886
3.836591668108974
0.0166358595194085
28837.654320987655
3.3002839578552043
222.16451016635858
0.20532764340698575
3.575274787225683
624.0757855822551
0.21161008059969727
3.087800369685767
53.380776340110906
179.73844731977817
21.791358595194087
0.47804990757855825
0.02957326832629403
0.07332703364429224
0.018634826996794474
