1.0
1.0
1.0
40.0
30.0
1.0
239.13916666666665
173.0
255.0
1.0
1.0
1.0
40.0
30.0
1.0
0.0
0.0
0.0
40.0
30.0
1.0
952.0
1.0
18.119747899159663
15.244747899159664
0.0
18.119747899159663
15.244747899159664
0.0
0.7189807289499667
0.0
0.0
48.38335987808097
40.0
30.0
49.4064773081425
49.4064773081425
898.75
34.786703354191225
0.22452703498174303
2005.8944903288884
2.2318714774174
952.0
236.0
255.0
58570983.0
0.9978467547670247
10.0
3.1598642098777403
255.0
5.783741437751574
247.93802521008402
250.0
227.0
28.0
4.463405998150351
248.04060515714497
-1.03778410916594
58570983.0
0.5014917731798602
50.87746164642327
2.531296442674142
1.5438848340857927
0.8050978118467116
-0.12091499316603321
0.7915658766721861
0.20071611916647294
0.5953953545079624
0.20071611916647294
0.7173974738720703
0.1590823398327184
0.3447766622479521
1.7103736676891308
-0.2800039649973538
0.6455594160447156
0.8996419404167635
0.9598567761667054
0.8996419404167635
0.933094626944509
0.20071611916647294
0.44352677450255634
1.5096575485226582
0.24807049895966474
130.38493387798022
0.5046033518682321
0.2476983240658839
2.357383206551076
24.051751228581967
65.55608821543923
13.67566698186765
0.660654198362231
3.930387374678359
41.284495225406985
0.15468865764083747
0.2715336134453782
9.089458642188424
0.29754128439730626
0.58816572234014
0.22488517491159776
5.545454545454546
0.5041322314049587
0.24793388429752064
2.6363636363636362
24585.454545454544
50755.27272727273
18043.0
0.5909090909090909
1.1818181818181819
0.10743801652892562
0.20991599741327419
0.2894309596631088
0.19003725685081552
3.277613436819112
0.011554621848739496
17095.33884297521
3.552548370251241
180.3109243697479
0.18940223148082763
3.1173822470164536
477.4201680672269
0.24925411341006992
2.581932773109244
49.73529411764706
134.81302521008402
28.465861344537814
0.604516806722689
0.029909659631048184
0.07016978898040699
0.01984462729370849
