1.0
1.0
1.0
40.0
30.0
1.0
230.90666666666667
142.0
254.0
1.0
1.0
1.0
40.0
30.0
1.0
0.0
0.0
0.0
40.0
30.0
1.0
1053.0
1.0
17.981006647673315
12.981006647673315
0.0
17.981006647673315
12.981006647673315
0.0
0.6823950411803641
0.0
0.0
45.650485201257055
40.0
30.0
49.4064773081425
49.4064773081425
1019.1666666666666
31.151664728815412
0.22623069228600903
2164.8579624735685
2.124145179859593
1053.0
223.0
250.0
60185219.0
1.015300055875812
13.0
3.0742582962377414
254.0
8.081059948106486
238.86134852801518
241.0
208.0
46.0
5.842867944716424
239.0731132233125
-0.8661486056649934
60185219.0
0.6158653113385624
101.209645664853
4.205535608113949
2.0125315650330897
2.620249213174685
-0.00845598942336065
0.7567424991800347
0.13579430348411622
0.6949566119584306
0.13579430348411622
0.568271728980931
0.11659473803610688
0.5196321196254112
1.5800956225019482
-0.4014787124275785
0.7345730703172164
0.932102848257942
0.9864205696515884
0.932102848257942
0.9660514241289709
0.13579430348411622
0.7087963485342941
1.4443013190178324
0.22313420066603773
73.05031480618133
0.38886257873534436
0.47513481695706433
4.3719173039317605
78.01080168336605
318.7100396549163
21.532122364515825
0.4069509311461409
4.706094905865328
22.971665588311094
0.11787324934415547
0.17830009496676164
41.14533437904484
0.2800468602525093
1.1936104826919653
0.15131103738693288
5.166666666666667
0.4305555555555556
0.7222222222222223
6.166666666666667
55441.583333333336
223527.58333333334
14208.416666666666
0.35648148148148145
1.6666666666666667
0.1388888888888889
0.08101399681117506
0.6060022946244835
0.0140013547165172
3.2516291673878195
0.011396011396011397
47741.52083333333
3.0464696165215073
332.18518518518516
0.3154655129963772
3.30631154689401
648.5061728395061
0.23266766413331783
4.228869895536562
60.66571699905033
253.7065527065527
17.960008441489922
0.3215152474411734
0.024813621898057525
0.10911448025976245
0.00951037424337444
