1.0
1.0
1.0
40.0
30.0
1.0
240.59666666666666
144.0
255.0
1.0
1.0
1.0
40.0
30.0
1.0
0.0
0.0
0.0
40.0
30.0
1.0
1052.0
1.0
18.495247148288975
14.37167300380228
0.0
18.495247148288975
14.37167300380228
0.0
0.7386272882711848
0.0
0.0
43.412575293238454
40.0
30.0
49.4064773081425
49.4064773081425
1018.1666666666666
32.06571276571335
0.22615880483277478
2164.1293114543532
2.125515774877414
1052.0
241.0
253.0
64634897.0
1.0829683608765408
5.0
9.020638349353817
255.0
4.062643669852098
247.8032319391635
249.0
219.0
36.0
2.524922492746075
247.87096675426878
-2.104368603354749
64634897.0
0.48836364556376416
33.57440020095707
6.3244198721105445
2.4812573705832284
1.0473532482336132
-0.02883109878624543
0.8623898204622688
0.19127216850048448
0.6370752209072431
0.19027004274876463
0.7019081685734586
0.15429424991555368
0.34426835459194244
1.772365964538759
-0.3156658248245917
0.6924925178189254
0.9049651912007897
0.9809190351077233
0.9050319995842377
0.9524825956003948
0.1893931827160098
0.4103395674736037
1.57753187879255
0.26341549724068825
110.68693695507451
0.456279894796577
0.33862842992221565
5.991401653030108
35.97155813024217
237.48913034724904
6.433935667944252
0.22926611455519014
4.366927927282362
33.44788876847608
0.1346669648451301
0.23003802281368824
15.541880893973358
0.30664712489560314
1.6500680159126493
0.0978453376104976
7.5
0.375
0.6875
3.75
18538.2
104922.7
3780.463888888889
0.5902777777777778
4.1
0.205
0.41554463339615316
0.5130582848283907
0.3941394985922667
3.0016094970590235
0.019011406844106463
15771.439999999999
3.505728888326869
233.7110266159696
0.2221587705474996
3.5790599835186283
513.7585551330799
0.2735437840651159
6.35361216730038
54.840304182509506
355.8745247148289
9.937684833122097
0.1928601605407689
0.0341981004220446
0.17169330640649447
0.012966620802499206
