1.0
1.0
1.0
40.0
30.0
1.0
228.15333333333334
73.0
255.0
1.0
1.0
1.0
40.0
30.0
1.0
0.0
0.0
0.0
40.0
30.0
1.0
827.0
2.0
17.212817412333738
15.605804111245465
0.0
17.212817412333738
15.605804111245465
0.0
0.7307768287987324
0.0
0.0
45.402193040806885
40.0
30.0
49.4064773081425
49.4064773081425
781.8333333333334
33.17887065086874
0.23611005757320297
1738.2507512758864
2.223300896963402
827.0
234.0
254.0
50487764.0
1.186796840786388
7.0
5.504166788566271
255.0
6.109280349276025
246.94074969770253
250.0
217.0
38.0
3.674633139425784
247.08154810659602
-1.7541476898361181
50487764.0
0.4707169896290404
69.55755348873934
6.596477568962705
2.535763404008896
1.703880659356808
-0.422276827020971
0.9170388359023864
0.25154475774486523
0.5698405943460999
0.24750569593280036
0.8156960178662125
0.18919654178615797
0.3170402879142941
1.9628818802886665
-0.24035054235836795
0.6377377822617003
0.8766510582148062
0.9750319424629934
0.8769203290022772
0.9383255291074031
0.24397151684724364
0.4514242425924579
1.70155069416464
0.29214589841181293
105.17424592111975
0.40736442705101655
0.4372426805543748
5.698417907912367
20.73780682763307
150.7447831180942
3.4045266945191104
0.28018212001908116
3.950418122109263
52.925840379088996
0.20174946077318592
0.31076178960096734
9.729312660699378
0.4193177376731756
1.926868010562088
0.1708779804119101
15.206896551724139
0.5243757431629013
0.5945303210463735
2.793103448275862
6985.896551724138
52706.24137931035
1060.139846743295
0.7432950191570882
8.10344827586207
0.2794292508917955
0.539508804644865
0.9446474123867511
0.4797254575912181
2.905250288814096
0.03506650544135429
6172.663495838287
3.7329877815656283
139.2055622732769
0.16832595196284994
4.232877974175682
389.28295042321645
0.3273848601243696
6.58645707376058
46.66384522370012
331.64812575574365
7.728671234717184
0.20395002015316405
0.051581185566617706
0.2232645410486287
0.025681049887349112
