1.0
1.0
1.0
40.0
30.0
1.0
233.355
177.0
253.0
1.0
1.0
1.0
40.0
30.0
1.0
0.0
0.0
0.0
40.0
30.0
1.0
855.0
2.0
17.4
13.51345029239766
0.0
17.4
13.51345029239766
0.0
0.8350545656221547
0.0
0.0
43.734208118906515
40.0
30.0
48.60041152089147
48.60041152089147
804.9166666666666
36.520450163562394
0.23215959096068922
1802.456426176921
2.2393081182444408
855.0
235.0
250.0
51454980.0
0.7867754474309079
5.0
4.726743210682153
253.0
4.6975247084572995
245.2374269005848
247.0
225.0
28.0
2.73220691732618
245.31869712252822
-1.5557533942438295
51454980.0
0.6403570329332102
39.86760507506584
1.653605435012178
1.2433126885771075
0.9250215145156551
0.5211613440609021
0.5837493253798038
0.15266526143828962
0.585662062826075
0.15266526143828962
0.6129595451242948
0.12872253865263217
0.5030701679383212
1.3720997306416232
-0.2861016556450753
0.6006790971108473
0.9236673692808552
0.9694669477123421
0.9236673692808552
0.94911157952057
0.15266526143828962
0.6803546807037476
1.2194344692033339
0.1841036467045234
106.24802703207142
0.5380782119542019
0.23096089402289904
2.08673943136218
35.33389896413351
49.30132417276319
31.842042661976095
0.728315142159455
4.127495660802918
27.46521808906246
0.13383355595594737
0.2307017543859649
14.557601505463
0.2907780850953675
0.7212285948166002
0.18316545766505926
8.666666666666666
0.7222222222222222
0.13888888888888887
3.5
36331.416666666664
39696.666666666664
35490.104166666664
0.375
1.6666666666666667
0.1388888888888889
0.28309247493975614
1.116744308043048
0.07467951666393312
3.0220552088741974
0.014035087719298246
31254.854166666664
3.215341543663642
188.58362573099416
0.22056564412981772
3.3656386580486304
547.5052631578948
0.17982148353339492
1.7052631578947368
54.550877192982455
84.0982456140351
47.1640350877193
0.8236842105263158
0.030137403510245336
0.06756182545576168
0.02078129802386625
