1.0
1.0
1.0
40.0
30.0
1.0
245.82083333333333
153.0
255.0
1.0
1.0
1.0
40.0
30.0
1.0
0.0
0.0
0.0
40.0
30.0
1.0
1139.0
1.0
18.7603160667252
14.139596136962247
0.0
18.7603160667252
14.139596136962247
0.0
0.7441004673048741
0.0
0.0
44.9671701434141
40.0
30.0
47.16990566028302
47.16990566028302
1104.9166666666667
33.46009231709221
0.2212873440502386
2335.682989809966
2.113899681553631
1139.0
243.0
253.0
70274461.0
0.9886886539224033
4.0
8.540700419399304
255.0
3.0777471419949256
248.35206321334505
249.0
224.0
31.0
1.9651421092039254
248.39159693075794
-1.78256978112902
70274461.0
0.5133309335160688
19.63812348678546
6.021349567947439
2.424487508987653
0.8243664963647277
0.19941212965970362
0.7768260183395682
0.20401626988970104
0.584118841180373
0.20401626988970104
0.7222937699707607
0.16065323593491956
0.35030252409183676
1.7104563236051595
-0.2707076857808505
0.6336669946509166
0.8979918650551495
0.97959837301103
0.8979918650551495
0.9489959325275747
0.20401626988970104
0.47258419811347174
1.5064400537154592
0.2452105720573173
137.28064911799115
0.502130318458461
0.254016246286971
6.209811432964298
29.485666898403032
175.25583464744963
5.781922935141438
0.19115497778715723
4.153715222405673
39.406331170848915
0.1382860855551746
0.23990342405618964
9.974108392735127
0.22450564249368818
1.4541162162335146
0.043217993596844174
9.933333333333334
0.6622222222222223
0.3288888888888889
7.8
35311.26666666667
174328.53333333333
7908.875925925926
0.18888888888888886
1.2666666666666666
0.08444444444444445
0.16969974587323672
0.98984837859981
0.07822911993756297
3.7735572622751814
0.013169446883230905
29545.395555555548
3.458595556920302
236.1799824407375
0.20735731557571332
2.860903353911638
584.6839332748025
0.24442832575746481
6.073748902546093
52.9982440737489
319.0974539069359
10.27502194907814
0.1929811725685299
0.02715354190321789
0.16875350319785182
0.0057031571265875065
