1.0
1.0
1.0
40.0
30.0
1.0
237.76666666666668
193.0
255.0
1.0
1.0
1.0
40.0
30.0
1.0
0.0
0.0
0.0
40.0
30.0
1.0
910.0
1.0
18.615384615384617
12.912087912087912
0.0
18.615384615384617
12.912087912087912
0.0
0.746318392709294
0.0
0.0
47.35436177890608
40.0
30.0
49.4064773081425
49.4064773081425
862.0
35.341431170607606
0.2295160636590074
1908.4284468411138
2.2139541146648654
910.0
236.0
249.0
54067962.0
0.43315998356558366
7.0
2.4803210392017325
255.0
4.137611399589422
243.7010989010989
245.0
232.0
23.0
3.0316468328447344
243.75262635947712
-0.5315529889459909
54067962.0
0.8378239343074507
25.11725153966912
1.2236201720186206
1.0864092248589805
0.5997178496951483
0.3454497875098214
0.2445388780404194
0.07121500511664283
0.5471720116158019
0.07121500511664283
0.3685284184407307
0.06597164708225631
0.7761514113392126
0.7230983891546673
-0.29457728791186055
0.46431131937958386
0.9643924974416787
0.9857569989766715
0.9643924974416787
0.9762616649611191
0.07121500511664283
0.8779832725826979
0.6518833840380249
0.07893847078926555
80.07987748517579
0.5926347250797012
0.20368263746014945
1.8650560431334418
102.74230624478261
108.87470550516744
101.2092064296864
0.7837359892166396
4.253220328337879
15.230110884247157
0.1089992222948932
0.14807692307692308
50.75908804000354
0.24001734496503707
0.6692777067657043
0.13270225451487022
8.2
0.82
0.09000000000000001
3.7
68869.4
69305.3
68760.425
0.325
1.2
0.12
0.2445105879339986
0.9780419152079061
0.06112775611552176
3.1219280948873593
0.01098901098901099
60588.4
2.1876840323355258
355.1054945054945
0.3902258181379061
2.757125950972105
762.4197802197803
0.08108803284627461
1.267032967032967
63.83736263736264
71.88461538461539
61.82554945054945
0.9332417582417583
0.022908090759706404
0.04352409314356594
0.017754090163741524
