1.0
1.0
1.0
40.0
30.0
1.0
229.31
172.0
255.0
1.0
1.0
1.0
40.0
30.0
1.0
0.0
0.0
0.0
40.0
30.0
1.0
674.0
4.0
15.222551928783382
14.62166172106825
0.0
15.222551928783382
14.62166172106825
0.0
0.7448829591715324
0.0
0.0
45.89985460521769
40.0
30.0
49.4064773081425
49.4064773081425
617.0833333333334
34.190019523877645
0.24045177795667375
1457.7576963661436
2.3623352270619478
674.0
231.3
253.0
39684892.0
0.7621133032301639
12.0
2.093309676200739
255.0
6.267467354647835
242.5341246290801
242.0
228.0
27.0
4.833282644628099
242.6513171632667
-0.14712182573345772
39684892.0
0.6556058431438156
56.86011147408184
1.6795691902560375
1.2444719776103952
1.0421001116094808
0.590315088941446
0.631025644624094
0.10769348515029575
0.7090918403960433
0.10769348515029575
0.4896389479624048
0.09565671598847916
0.5349837191243259
1.2650776222323659
-0.4237927050406462
0.6991352076259694
0.946153257424852
0.9784613029699408
0.946153257424852
0.9641021716165681
0.10769348515029575
0.7016812798144569
1.1573841370820706
0.1846797824435975
97.22058675076991
0.6290149641724196
0.1854925179137902
1.7386795750994817
36.72417024640239
57.254261731001876
31.591647375252514
0.8153301062251295
3.9384686060103
22.702481440531393
0.14205900105545965
0.22922848664688428
15.427580728768437
0.30729531749394917
0.5612933817163244
0.24379580143835533
6.166666666666667
0.5138888888888888
0.24305555555555558
2.75
17898.166666666668
21402.416666666668
17022.104166666668
0.5625
1.6666666666666667
0.1388888888888889
0.3022029860473066
0.8957144277157996
0.15382512563018338
3.4182958340544856
0.017804154302670624
14743.47222222222
3.250029462065456
151.72106824925817
0.22510544250631775
3.542119768598826
441.8783382789318
0.17219707842809218
1.6632047477744807
54.896142433234424
89.93026706231454
46.13761127596439
0.8341988130563798
0.03162954313772987
0.0618142601171692
0.02408336389287004
