1.0
1.0
1.0
40.0
30.0
1.0
230.41416666666666
147.0
255.0
1.0
1.0
1.0
40.0
30.0
1.0
0.0
0.0
0.0
40.0
30.0
1.0
865.0
2.0
20.539884393063584
12.833526011560693
0.0
20.539884393063584
12.833526011560693
0.0
0.6829586238459034
0.0
0.0
47.11065238952
40.0
30.0
49.4064773081425
49.4064773081425
819.1666666666666
32.174626324429305
0.2332558135323717
1815.0969583713809
2.2157846897717772
865.0
232.0
253.0
52308714.0
1.205954506843395
7.0
4.864876693413139
255.0
6.130797554211639
245.77109826589594
248.0
219.0
36.0
3.653723584183447
245.91157299749852
-1.592941480499241
52308714.0
0.4672671990377226
69.06899127936114
5.8880006405763154
2.3899031437812863
1.8572440596901907
-0.058791337050596026
0.9470451497381077
0.2417070899047742
0.5935706115201496
0.24106358926127358
0.7930787957631854
0.18201917099861387
0.30965158554977656
1.9996327647532905
-0.26148143560828796
0.6650342043590736
0.8795325554337133
0.9758589910392226
0.8795754554766133
0.9397662777168567
0.2405005261982105
0.43054834528755714
1.7557498812278727
0.29718805991072045
107.85044693148802
0.40845291983556775
0.4347468440092226
5.556153636935953
22.840341823661973
134.882803405926
4.664776245539931
0.2876014364017069
4.020275922464032
52.21167792942944
0.19387096839612306
0.303757225433526
10.961608790615
0.4082404570588553
1.8363494601201897
0.1661069681896462
11.266666666666667
0.37555555555555553
0.7122222222222223
3.8333333333333335
7967.966666666666
37553.7
1841.162962962963
0.587962962962963
6.133333333333334
0.20444444444444446
0.4501010901559315
0.7859713999720831
0.376401882557084
3.5995812306460584
0.03468208092485549
7136.605555555556
3.835930878001314
148.57687861271677
0.1717651775869558
4.23354739550269
404.18612716763005
0.3217214073306826
5.910982658959537
47.39768786127168
286.93757225433524
9.411239563262685
0.22697495183044317
0.04902879651111141
0.21076767473206368
0.022632459156204647
