1.0
1.0
1.0
40.0
30.0
1.0
218.64
112.0
255.0
1.0
1.0
1.0
40.0
30.0
1.0
0.0
0.0
0.0
40.0
30.0
1.0
1002.0
1.0
21.496007984031937
14.09181636726547
0.0
21.496007984031937
14.09181636726547
0.0
0.7874059586262545
0.0
0.0
45.10760504040603
40.0
30.0
49.4064773081425
49.4064773081425
956.0
35.517996988175376
0.22464344972360464
2089.114738342145
2.185266462700988
1002.0
203.0
251.0
55484454.0
1.4757997266912035
19.0
3.51778984956781
255.0
14.14849741634496
234.63672654690617
242.0
187.0
68.0
9.360780359323165
235.31618428579523
-1.2555821985285518
55484454.0
0.46650411751347604
319.3131421787166
8.648470308188365
2.867442802147159
16.247335106113212
-2.83795677989922
1.9236238505553818
0.2187074414530971
0.7956845302716853
0.20027373867910703
0.7501854699157668
0.17717767624405356
0.375854019263486
2.2185417560503917
-0.428506515636239
0.8333764928568388
0.9017065009378455
0.9874775337760651
0.902867033712129
0.9605518940811422
0.18479006688947813
0.5939456675586795
1.9777033262928736
0.5355828230021198
72.33415779559168
0.28825433939723016
0.9089108524278324
8.275582708638478
43.15381316251329
379.3736711199339
6.6636007048090615
0.2510978166176171
4.585084953282619
50.774990889828
0.19844833030810222
0.24925149700598803
24.797649976026488
0.43953547278799404
3.1667116252177614
0.1362991333811308
11.0
0.3142857142857143
1.2457142857142856
6.085714285714285
11977.828571428572
106616.22857142857
1484.0847222222224
0.4349206349206349
4.6
0.13142857142857142
0.3030648574581549
0.7418259867864845
0.22374014404298073
4.014438730983421
0.03493013972055888
11158.233469387756
3.800280513389672
232.31736526946108
0.23185365795355398
4.796371329197891
467.437125748503
0.582643097039454
8.638722554890219
53.880239520958085
469.60878243512974
9.666202317587048
0.19897011532490574
0.04287214717704928
0.2919667386064354
0.01511267242536846
