1.0
1.0
1.0
40.0
30.0
1.0
228.6675
148.0
255.0
1.0
1.0
1.0
40.0
30.0
1.0
0.0
0.0
0.0
40.0
30.0
1.0
855.0
2.0
18.101754385964913
14.022222222222222
0.0
18.101754385964913
14.022222222222222
0.0
0.7106479821619046
0.0
0.0
48.946353948156904
40.0
30.0
49.4064773081425
49.4064773081425
799.25
34.78362766744007
0.22918033787871933
1817.3079749334004
2.273766624877573
855.0
227.0
254.0
50835634.0
1.2643653835530961
14.0
2.853148758615433
255.0
8.151026298690196
243.6327485380117
246.0
218.0
37.0
6.121684189935939
243.83781878811382
-0.9093565017483065
50835634.0
0.45549878595123283
99.96571115898907
5.715572844727113
2.348114748656639
2.105072697343888
0.02399252062974433
1.0310180723581595
0.22343182032571934
0.64314497221259
0.22141568399908537
0.7642630272691591
0.17315096804618446
0.3209393469123085
2.003250174687562
-0.3177371478918904
0.7224770933176421
0.8894937716331206
0.9777498704132727
0.8896281807215629
0.9447468858165603
0.21965156471328062
0.45547046590035956
1.773627955733798
0.3136124731709697
97.81433077515894
0.37907111366525637
0.4921128375061735
4.969630277027385
22.638096282552564
127.86945212244919
4.871820672935566
0.3537235577184112
3.9644034857766988
53.71751390806836
0.20274845608657266
0.30116959064327486
10.653983497692344
0.43022141971783706
1.5273439432221956
0.23367197268664885
20.823529411764707
0.6124567474048442
0.46366782006920415
2.2941176470588234
5150.911764705882
25962.323529411766
1143.3856209150326
0.80718954248366
8.529411764705882
0.2508650519031142
0.5133269066864068
0.605569492871468
0.490331638820367
3.0108934608348115
0.03976608187134503
4518.537197231834
3.686848376248144
162.0690058479532
0.18955439280462363
4.543538182688691
389.4514619883041
0.3486556547313703
5.673684210526316
47.980116959064325
287.919298245614
9.5638726445744
0.24873294346978556
0.05398648351478343
0.1851141689835995
0.03194023661855665
