1.0
1.0
1.0
40.0
30.0
1.0
217.31166666666667
143.0
255.0
1.0
1.0
1.0
40.0
30.0
1.0
0.0
0.0
0.0
40.0
30.0
1.0
579.0
5.0
22.22452504317789
12.184801381692573
0.0
22.22452504317789
12.184801381692573
0.0
0.6806055846129906
0.0
0.0
41.24441266115432
40.0
30.0
49.4064773081425
49.4064773081425
537.8333333333334
28.071177591264366
0.25934349417133895
1233.220049038457
2.2929409030773913
579.0
227.0
254.20000000000005
34924698.0
1.3024551091565404
12.0
3.096435050340819
255.0
8.37369534156025
245.38514680483593
250.0
219.0
36.0
6.057902966220216
245.59925655150678
-1.1533353352699085
34924698.0
0.4371631154900505
105.12454622197167
6.4981942387110205
2.5104646448918313
2.4469667794935983
-0.6092418433051259
1.059653446488361
0.2769465275267067
0.5847685154305438
0.2620999114215855
0.8597734954437706
0.20692011229783358
0.30708573487011864
2.0832931356498428
-0.2535753183806622
0.6670563684390729
0.8704347058997193
0.9729905756829503
0.8714244803067274
0.9352173529498596
0.24910912232960453
0.455010279453926
1.7814454534400435
0.33414999350376684
76.00111478499255
0.385596114078757
0.4799342216543341
4.865444688770519
20.12412642081881
153.76532785265667
3.1836584561531125
0.357937298365576
3.6546739120542893
53.920823145743284
0.26951198513721214
0.33981001727115717
11.052561958333355
0.5206773984910896
1.9675050105526921
0.2551974672685177
18.75
0.46875
0.5
2.75
2150.175
17241.7
299.0993055555556
0.701388888888889
11.05
0.27625
0.4909724500926732
0.9507112495895089
0.396923998193016
3.0470851333950835
0.0690846286701209
1940.6493750000002
3.780128405890969
93.00690846286702
0.16063369337282732
5.656497862731587
253.1174438687392
0.3933946026888119
6.290155440414508
45.1139896373057
326.5215889464594
7.406495874112455
0.235895221646517
0.07241982336336313
0.2610834501714714
0.04084005114853606
