1.0
1.0
1.0
40.0
30.0
1.0
235.42833333333334
150.0
255.0
1.0
1.0
1.0
40.0
30.0
1.0
0.0
0.0
0.0
40.0
30.0
1.0
879.0
2.0
16.613196814562002
14.306029579067122
0.0
16.613196814562002
14.306029579067122
0.0
0.7538731788874027
0.0
0.0
46.012227818247055
40.0
30.0
49.4064773081425
49.4064773081425
832.6666666666666
34.68738445303329
0.23180516338694465
1846.4680834576957
2.2175357287322206
879.0
238.0
255.0
54719601.0
0.9486203174039674
7.0
5.259981629351041
255.0
5.557401173378064
249.39590443686006
253.0
224.0
31.0
3.3284063130414165
249.50371901446235
-1.7280412728749028
54719601.0
0.5660623756699424
53.78865216834208
7.503319943217971
2.714054534255527
1.1969022013175652
-0.5955707618851217
0.6988730163406769
0.1500546904434424
0.6459373250328451
0.1500546904434424
0.605774603317237
0.1268203372550875
0.47075448616614846
1.4741828561490715
-0.34024564135075247
0.6677782495199089
0.9249726547782788
0.9849945309556558
0.9249726547782788
0.9624863273891393
0.1500546904434424
0.6471018061958627
1.3241281657056299
0.21223192669602986
91.80182320277653
0.47075046985565366
0.3123169893833381
6.033121687498294
45.23328616987558
377.5696814014286
5.871129899720556
0.21845877487465815
4.018465341902422
28.837713155875186
0.14282596163680372
0.22155858930602956
22.219679451081667
0.31281744820722696
1.422177530628422
0.09839130219587547
5.533333333333333
0.3688888888888889
0.5955555555555556
3.6
19933.8
172366.13333333333
2410.6796296296297
0.5722222222222223
3.8
0.25333333333333335
0.46710924810158355
0.46886001709889114
0.46676556133949154
2.596791631981634
0.017064846416382253
16499.839999999997
3.024905216470907
227.2707622298066
0.2585560434923852
3.6137585243340693
497.5688282138794
0.23341241275055302
7.417519908987486
55.8509670079636
445.6268486916951
7.795190241435976
0.16037795474655545
0.032835578549457956
0.17481254896093185
0.012310451445708415
