1.0
1.0
1.0
40.0
30.0
1.0
221.025
145.0
255.0
1.0
1.0
1.0
40.0
30.0
1.0
0.0
0.0
0.0
40.0
30.0
1.0
651.0
3.0
19.688172043010752
13.119815668202765
0.0
19.688172043010752
13.119815668202765
0.0
0.7476923910658954
0.0
0.0
47.77801838695998
40.0
30.0
49.4064773081425
49.4064773081425
581.4166666666666
35.723260808136416
0.23525335360743913
1431.9898926872597
2.4629323079041305
651.0
222.0
251.0
36343720.0
1.1415048693333358
16.0
1.9579496921201174
255.0
8.49476995099115
236.06758832565285
236.0
220.0
35.0
7.0738964407199365
236.27849432760576
0.14228029057825303
36343720.0
0.553516862867242
99.62062383052425
4.174846059846815
2.010614905408641
2.3448148812771996
0.1890579227957765
0.7562117810274898
0.22722417920897708
0.5374899336181813
0.22431343206693866
0.7748294218280072
0.17646054830965172
0.4367737929263499
1.8493219825173794
-0.23916410183139986
0.623716414406337
0.8881343586807345
0.9774119242548887
0.8883284084902038
0.9440671793403674
0.22176652831765503
0.6433001297208113
1.6131582405069844
0.24585899005911668
93.10130035185631
0.40224211377732405
0.4479008808595718
3.6959532913923234
15.701850205546233
65.92870022041424
4.415595803859079
0.48783173203142327
3.652089512551141
58.51369264872875
0.2489832589409587
0.3552227342549923
7.3060956704632485
0.498281450361641
1.4447717687083674
0.3313131924928837
22.6
0.5022222222222222
0.6488888888888888
3.0
2904.288888888889
11655.044444444444
748.6493827160493
0.7222222222222222
9.355555555555556
0.20790123456790124
0.4573008201082779
1.013876767317577
0.37656175540282105
3.4824667766058868
0.06912442396313365
2695.0044444444443
3.7725216972960642
91.5468509984639
0.14062496313128095
5.245320327229052
360.3394777265745
0.28270343864219294
4.130568356374808
43.1689708141321
188.82181259600614
11.575695511179381
0.353899982932241
0.07203643448902575
0.20935806261971135
0.0472118379446277
