1.0
1.0
1.0
40.0
30.0
1.0
241.9025
163.0
255.0
1.0
1.0
1.0
40.0
30.0
1.0
0.0
0.0
0.0
40.0
30.0
1.0
1055.0
1.0
21.406635071090047
14.516587677725118
0.0
21.406635071090047
14.516587677725118
0.0
0.8330247661557716
0.0
0.0
43.816828143513106
40.0
30.0
49.4064773081425
49.4064773081425
1012.9166666666666
36.50050301793764
0.22344830673700392
2182.844847277084
2.155009310351708
1055.0
241.0
255.0
65931285.0
0.9134529026154297
5.0
8.389145674551859
255.0
4.802073628175463
249.8872037914692
253.0
217.0
38.0
2.408884142241214
249.988217731835
-2.3583347677358084
65931285.0
0.607622470294917
50.494386020080405
7.645054449557818
2.7368163948919118
1.746575452953358
-0.8053267371287297
0.7342981938410609
0.11483561799517933
0.7288797839098675
0.11431908906955948
0.5088760242987184
0.1010013037249108
0.5258892913783327
1.3612976659211409
-0.4429201586978009
0.7284907884818991
0.9428921083577823
0.9885402779970491
0.9429265436194902
0.9714460541788911
0.11386712625964213
0.6963178174963427
1.2449674744052093
0.21228345295906004
76.98587184074232
0.43180543948247957
0.41779467059902964
6.267462179730085
93.54561110993966
790.7173882649051
11.913131829340166
0.2460971374170718
4.483072917703595
21.33692283447772
0.11539104068891115
0.16800947867298577
50.29581147513838
0.26041328966832333
1.0996404003127824
0.11819599223635704
7.857142857142857
0.5612244897959183
0.3724489795918367
2.2142857142857144
47696.07142857143
408619.14285714284
5874.906746031746
0.7757936507936508
3.2857142857142856
0.23469387755102042
0.4786857707631177
0.48468414476047533
0.4771863073787846
2.55665670746282
0.013270142180094787
42017.372448979586
2.7589208311525173
367.3469194312796
0.34819613216235035
3.1299530558612787
641.0417061611374
0.23197502302284315
7.653080568720379
61.74312796208531
495.1431279620853
8.583228014744602
0.15926803580832016
0.027905437460221935
0.15342488512870484
0.01108109059916167
