1.0
1.0
1.0
40.0
30.0
1.0
226.74833333333333
137.0
255.0
1.0
1.0
1.0
40.0
30.0
1.0
0.0
0.0
0.0
40.0
30.0
1.0
926.0
1.0
22.434125269978402
13.128509719222462
0.0
22.434125269978402
13.128509719222462
0.0
0.7310996615152245
0.0
0.0
44.68484082768938
40.0
30.0
47.80167361086848
47.80167361086848
883.0
32.669072003985384
0.2304418233782533
1931.5085011032618
2.1874388460965593
926.0
222.0
253.0
54352854.0
1.4150637587829755
18.0
2.952195349278187
255.0
10.223059304283733
241.9611231101512
247.0
209.0
46.0
7.622764916955592
242.27337164672323
-1.026167264406475
54352854.0
0.3996613316291068
151.20151234553506
5.861911236455826
2.347358974233977
5.330892123479401
-0.8477514588101515
1.557902639409412
0.15086675774435004
0.8229976483828617
0.14911168991006732
0.6072420753747294
0.12772942344131358
0.3191067282350806
2.021799880279103
-0.5232412209489467
0.8697731871850427
0.9256196618283946
0.984994327356378
0.9257366663506802
0.9628098309141974
0.14757600555506992
0.4065452862470986
1.8656020608571966
0.4271923492884406
68.39934171092744
0.3519247771676194
0.5595130096408907
4.4637184898291276
55.058389724122264
365.2504731694431
11.067314082736438
0.43308651516253993
4.474429446790724
30.870275910354284
0.15325693557949083
0.21004319654427644
29.21683869736519
0.35813909538506467
1.133886569904633
0.21377825645005455
5.153846153846154
0.39644970414201186
0.6745562130177515
3.5384615384615383
22650.46153846154
138022.92307692306
4624.952991452991
0.6217948717948718
1.7692307692307692
0.13609467455621302
0.21810144078134952
0.28780056641280816
0.20106202434491913
3.3927474104487807
0.014038876889848811
17576.63905325444
3.493171656085255
278.70410367170626
0.30097635385713417
3.8459851937546943
370.08639308855294
0.4605050170500399
5.801295896328294
57.423326133909285
361.5226781857451
13.063954883609311
0.28203743700503964
0.030234148444995144
0.1334864695518236
0.01385814804694687
