1.0
1.0
1.0
40.0
30.0
1.0
227.33083333333335
146.0
255.0
1.0
1.0
1.0
40.0
30.0
1.0
0.0
0.0
0.0
40.0
30.0
1.0
788.0
1.0
20.80710659898477
12.77284263959391
0.0
20.80710659898477
12.77284263959391
0.0
0.7273089782109621
0.0
0.0
46.1900859190053
40.0
30.0
49.4064773081425
49.4064773081425
734.4166666666666
33.59446419322829
0.2343764999127761
1679.5711628866682
2.2869458702643843
788.0
226.0
255.0
47397928.0
1.2995891954792576
17.0
2.459514892085112
255.0
9.476422994666184
245.002538071066
250.0
220.0
35.0
7.3015223345566795
245.2542656557374
-0.9564439054630719
47397928.0
0.44388221804220673
123.41116107088561
6.6798575174581165
2.535750923389696
3.624590004373312
-1.0326527533052434
1.205867312103949
0.2071756078294936
0.7064901852655887
0.20352743129977263
0.7335481897709594
0.16453948406804894
0.35003531699064194
1.9600073320389244
-0.3707595852933242
0.7628121038680222
0.8986011020030857
0.9794508165953455
0.8988443137717339
0.9493005510015429
0.20033527683626673
0.5194833018280196
1.7452253991343802
0.35326072998336067
85.97374563620608
0.3773398584050207
0.49751661859644225
4.733111466345029
30.370240570003407
240.90957051636218
4.583326646291416
0.37827928532495647
3.8698151808112726
51.49498011125226
0.2225427540671059
0.2880710659898477
17.30755595374134
0.4543830654563527
1.6035181077139118
0.24580641941512274
16.4375
0.513671875
0.3662109375
2.34375
6627.0625
55057.6875
879.9965277777778
0.7335069444444444
8.875
0.27734375
0.5375890475264616
1.0066506513080689
0.45504605835161727
3.246696364505176
0.04060913705583756
6020.671875
3.567395437088399
152.9543147208122
0.19410446030559922
4.8310958798216905
349.7791878172589
0.4086358834291015
6.482233502538071
49.65989847715736
369.71319796954316
8.139241398759166
0.23434856175972926
0.05417114118395996
0.204766207220809
0.03048928601470512
