1.0
1.0
1.0
40.0
30.0
1.0
198.57833333333335
57.0
247.0
1.0
1.0
1.0
40.0
30.0
1.0
0.0
0.0
0.0
40.0
30.0
1.0
1003.0
1.0
19.83050847457627
13.507477567298105
0.0
19.83050847457627
13.507477567298105
0.0
0.8026040875772663
0.0
0.0
44.136729377727754
40.0
30.0
49.4064773081425
49.4064773081425
957.25
35.42431941085591
0.22449804072795934
2092.2897110057506
2.185729653701489
1003.0
196.0
228.0
45934635.0
1.2544525388631487
13.0
4.733390210269438
247.0
9.694197566820973
213.56829511465602
215.0
169.0
78.0
5.65272507052476
214.00290481717633
-1.0557034999496633
45934635.0
0.5379047304745783
185.82659200862022
9.580698827180115
3.059129306090542
5.681770331552276
-0.4227877165689579
1.0734837780677182
0.18378313787749626
0.706976929507158
0.1735042556611311
0.6844746718547621
0.15326279361585915
0.4595556758144428
1.8436860663022347
-0.4010156067740394
0.7742998194576907
0.914275760391071
0.989370619222789
0.9149610192054952
0.965641778274986
0.16451023372181162
0.6593882269393062
1.6520785490675385
0.31431672898630364
68.40340899377632
0.29746146705185006
0.8456182273863417
8.3141144657112
52.35321646008872
500.6172666667454
5.869371018707842
0.23488996501421247
4.443070802820472
49.40087446456543
0.21289000026815552
0.22831505483549352
31.6951342066881
0.4666997182945893
3.008695309261019
0.16730247346063204
10.82857142857143
0.3093877551020408
1.4155102040816325
5.885714285714286
14387.228571428572
132171.88571428572
1588.9045634920635
0.5166666666666666
6.428571428571429
0.1836734693877551
0.4157675433997445
1.3153823322487244
0.32090565069195615
3.894446418405713
0.03489531405782652
13565.996734693877
3.2987255182074766
274.0468594217348
0.2732271778880706
4.873194971416757
539.518444666002
0.37714175519304505
9.539381854436689
56.33200398803589
559.7008973080758
6.143963941508806
0.14018361581920905
0.044912887628372124
0.30007618034658934
0.017890351503778955
