1.0
1.0
1.0
40.0
30.0
1.0
168.75
50.0
231.0
1.0
1.0
1.0
40.0
30.0
1.0
0.0
0.0
0.0
40.0
30.0
1.0
784.0
1.0
19.230867346938776
14.243622448979592
0.0
19.230867346938776
14.243622448979592
0.0
0.8819815649152981
0.0
0.0
39.08602700766095
40.0
30.0
46.14108798023731
46.14108798023731
736.5
34.47315526653841
0.23694577327488808
1664.4994625818508
2.260012848040531
784.0
167.0
222.0
32522461.0
1.4316273222970235
26.0
2.8263293333584594
231.0
16.42560716888796
202.67729591836735
210.0
154.0
77.0
11.684478485808194
203.67309804524243
-1.0015799021342109
32522461.0
0.46875976155768423
404.6445865654936
7.48164057749314
2.6694293440996946
11.116136853065294
-2.7052457439349142
1.7548349950347153
0.33214930474612653
0.6801830126491095
0.29400314833415747
0.9363091913813505
0.2425306402381026
0.38141012122839163
2.2427299569820187
-0.294184031495658
0.722888835072083
0.8568130414741182
0.9811349730692626
0.8593561185682493
0.9424709088802342
0.2606252614736846
0.6015966571969378
1.9149103547861268
0.5217460749452104
78.76512465010549
0.28951228506322907
0.8839926257678892
5.625405809066391
24.763320333220673
209.50310736188067
3.925470866627208
0.40840231539003574
3.7969509388773117
95.78102737826318
0.34392549321093735
0.34630102040816324
15.440140644130786
0.6047750101126609
2.777115253417951
0.2960911325485835
18.347826086956523
0.3988657844990548
1.1266540642722118
4.304347826086956
5721.217391304348
50637.15217391304
712.2744565217391
0.6260567632850241
6.217391304347826
0.13516068052930058
0.3277582576347629
0.6223982723966699
0.29918529403665706
3.9389129780226337
0.058673469387755105
5430.737240075615
3.623929364193698
139.4387755102041
0.17785558100791338
6.467695751770096
367.5076530612245
0.6265992685339442
7.271683673469388
45.275510204081634
379.92474489795916
7.688881802721089
0.2654124149659864
0.06715506993613772
0.3089376195489534
0.03609138180124815
