1.0
1.0
1.0
40.0
30.0
1.0
214.68583333333333
147.0
242.0
1.0
1.0
1.0
40.0
30.0
1.0
0.0
0.0
0.0
40.0
30.0
1.0
977.0
1.0
17.247697031729786
15.313203684749233
0.0
17.247697031729786
15.313203684749233
0.0
0.7782690062651101
0.0
0.0
45.80649680423483
40.0
30.0
49.4064773081425
49.4064773081425
927.9166666666666
35.64977674831779
0.22499491130280097
2044.7995719274363
2.2036456994278613
977.0
212.0
232.0
48187109.0
0.9462595677524618
10.0
2.7720081844090885
242.0
6.177740016280279
221.949846468782
222.0
203.0
39.0
4.507983285952357
222.08445146474142
0.018277047768372707
48187109.0
0.5367851579155793
59.76923487919172
2.0550854562481184
1.371002850441807
0.9578013326021306
0.39194192171051956
0.8175241147948231
0.11584619015460629
0.7517917238226136
0.11584619015460629
0.5137304447854842
0.10189956875985101
0.4314152787654343
1.4585398197956316
-0.46694875827894555
0.7642202491395251
0.9420769049226969
0.9768307619690788
0.9420769049226969
0.9613846032817979
0.11584619015460629
0.5710740544808897
1.3426936296410255
0.23334257623735738
93.93825490388332
0.5182302356106566
0.2408848821946717
2.22380027165293
63.77205916447739
119.55746139717898
49.825708606301994
0.6940499320867675
4.312401741828695
23.76616702317509
0.1260930486179201
0.1857727737973388
31.150208177746748
0.2659983409881341
0.5470322632369888
0.19573986042592043
5.888888888888889
0.654320987654321
0.1728395061728395
3.3333333333333335
48339.88888888889
68081.88888888889
43404.38888888889
0.4166666666666667
1.6666666666666667
0.18518518518518517
0.3353006945359999
1.335993557740862
0.08512747873478442
2.641604167868591
0.009211873080859774
36555.58024691358
3.0542198142295343
310.7154554759468
0.318030148900662
3.1054897232037995
524.4390992835209
0.23160742104221035
2.0931422722620265
59.562947799385874
121.79222108495394
44.00562947799386
0.7267144319344934
0.02540543340236887
0.05919397093725091
0.01695829901864836
