1.0
1.0
1.0
40.0
30.0
1.0
231.38916666666665
109.0
255.0
1.0
1.0
1.0
40.0
30.0
1.0
0.0
0.0
0.0
40.0
30.0
1.0
1178.0
1.0
19.318336162988114
14.239388794567063
0.0
19.318336162988114
14.239388794567063
0.0
0.7358503376572665
0.0
0.0
46.283085504426104
40.0
30.0
49.4064773081425
49.4064773081425
1143.1666666666667
34.057424096252085
0.21902393457674696
2413.9721187614987
2.1116536977065157
1178.0
220.0
245.0
64067932.0
0.8832104081110157
13.0
3.7935384282765248
255.0
7.861818684945565
232.99151103565364
234.0
191.0
64.0
5.506522635125421
233.2102893296863
-0.6990237540152138
64067932.0
0.6602382098518107
101.99483455887652
8.18459939505816
2.8414678798363027
1.6890198772198126
-0.4829999971416088
0.5973657865667051
0.1547428242877667
0.5884186996850673
0.15250003046632493
0.619041129903028
0.13091130919546234
0.5465955028765934
1.4642917992911804
-0.2916361201652447
0.6213964340772367
0.9239742641489818
0.9909370596387451
0.9241237837370778
0.969574753700783
0.15053758587256338
0.7252594075219152
1.3039659500392267
0.18802715271361797
93.44860037009097
0.417824194466418
0.4411618685199943
7.536241788011751
67.13183942221515
587.0419623611077
8.011244293875105
0.18168244711782836
4.553295578419521
30.41231485935159
0.13330326356477235
0.18909168081494057
36.43292614033998
0.3267311874429125
2.313491269883488
0.07904086669422108
8.23076923076923
0.3165680473372781
1.25
7.5
32618.46153846154
291714.6923076923
3677.9441773504273
0.3258547008547008
4.846153846153846
0.1863905325443787
0.42435406966809125
3.5864250001336373
0.1915001736980527
3.79237662297044
0.022071307300509338
30565.67455621302
2.9293851972449287
347.60950764006793
0.2950844716808726
3.548649404331245
777.760611205433
0.19694109033468715
8.264855687606111
59.607809847198645
507.13921901528016
7.533395821543105
0.13876509149217128
0.032756264621487154
0.2619750628117058
0.007941837067138805
