1.0
1.0
1.0
40.0
30.0
1.0
205.33083333333335
135.0
239.0
1.0
1.0
1.0
40.0
30.0
1.0
0.0
0.0
0.0
40.0
30.0
1.0
652.0
3.0
19.354294478527606
10.06441717791411
0.0
19.354294478527606
10.06441717791411
0.0
0.5616483771612217
0.0
0.0
46.26028145204726
40.0
30.0
49.4064773081425
49.4064773081425
610.75
25.98201200456371
0.2524131812746801
1379.1592326627774
2.258140372759357
652.0
209.0
231.0
32253994.0
0.9991785575281948
11.0
2.509228369539508
239.0
6.8273175505288135
222.25766871165644
224.0
204.0
35.0
4.870682993197275
222.41698665102052
-0.5887252656561454
32253994.0
0.5005692724603862
70.84464977981861
2.4705113854807292
1.513591471545557
0.860398966191622
-0.042059396891393985
0.8585979225749433
0.1405260583118832
0.7186729783684244
0.1405260583118832
0.5817673361839457
0.12013399516945858
0.38030401438712824
1.5810172892709127
-0.41795622942306454
0.7489635109560281
0.9297369708440584
0.9718947883376233
0.9297369708440584
0.9531579805627055
0.1405260583118832
0.4433284423896154
1.44049123095903
0.2497809952217066
78.72032328136979
0.5331671508598244
0.2334164245700878
2.114625926399182
37.308110252150954
108.54920963242185
19.49783540708323
0.7213435184002045
4.000399390450081
20.74454542550473
0.13521681598116447
0.22661042944785278
15.47558077120658
0.2797222352443948
0.5826909686906476
0.2039800518828316
4.555555555555555
0.5061728395061729
0.24691358024691357
2.3333333333333335
16249.777777777777
37927.444444444445
10830.361111111111
0.6666666666666666
1.2222222222222223
0.13580246913580246
0.2514873301107729
0.25582640255040945
0.25040256200086375
2.947702779220087
0.013803680981595092
11001.58024691358
3.3807128151983683
151.40184049079755
0.23221141179570176
3.3698953667808347
326.37116564417175
0.2497153637698069
2.4493865030674846
55.02453987730061
143.51073619631902
32.90299079754601
0.6376533742331288
0.029061733660176177
0.06328720610034516
0.020505365550133936
