1.0
1.0
1.0
40.0
30.0
1.0
206.42583333333334
68.0
255.0
1.0
1.0
1.0
40.0
30.0
1.0
0.0
0.0
0.0
40.0
30.0
1.0
960.0
1.0
18.830208333333335
14.096875
0.0
18.830208333333335
14.096875
0.0
0.659566776268804
0.0
0.0
49.934111746838234
40.0
30.0
49.4064773081425
49.4064773081425
905.8333333333334
32.93488111070831
0.22353379345468938
2025.3797717031343
2.2359298307670294
960.0
196.9
240.0
47446110.0
1.5438806264901461
21.0
2.634718922450932
255.0
12.81333333333333
221.73541666666668
225.0
184.0
71.0
8.924520818236438
222.31291291780602
-0.5019831766067625
47446110.0
0.3854535590277778
256.4362456597222
6.451886299099777
2.471557681782408
7.464382760566111
-1.1318818719092172
1.6759078807088432
0.3038636234427826
0.6914394274645664
0.2898824719050441
0.8919689618950141
0.21592992665625374
0.25360552303627354
2.4896094880601884
-0.31440736015736775
0.7656208737012279
0.8564568792012518
0.9823723954128553
0.8573889559704343
0.9424895440035825
0.2776489643095229
0.42263834358330826
2.165448769053955
0.49494287603790643
110.10080630022436
0.3305740861961425
0.6594254512907849
5.3173549970823055
18.058308522103406
127.37881196230276
3.8019566486802785
0.37028936487718994
4.078459606727172
87.71318795585093
0.25163699728221695
0.34661458333333334
8.36787388698394
0.49859324614457845
2.157719181693739
0.23263680654467803
12.030303030303031
0.36455463728191
0.7897153351698807
3.878787878787879
7833.515151515152
63990.333333333336
1116.7569444444443
0.5854377104377104
4.2727272727272725
0.12947658402203857
0.32515492934294354
1.0413109378963081
0.25045883899531
4.145864287406833
0.034375
6987.234159779614
4.1755643901822985
147.4125
0.1535546875
4.8630164930555555
370.03541666666666
0.548410373263889
6.363541666666666
43.639583333333334
310.878125
8.988621238425926
0.273951099537037
0.052496911939930294
0.24770551526937934
0.024588683203208835
