1.0
1.0
1.0
40.0
30.0
1.0
113.00666666666666
18.0
230.0
1.0
1.0
1.0
40.0
30.0
1.0
0.0
0.0
0.0
40.0
30.0
1.0
488.0
2.0
24.08606557377049
9.467213114754099
0.0
24.08606557377049
9.467213114754099
0.0
0.8155511714392941
0.0
0.0
38.28765536360738
40.0
30.0
43.08131845707603
43.08131845707603
447.0833333333333
31.22554218345397
0.26871290781986046
1052.2556089799507
2.353600616544158
488.0
136.7
211.0
15768610.0
2.0939229361470835
45.0
2.0010767552938518
230.0
23.157736495565707
177.70081967213116
181.0
124.0
106.0
18.10292715607204
179.75740710701206
-0.2608164950268141
15768610.0
0.24746371943026071
735.1440976887934
15.301948111628064
3.8097112219377527
28.56791548930803
-1.6730227048815034
3.781500863528378
0.6320874797331171
0.7129494072718787
0.5115893026923939
1.225531930169106
0.36223958544258134
0.11411439368123785
3.5041365294009434
-0.2704298301828083
0.8079689758261479
0.7562551663578755
0.9834624603575881
0.7635298830149593
0.9290314482460695
0.4133169630460544
0.21211002765540804
2.8340274844157616
1.1033970858153737
62.98477525645969
0.24526351465601512
1.236528718704346
12.473127731873777
5.817200013840379
97.01138888792808
0.5129423936749845
0.1345023302612699
3.7857883405445643
99.2124380005479
0.3773189092115893
0.5261270491803279
2.0324884592302985
0.6258772005902073
6.534083188944413
0.10087829742797183
10.955555555555556
0.24345679012345678
1.5476543209876543
10.022222222222222
443.68888888888887
8566.111111111111
28.995845679012348
0.22241975308641976
4.822222222222222
0.10716049382716049
0.2810688012984663
2.0715273813041892
0.12090675956676356
4.808411151837143
0.09221311475409837
326.0869135802469
4.612451688147393
70.26229508196721
0.14398011287288362
3.907131819403386
120.76229508196721
1.2333000201558721
14.612704918032787
26.860655737704917
481.75204918032784
2.0149425091074677
0.10942224499089252
0.09105621848010607
0.9327091455320744
0.019795429901762997
