1.0
1.0
1.0
40.0
30.0
1.0
161.83916666666667
54.0
255.0
1.0
1.0
1.0
40.0
30.0
1.0
0.0
0.0
0.0
40.0
30.0
1.0
660.0
6.0
24.006060606060608
16.83939393939394
0.0
24.006060606060608
16.83939393939394
0.0
0.7142308442815565
0.0
0.0
49.09495218635667
40.0
30.0
49.4064773081425
49.4064773081425
606.9166666666666
35.06512915002417
0.24498516435185383
1415.0237036859369
2.3314958731609563
660.0
166.0
234.10000000000002
27452776.0
2.059687690647178
42.0
1.9895266302324708
255.0
21.65080808080808
202.36666666666667
200.5
158.0
97.0
16.864385902456387
203.948805222083
0.02136400082664914
27452776.0
0.25414600550964184
642.8473737373738
8.242697056628275
2.722523859333471
28.015165895075008
0.3842769918895012
3.700819636678413
0.3796858435201452
0.8127849727801482
0.35581072385202483
0.9839635422931122
0.247104056431353
0.140405437108638
3.196009364855602
-0.40157946887718987
0.8883460015101869
0.8244821500407995
0.9855866860158149
0.826073824685341
0.9412666679215225
0.3349199941424195
0.23867423785417657
2.7836867587842167
1.0201263700496397
69.09447512001482
0.24660290343806177
1.2630940251376002
7.22993114343439
10.275789025526954
84.88523032143816
2.364525683850261
0.3678329554514535
4.128604094813872
85.91117805293433
0.2940253584111734
0.4257575757575757
4.2121835240259715
0.5343797622687184
3.175027811191855
0.2477414417950875
12.444444444444445
0.345679012345679
1.4969135802469136
5.277777777777778
1247.4444444444443
11729.583333333334
224.5472299382716
0.5992515432098765
3.6666666666666665
0.10185185185185185
0.2632133845880365
0.7167533265001933
0.20293803305293098
4.350209029099889
0.05454545454545454
911.3333333333334
4.823347501692985
88.89696969696969
0.13469237832874195
4.295720844811754
167.73636363636365
1.1394191919191918
7.986363636363636
35.587878787878786
304.81363636363636
7.756768097643097
0.28907702020202025
0.06409032979072662
0.3761818200905503
0.031045465987309156
