1.0
1.0
1.0
40.0
30.0
1.0
198.74666666666667
50.0
255.0
1.0
1.0
1.0
40.0
30.0
1.0
0.0
0.0
0.0
40.0
30.0
1.0
954.0
3.0
22.154088050314467
16.50733752620545
0.0
22.154088050314467
16.50733752620545
0.0
0.6759885460712823
0.0
0.0
46.10937594352812
40.0
30.0
49.4064773081425
49.4064773081425
914.0
31.169410004319733
0.23068009678061607
1974.4135827018065
2.1601899154286723
954.0
193.0
251.0
48533915.0
1.9072435152658849
34.0
2.4279313052425886
255.0
18.257030971876112
224.5062893081761
229.0
164.0
91.0
14.12759597333874
225.55293112248728
-0.5647081080805046
48533915.0
0.30701800649587524
471.05079901902616
13.298090853968223
3.5520481406966504
21.891166309599694
-1.790534232177669
3.023016484282674
0.2989614176548649
0.8197869400139169
0.28312135422864887
0.8908352535923534
0.21595350877300237
0.1930606432622256
2.91406115071976
-0.4364696439005801
0.8926233826639103
0.860023329228297
0.9886275321864273
0.8610793334567115
0.9531902519958495
0.2692612987307098
0.3624153219408684
2.591939939456603
0.8304944754843846
78.63767971816858
0.25647346970364887
1.1338241882836722
12.032753771279552
20.409882618670594
290.8002456914834
1.8949821608786286
0.15638777635399367
4.601194632968318
66.79497559359785
0.21018697596523284
0.32101677148846963
9.703680222386382
0.41538573586480326
4.468484074819642
0.09345779747668723
8.72972972972973
0.23593864134404674
2.0832724616508402
8.675675675675675
5856.0
85497.8918918919
453.03058558558564
0.39683183183183185
6.1891891891891895
0.1672753834915997
0.39491473655476567
1.6042893993602372
0.278630161623112
4.1273155273233275
0.03878406708595388
5191.196493791088
4.570032461126565
149.57023060796647
0.15678221237732334
4.130053751389933
292.895178197065
0.8850344351709014
13.230607966457024
45.498951781970646
636.8448637316562
4.29559748427673
0.11616061029583043
0.04907812505777216
0.47726204770672925
0.015620154310065963
