1.0
1.0
1.0
40.0
30.0
1.0
141.34666666666666
43.0
242.0
1.0
1.0
1.0
40.0
30.0
1.0
0.0
0.0
0.0
40.0
30.0
1.0
608.0
2.0
22.04111842105263
15.151315789473685
0.0
22.04111842105263
15.151315789473685
0.0
0.7077705412114281
0.0
0.0
46.81240011308349
40.0
30.0
49.4064773081425
49.4064773081425
546.6666666666666
33.13243776344302
0.24241047013226424
1333.7706186328178
2.439824302377106
608.0
154.0
216.0
22295075.0
1.9110252985662952
37.5
2.1307852403266385
242.0
19.982448926592795
190.05098684210526
196.0
141.0
101.0
15.582090666622424
191.4929013044609
-0.387168283141031
22295075.0
0.2989850242382272
550.1536503419321
11.192001752102136
3.261709568093717
17.47992444055231
-2.0069884224397136
2.741809132723045
0.5317084666809425
0.674329133394587
0.4270611809843067
1.1602858488555259
0.34425709934631993
0.18183050038240467
3.0871764186254276
-0.2862253012817827
0.7918823882567598
0.7969341380775102
0.9804173002056714
0.8036518246187767
0.9312962528878801
0.3379390204004864
0.35645411016976464
2.524895644253525
0.8183793998509967
76.18272983035759
0.26348701848443434
1.0435640674115583
8.258822952992473
9.691630184317109
128.45904386176812
1.0278307095126453
0.26021934160883137
3.7275667524388245
118.0193062168681
0.40093019689442044
0.475328947368421
4.960037197960471
0.6546054978836655
4.361204213772111
0.21661433989447515
22.884057971014492
0.33165301407267384
1.2266330602814537
4.942028985507246
829.4492753623189
12406.884057971014
62.75460144927536
0.5737238325281803
18.27536231884058
0.26486032346145766
0.5289228984507761
1.1763392453776422
0.46239030545645826
3.6633578934073983
0.11348684210526316
751.8050829657635
4.3911154489321715
80.34868421052632
0.13215244113573407
6.148545706371191
181.7828947368421
0.9638996494113574
10.616776315789474
33.161184210526315
441.6891447368421
3.158230537280702
0.17693941885964912
0.1185424231979585
0.6340455237589676
0.06324632293899511
