1.0
1.0
1.0
40.0
30.0
1.0
169.23916666666668
26.0
255.0
1.0
1.0
1.0
40.0
30.0
1.0
0.0
0.0
0.0
40.0
30.0
1.0
678.0
3.0
25.249262536873157
13.451327433628318
0.0
25.249262536873157
13.451327433628318
0.0
0.7650583339170677
0.0
0.0
41.836525474231394
40.0
30.0
49.4064773081425
49.4064773081425
636.0
32.00738247619443
0.24996128723490177
1430.812687123917
2.2497054828992407
678.0
180.0
252.30000000000007
34422765.0
2.118779557706363
45.0
2.2495777692383587
255.0
23.079371916359936
223.68879056047197
232.0
162.0
93.0
18.015625
225.32429922893104
-0.7036615413420866
34422765.0
0.25669372873539215
734.3648006021529
13.853877152610345
3.584770472368247
43.87649093551202
-4.495819543163849
4.387826867833397
0.37497104254655744
0.8423917041012241
0.33845764364513703
0.9939470844985963
0.25702522678732487
0.15028846970909138
3.2303034970225326
-0.4261422161396426
0.905272742133175
0.8344225180675735
0.9858828028944999
0.836751348370951
0.9444522310598883
0.3075038290124276
0.2982929463121182
2.821169506529474
1.1906994775949884
57.6771622770782
0.21969146556920185
1.6230552373781333
11.664907137092248
12.66450918829591
192.9124353816468
1.3734083069553162
0.2297597975575649
4.434686291951177
69.48861494182192
0.25976196462807266
0.3860619469026549
5.557274042634475
0.49703162443695487
4.7138866001626845
0.16616737656981884
10.707317073170731
0.2611540749553837
2.1998810232004757
8.268292682926829
1898.9268292682927
28843.268292682926
167.76033875338751
0.48027777777777775
7.341463414634147
0.17906008328375966
0.41205722807240136
2.4307799971405366
0.24469968110600457
4.314749870418967
0.06047197640117994
1625.4681737061276
4.858689572575486
92.34808259587021
0.13620661149833363
4.540841099537944
174.03834808259586
1.3502928098432836
13.610619469026549
39.48672566371681
599.4867256637168
3.9962241887905607
0.15502458210422812
0.06771649369077906
0.6240739049908176
0.02589516780304189
