1.0
1.0
1.0
40.0
30.0
1.0
223.6325
127.0
255.0
1.0
1.0
1.0
40.0
30.0
1.0
0.0
0.0
0.0
40.0
30.0
1.0
902.0
1.0
19.738359201773836
15.109756097560975
0.0
19.738359201773836
15.109756097560975
0.0
0.7548873158762756
0.0
0.0
46.23999944620236
40.0
30.0
49.4064773081425
49.4064773081425
852.4166666666666
34.905989068064166
0.2278388162179782
1908.2020761378994
2.2385790315431415
902.0
219.0
253.89999999999998
50111144.0
1.3824526647302469
21.0
1.890224264077691
255.0
10.675925880403735
235.37250554323725
235.0
212.0
43.0
8.436372516101462
235.7023377434733
-0.001036823388928056
50111144.0
0.43360406291021186
155.37565203710895
4.301066044330138
2.006830257257274
4.610482589475678
0.14434151696906003
1.316908802546036
0.222228708615206
0.7112292492382746
0.21911880037908518
0.7622225483910887
0.17282065211681172
0.30853906612992754
2.192622720715332
-0.3711453224925857
0.7898803187141359
0.8907515906340695
0.9779206633647618
0.8909589178498108
0.9453757953170346
0.2163976306724795
0.5071361843198707
1.9619381342730553
0.3847843777903105
99.06776072665033
0.381228223857285
0.49613051194165814
3.6128321079861516
24.95955138678181
114.71017086785702
7.70762305878641
0.5230164017150538
4.1226712575983395
54.01159411833353
0.2034940281901691
0.2882483370288248
12.035261990044352
0.442961640976756
1.2978559102894214
0.29615896210286774
16.310344827586206
0.5624256837098692
0.5184304399524375
2.5172413793103448
9363.379310344828
39182.379310344826
2480.5450191570885
0.7739463601532567
3.4827586206896552
0.12009512485136742
0.3172030520416862
0.3290321809175692
0.3154488153501467
3.6595365985012402
0.03215077605321508
8395.9548156956
3.976005437807384
164.00443458980044
0.18182309821485637
4.689077241508154
391.1108647450111
0.40758526260932837
4.253880266075388
49.49889135254989
227.32926829268294
16.04770263611727
0.39224562700172455
0.04498797079807532
0.13643307801481439
0.028645802132159243
