1.0
1.0
1.0
40.0
30.0
1.0
236.15416666666667
149.0
255.0
1.0
1.0
1.0
40.0
30.0
1.0
0.0
0.0
0.0
40.0
30.0
1.0
921.0
1.0
19.136807817589577
13.554831704668839
0.0
19.136807817589577
13.554831704668839
0.0
0.7312365192109943
0.0
0.0
48.404073010927625
40.0
30.0
48.25971404805462
48.25971404805462
861.6666666666666
35.394825864145545
0.22321753567930644
1961.772656970362
2.27671875083601
921.0
232.0
255.0
54786654.0
0.8950321201800358
15.0
1.8408941171565056
255.0
7.204235588706512
243.75244299674267
244.0
228.0
27.0
6.311200874220252
243.89762630510336
-0.19170205946906904
54786654.0
0.5709757014810649
70.79865038355845
1.909908436576413
1.3295232506618149
0.9260329012585151
0.44247336194780107
0.7263658686025249
0.1573226308180636
0.6444352531833459
0.1573226308180636
0.6200087445557906
0.13105292752409248
0.4271028227656133
1.5175085423800017
-0.34077985620667817
0.6716006967524037
0.9213386845909682
0.9685354738363873
0.9213386845909682
0.9475591230606456
0.1573226308180636
0.5918154339291533
1.3601859115619384
0.22092212485514717
122.64104564951164
0.5429559927317467
0.22852200363412667
2.0604264446830713
30.926001000340513
55.95824546105652
24.667939885161513
0.7348933888292322
4.059612988115227
34.83621517115802
0.1457023185362009
0.24538545059717695
12.240846652766697
0.31150432185006255
0.650329845978833
0.22679794081786997
9.181818181818182
0.8347107438016529
0.08264462809917356
3.727272727272727
38511.181818181816
44420.36363636364
37033.88636363636
0.3181818181818182
1.0
0.09090909090909091
0.040430327877632004
0.16172063301021275
0.010107751594486819
3.4594316186372938
0.011943539630836048
31500.92561983471
3.409357171083399
193.35613463626493
0.20994151426304553
3.510037831229568
525.8686210640608
0.21451214925946754
1.9348534201954397
53.02823018458198
99.49402823018458
41.411780673181326
0.7662866449511401
0.028175483025477854
0.05885701028108996
0.02050510121157483
