1.0
1.0
1.0
40.0
30.0
1.0
200.67083333333332
97.0
241.0
1.0
1.0
1.0
40.0
30.0
1.0
0.0
0.0
0.0
40.0
30.0
1.0
879.0
1.0
20.594994311717862
14.436860068259385
0.0
20.594994311717862
14.436860068259385
0.0
0.6950983536613682
0.0
0.0
50.59767952000979
40.0
30.0
49.4064773081425
49.4064773081425
833.0
35.17036373344433
0.23172942960838497
1847.5644597748746
2.2179645375448676
879.0
201.0
234.0
42868266.0
1.34453513706431
16.0
3.2027110430604844
241.0
10.192896830481427
220.4641638225256
224.0
184.0
57.0
7.078529204087229
220.8378553640085
-0.9389193332425425
42868266.0
0.4232767870201038
164.9108318093396
6.202137921797403
2.4415933742142086
3.2229144036113517
-0.636678212227909
1.2181387236614731
0.2556840557618512
0.6527118208828429
0.24620514887032574
0.8238912900245917
0.1935322790492898
0.2949243029608619
2.1400925622644844
-0.31031446486032904
0.7310056030881469
0.8778453162539896
0.9748690824341929
0.8784772433800914
0.9389226581269948
0.23791110534024093
0.4197978442715836
1.8659950123928186
0.3684556948558311
97.29076113858723
0.3621350972759791
0.5310961017012359
4.812399091125799
24.178257620804203
167.85984839866828
4.459770833218038
0.3845916259865535
3.935261656770551
63.14455551722632
0.23042280045036828
0.30489192263936293
12.63358274518677
0.4730752765969528
1.6239654095124876
0.2650397094080428
15.457142857142857
0.4416326530612245
0.5877551020408163
3.057142857142857
4701.457142857143
31334.485714285714
842.7555555555556
0.6761904761904762
4.714285714285714
0.1346938775510204
0.3275805592363621
0.731939742275935
0.2690411266201753
3.9316788180622844
0.03981797497155859
4070.729795918368
3.8331739617994542
151.7622298065984
0.17265327623048737
4.899310287701533
372.0602957906712
0.4171924606641377
6.1194539249146755
47.94425483503982
328.86803185438
8.670206042219695
0.25104285172544555
0.04983765232170481
0.1998468024444852
0.026077914098452108
