1.0
1.0
1.0
40.0
30.0
1.0
220.5325
140.0
255.0
1.0
1.0
1.0
40.0
30.0
1.0
0.0
0.0
0.0
40.0
30.0
1.0
848.0
1.0
22.81132075471698
14.810141509433961
0.0
22.81132075471698
14.810141509433961
0.0
0.8110693343402475
0.0
0.0
43.4614402192107
40.0
30.0
45.17742799230607
45.17742799230607
800.4166666666666
35.25024138806369
0.23250372524902663
1793.0743206965635
2.2401761424631714
848.0
217.0
255.0
48061177.0
1.5055194650237214
28.0
1.8279131014738454
255.0
12.24398418031328
237.64976415094338
237.0
209.0
46.0
10.951324196622728
238.0670415525528
-0.22165641144741283
48061177.0
0.37036923727305093
198.50587258588465
4.99058821674621
2.1476965782797883
5.925736633727039
-0.18316893407114032
1.7271609589853514
0.21543729426597255
0.7782489958513786
0.21344172807054518
0.7496065687027245
0.16869446858123735
0.2590649766222039
2.2859924887652254
-0.4509979711071336
0.8552489599315243
0.89347869258427
0.9785483736285763
0.8936117303306318
0.946739346292135
0.21169560764954623
0.38675636830239735
2.0646794664554924
0.48564956331283105
91.92066087986836
0.3819825426657583
0.49509478055220324
3.618146125221776
26.96223094687805
166.382532208703
6.702090804543464
0.5219969776555297
4.067011293480647
47.57863331407438
0.19200948243536817
0.28390330188679247
13.342555861829585
0.4073560113011838
1.0985033385047194
0.2782269693648405
6.777777777777778
0.3765432098765432
0.728395061728395
3.888888888888889
8873.888888888889
50331.944444444445
2190.239197530864
0.5864197530864197
1.4444444444444444
0.08024691358024691
0.21001545157921753
0.39442758027293906
0.18693247865426676
3.9057645846554476
0.02122641509433962
6654.432098765432
3.926356917097938
156.89150943396226
0.1850135724457102
4.2825683072267715
314.0731132075472
0.5104671925062301
4.911556603773585
49.55896226415094
280.8054245283019
13.835921121593291
0.36540225366876306
0.03711925329618221
0.13350783448643258
0.020892881536119085
