1.0
1.0
1.0
40.0
30.0
1.0
243.19083333333333
218.0
255.0
1.0
1.0
1.0
40.0
30.0
1.0
0.0
0.0
0.0
40.0
30.0
1.0
588.0
10.0
17.82312925170068
13.44047619047619
0.0
17.82312925170068
13.44047619047619
0.0
0.7490725275059036
0.0
0.0
45.6045901096735
40.0
30.0
46.647615158762406
46.647615158762406
510.6666666666667
34.161145579323865
0.23495831810996298
1314.9774543774981
2.575021124760114
588.0
245.0
255.0
36916865.0
0.9852281360342509
8.0
1.5564244353889773
255.0
3.573736637512148
250.53571428571428
251.0
244.0
11.0
3.3014113880264295
250.56692521880345
-0.23605724036566347
36916865.0
0.510204081632653
15.639880952380954
2.865823632851108
1.662629617427191
0.7752272227816419
-0.34009428595648905
0.6494084461013658
0.2441304388609285
0.4522089920550378
0.2441304388609285
0.7983135082776156
0.1836292066693735
0.36960135084947937
1.6922711504391987
-0.16336679822626293
0.5010728344395547
0.8779347805695359
0.9511739122278142
0.8779347805695359
0.918623187046357
0.2441304388609285
0.5405643979967266
1.4481407115782705
0.2233847212405736
127.76388288556228
0.5407073814420951
0.22964630927895247
2.074701100426291
11.725618039721093
38.715565992531644
4.9781310515184565
0.7313247248934273
3.0341557357676847
71.36643253692873
0.29542686123889933
0.4026360544217687
5.202570313062386
0.5476156829106867
0.8696633024835468
0.4671037780174717
25.878048780487806
0.6311719214753123
0.18441403926234387
1.7317073170731707
848.4878048780488
2848.243902439024
348.5487804878049
0.8170731707317073
5.341463414634147
0.13027959547888163
0.3267118124741202
0.43847128803952284
0.2987719435827697
3.925136005759526
0.06972789115646258
642.8102320047591
3.6777569129275176
79.74489795918367
0.13562057476051645
5.434113101022722
300.0
0.24489795918367346
2.7142857142857144
38.82993197278912
128.6768707482993
16.368197278911566
0.5714285714285714
0.07211537855883093
0.12908066935201895
0.057874055860533936
