1.0
1.0
1.0
40.0
30.0
1.0
200.4525
109.0
253.0
1.0
1.0
1.0
40.0
30.0
1.0
0.0
0.0
0.0
40.0
30.0
1.0
787.0
4.0
14.010165184243965
12.179161372299873
0.0
14.010165184243965
12.179161372299873
0.0
0.7294705511461683
0.0
0.0
40.237684679298674
40.0
30.0
49.4064773081425
49.4064773081425
749.3333333333334
29.35220601985374
0.2438019009985101
1636.428639770926
2.1838460495163603
787.0
204.60000000000002
242.0
40678300.0
1.2842457846180488
14.0
3.4993109114648195
253.0
10.326160979965092
226.92757306226176
229.0
189.0
64.0
6.392359998397693
227.34951457812096
-0.8545933215359262
40678300.0
0.5028746998961846
191.67836297909645
7.50411881366928
2.696316914061425
4.976175665606036
-1.254000602052359
1.1355462382045962
0.19976923656798223
0.6999452811149305
0.19285645616819158
0.7203285539846255
0.16171248380610698
0.4137044605199691
1.931634686799816
-0.3561780119726504
0.7481147107055395
0.9042630499558832
0.9883708586795268
0.9047239019825359
0.961659134779688
0.18680777331837478
0.6125789606650932
1.7198373296230591
0.33382886869314465
62.98545212275715
0.32046133011997724
0.7149622472554631
6.01087933813004
36.82514163158789
306.9088750930989
5.144552198567517
0.3310665780772266
4.31602363545682
39.069331336096496
0.1934856858967931
0.24904701397712836
19.64849813036887
0.4289228213548643
2.071654336185139
0.20946429609763537
9.592592592592593
0.355281207133059
1.0315500685871057
4.7407407407407405
10495.444444444445
91883.0
1252.7453703703704
0.522633744855967
4.2592592592592595
0.15775034293552812
0.36313578618389997
1.1003596573975325
0.24310374937394108
3.9265716511782673
0.03430749682337993
9645.82990397805
3.5396029471533206
170.5146124523507
0.21666405648329187
4.65813755612567
395.7623888182973
0.4063522714246274
7.411689961880559
53.76493011435832
431.83608640406607
7.962286460539319
0.20129182549767047
0.043485954561127
0.23442317813755462
0.018642256309260495
