1.0
1.0
1.0
40.0
30.0
1.0
230.98416666666665
121.0
255.0
1.0
1.0
1.0
40.0
30.0
1.0
0.0
0.0
0.0
40.0
30.0
1.0
1119.0
2.0
20.621983914209114
13.848078641644324
0.0
20.621983914209114
13.848078641644324
0.0
0.7478893673988064
0.0
0.0
44.87740821957542
40.0
30.0
49.4064773081425
49.4064773081425
1079.3333333333333
33.563336443836256
0.2208921222004093
2303.6029355478195
2.134283139791062
1119.0
225.0
246.0
61767890.0
0.6431677339182805
10.0
3.3842823239559943
255.0
6.425323900041607
234.80250223413762
235.0
207.0
48.0
4.627058670152441
234.94507182298008
-0.2214445086846576
61767890.0
0.7800809959741598
66.9717184930692
3.9270588205096986
1.9691143617901488
0.9008356903145749
-0.09048633129419782
0.3202032832732755
0.12164554123171847
0.4478716656203336
0.12164554123171847
0.5299976828040043
0.10624856233776792
0.690907358602904
1.0907696669571731
-0.20901033877883468
0.4584805212056686
0.9391772293841407
0.9878354458768281
0.9391772293841407
0.9695886146920705
0.12164554123171847
0.8277530854191775
0.9691241257254554
0.11046220612624853
81.28439547539514
0.4296432426601245
0.40384913283474655
3.7043886659746343
85.63157506942504
341.8442245245605
22.201467674028997
0.4652493705352456
4.380852495957943
27.792590762699458
0.14042991835089536
0.16867739052725647
45.95611497680676
0.33642363311438855
1.065030617649313
0.23018351111168758
14.793103448275861
0.5101070154577884
0.7871581450653984
3.413793103448276
32310.862068965518
129168.06896551725
8110.085249042146
0.7030651340996169
3.8275862068965516
0.13198573127229488
0.2584937494522823
0.691617971736207
0.2103126962183847
3.77143702946112
0.025915996425379804
30821.966706302017
2.4798630329882774
373.4289544235925
0.33371667061983246
3.4873790191516907
872.9106344950849
0.11954053831735696
3.942806076854334
62.01876675603217
247.86595174262735
16.55488531426869
0.3069953331347433
0.029698326687773047
0.1022530565862197
0.015396001753636358
