1.0
1.0
1.0
40.0
30.0
1.0
181.27083333333334
80.0
248.0
1.0
1.0
1.0
40.0
30.0
1.0
0.0
0.0
0.0
40.0
30.0
1.0
641.0
2.0
24.946957878315132
13.870514820592824
0.0
24.946957878315132
13.870514820592824
0.0
0.7440534406807859
0.0
0.0
47.769415917743274
40.0
30.0
49.4064773081425
49.4064773081425
588.5833333333334
35.542998272908385
0.24637154371722378
1378.580781829899
2.342201526540958
641.0
192.0
240.0
31591327.0
1.4319257435966308
25.0
2.5541865920759785
248.0
14.547194929918883
221.29953198127924
226.0
179.0
69.0
10.733590733590738
222.00099436187196
-0.7758620905703948
31591327.0
0.40218214032773475
310.9586425266683
6.3748470610350685
2.455257596891535
6.607432820096745
-1.703929787339663
1.626215586930009
0.2412299811720201
0.7405026167932267
0.22925755970584866
0.8001951135943957
0.18768581582500785
0.30909514256046394
2.1837416710310613
-0.37161030685554963
0.7900906231416343
0.8865684622936928
0.9764295751812367
0.887366623724771
0.9432842311468465
0.21878169092294866
0.494695177593511
1.9243335769710206
0.46686139202550725
70.33374742718172
0.3396056556787709
0.6073499975047283
4.539859423427691
22.318205010937284
171.02825640449657
4.043552909540206
0.4441244046716958
3.909546955334399
52.00556735690057
0.2448085596731904
0.3233229329173166
12.105362273530226
0.49166429615330043
1.5924729643932878
0.2847459658119356
8.818181818181818
0.40082644628099173
0.5041322314049587
3.1818181818181817
5185.681818181818
43014.045454545456
732.8333333333334
0.6060606060606061
2.3636363636363638
0.10743801652892562
0.20079723103557398
0.6046095629042155
0.11257527221496745
4.06148218672077
0.0343213728549142
4336.754132231405
3.831226443041251
116.93759750390015
0.1824299493040564
5.025654629929347
257.798751950078
0.5481635802093551
6.16380655226209
46.15756630265211
333.3276131045242
9.244583116658
0.29493846420523484
0.04719444577102811
0.19721349035367308
0.02301776354091453
