1.0
1.0
1.0
40.0
30.0
1.0
234.04583333333332
168.0
255.0
1.0
1.0
1.0
40.0
30.0
1.0
0.0
0.0
0.0
40.0
30.0
1.0
789.0
3.0
21.376425855513308
14.869455006337136
0.0
21.376425855513308
14.869455006337136
0.0
0.7993502834787775
0.0
0.0
44.84489272605152
40.0
30.0
49.4064773081425
49.4064773081425
733.75
35.84677771314465
0.23388579825875733
1682.0762625691968
2.2924378365508646
789.0
235.0
255.0
48015367.0
0.9787774734455343
13.0
2.3732632001722638
255.0
6.259512530500979
246.5766793409379
248.0
229.0
26.0
5.170956153350765
246.69004530734293
-0.6219310746085678
48015367.0
0.5146380604027816
55.91965893520058
2.2571150082103064
1.4442464477682044
0.8623989857417445
0.17057960011951928
0.8362116166327126
0.1512486701886151
0.6938081177297087
0.1512486701886151
0.6070823413489432
0.12728449760101307
0.3789853589883231
1.5964519444968828
-0.38906860513574215
0.7273029409951015
0.9243756649056925
0.969750265962277
0.9243756649056925
0.9495837766037949
0.1512486701886151
0.48012921713748774
1.445203274308268
0.24686507170533192
105.43224302159068
0.5434008150134466
0.2282995924932767
2.0585054907666365
29.397292777815842
70.32426476060155
19.165549782119417
0.7353736273083409
4.023675364145672
28.05397928411969
0.1392116116712621
0.24619771863117867
11.028409935622165
0.29115011798717266
0.5418355354011735
0.2284787636336724
6.166666666666667
0.5138888888888888
0.24305555555555558
2.75
10892.25
23126.0
7833.8125
0.5625
1.3333333333333333
0.1111111111111111
0.03428937820638981
0.13331871781976526
0.009532043303045953
3.5849625007211516
0.015209125475285171
6569.1875
3.4733927913800855
167.97591888466414
0.21289723559526505
3.362826314293012
406.0494296577947
0.2426809697986092
2.2433460076045626
52.78960709759189
123.44740177439797
35.12515842839037
0.6891634980988594
0.02797209604632352
0.05972244296019117
0.020034509317856608
