1.0
1.0
1.0
40.0
30.0
1.0
241.07
154.0
255.0
1.0
1.0
1.0
40.0
30.0
1.0
0.0
0.0
0.0
40.0
30.0
1.0
1045.0
1.0
21.178947368421053
13.272727272727273
0.0
21.178947368421053
13.272727272727273
0.0
0.7336477181132386
0.0
0.0
44.88335725263187
40.0
30.0
49.4064773081425
49.4064773081425
1007.1666666666666
32.928572629654646
0.22529446671452827
2156.756728452323
2.1414099570931553
1045.0
241.0
255.0
64977352.0
1.072726898366193
9.0
6.792759469833001
255.0
5.2316000091572965
249.26507177033494
251.0
218.0
37.0
3.7591142092789407
249.35774343405964
-1.7262825550148124
64977352.0
0.502809917355372
46.20820585609303
6.8892075478516706
2.5907908187704516
1.2951930921030543
-0.41064883881344943
0.8729880321855956
0.16498984849752246
0.6822049822074703
0.15936739280950504
0.6410110515664174
0.13864076508876666
0.38791391400822145
1.6751769334961648
-0.37756003346694245
0.7303990621141389
0.9208785491640492
0.9837605131050793
0.9212533795432504
0.9604392745820245
0.1544477440824898
0.5270753121683309
1.4960940457163556
0.25949447017077953
94.07791466835566
0.43998659584862654
0.37093889478298525
5.9638387133900945
49.315679988346474
367.3719455036453
7.6735822116493795
0.2421113259538245
4.411591524254911
29.369490144224223
0.1340498901722704
0.20358851674641149
22.307678241006233
0.3348721970342002
1.6211558066563938
0.12013119676080161
7.666666666666667
0.36507936507936506
0.8072562358276644
4.619047619047619
15186.52380952381
99097.09523809524
2732.5317460317465
0.5185185185185185
3.0
0.14285714285714285
0.3424376565980138
0.8498606791350868
0.2801654400212799
3.7442393049484304
0.020095693779904306
12710.276643990928
3.248936697571595
304.9081339712919
0.29177811863281516
3.8889366085941255
525.4363636363636
0.27553947940752266
6.8870813397129185
58.22488038277512
419.1416267942584
9.423657628920788
0.1800106326422116
0.03333033657375763
0.17994339007089635
0.011715889944986992
