1.0
1.0
1.0
40.0
30.0
1.0
244.10666666666665
198.0
255.0
1.0
1.0
1.0
40.0
30.0
1.0
0.0
0.0
0.0
40.0
30.0
1.0
1008.0
1.0
17.517857142857142
13.959325396825397
0.0
17.517857142857142
13.959325396825397
0.0
0.7842408293617171
0.0
0.0
44.35269331772472
40.0
30.0
49.4064773081425
49.4064773081425
962.3333333333334
34.78319299191833
0.22422884643614435
2102.2111146593256
2.18449371111118
1008.0
239.0
254.0
62323203.0
0.9714129576427009
10.0
2.3441115113371853
255.0
5.101462112622828
248.58234126984127
251.0
235.0
20.0
3.946451492450231
248.65352280786595
-0.8415256342406301
62323203.0
0.5196837994457042
35.39401356607458
2.7651573507111746
1.6084742101791856
0.9329219260122577
-0.33500960614726283
0.8323910909634322
0.12053055965276438
0.7470280396533288
0.12053055965276438
0.526137588211818
0.10533308173319529
0.4182060929587063
1.4870854048138358
-0.4602066066859293
0.7633905351853223
0.9397347201736179
0.9758938880694471
0.9397347201736179
0.9598231467824119
0.12053055965276438
0.5482089303528034
1.3665548451610716
0.23823041265404918
92.3986570772787
0.5012143350842876
0.24939283245785618
2.4631297017814697
60.86572825030426
184.0469915920741
30.0704124148618
0.6342175745546326
4.368307151556129
21.3910384380663
0.10991490830785955
0.18303571428571427
24.673742855719844
0.24802059683004407
0.5113348473954824
0.18219203418868454
7.5
0.625
0.1875
1.75
32009.166666666668
104962.66666666667
13770.791666666666
0.8125
1.3333333333333333
0.1111111111111111
0.05887569875487934
0.06203730174287911
0.05808529800787939
3.2516291673878195
0.011904761904761904
24953.166666666664
3.135780616808097
307.99801587301585
0.305553587175611
3.1554705215419503
523.8412698412699
0.2401581002771479
2.7976190476190474
59.942460317460316
173.93055555555554
31.44543650793651
0.5505952380952381
0.024206935502375553
0.06156188511559827
0.014868198099069876
