1.0
1.0
1.0
40.0
30.0
1.0
249.08916666666667
213.0
255.0
1.0
1.0
1.0
40.0
30.0
1.0
0.0
0.0
0.0
40.0
30.0
1.0
1073.0
1.0
19.887232059645854
14.910531220876049
0.0
19.887232059645854
14.910531220876049
0.0
0.7430426098880234
0.0
0.0
46.62063984252622
40.0
30.0
49.4064773081425
49.4064773081425
1029.8333333333333
34.64112190324025
0.2210282082369336
2231.24735148755
2.1666101487174787
1073.0
246.0
254.0
67549627.0
0.8709141730385064
4.0
2.890217308294206
255.0
2.4273478736312537
250.88816402609507
251.0
243.0
12.0
1.9225159780023782
250.9063291758565
-0.7700608403982391
67549627.0
0.5867731986252409
9.115172118482205
3.1153506274582226
1.7288161952641494
0.9656861351594714
-0.5278685158285269
0.648299683461406
0.14219591666845127
0.6399261959559672
0.14219591666845127
0.5854018822722244
0.12120008525651546
0.48355211467855597
1.3993295734500468
-0.340005920539008
0.6542109544192098
0.9289020416657743
0.9715608166663097
0.9289020416657743
0.9526013611105162
0.14219591666845127
0.6577182369299237
1.2571336567815963
0.19762390003246433
106.48445046482081
0.5026964489330469
0.24865177553347656
2.4077081092271886
52.99070002269575
189.99472437955757
18.739693933480297
0.6480729726932029
4.154559892134392
27.11056016027738
0.1235595141192452
0.19757688723205966
24.38569765743818
0.29572875722389325
0.4783720144288172
0.25006794292266227
5.8
0.58
0.21000000000000002
1.9
60203.3
229419.5
17899.25
0.775
1.2
0.12
0.1595906476454782
0.24071362853902056
0.1393099024220926
3.3219280948873595
0.009319664492078284
48690.01000000002
2.9816879697236223
307.93010251630943
0.28698052424632753
3.4215067977962863
629.6076421248835
0.20661340068737954
3.124883504193849
58.468779123951535
197.58713886300094
23.68918918918919
0.46877912395153776
0.026162159403128205
0.06718200666066018
0.015907197588745207
