1.0
1.0
1.0
40.0
30.0
1.0
243.66916666666665
186.0
255.0
1.0
1.0
1.0
40.0
30.0
1.0
0.0
0.0
0.0
40.0
30.0
1.0
946.0
1.0
18.176532769556026
13.437632135306554
0.0
18.176532769556026
13.437632135306554
0.0
0.7819899408447339
0.0
0.0
46.86581177237454
40.0
30.0
49.4064773081425
49.4064773081425
895.0833333333334
36.6485933755196
0.22558633895697836
1991.0414836566881
2.224420240562355
946.0
242.0
254.0
59054296.0
0.9179430701406829
6.0
3.646536752626662
255.0
3.8028150128056724
249.80549682875264
252.0
236.0
19.0
2.718489968565087
249.85047536933624
-1.2584274659263555
59054296.0
0.5557907110834983
22.47379642335146
2.9802483443438366
1.6838445294158073
0.9570721734300008
-0.47848289772284763
0.7222098288221164
0.14257048780717063
0.6701625603431086
0.14257048780717063
0.5843686833909645
0.12116402746978985
0.44644581421556667
1.466578270443259
-0.37062857277502526
0.6901258839191106
0.9287147560964147
0.9714859024385658
0.9287147560964147
0.9524765040642764
0.14257048780717063
0.6125592855122219
1.3240077826360885
0.21619507915732172
102.36895639481845
0.5016971767690552
0.2491514116154724
2.4707170224411605
46.03828452837074
158.72012292464882
17.86782492930122
0.6323207443897099
4.15457176078726
26.88882047071702
0.1253892116231019
0.21590909090909088
20.05814480265641
0.27474541340085334
0.5436592119925362
0.2075169637529326
3.4
0.68
0.16
1.6
89652.8
328549.4
29928.65
0.85
1.0
0.2
0.0011260998222084788
0.0011276067503104275
0.0011257230901829914
2.321928094887361
0.005285412262156448
53856.16
3.103893058624937
249.87103594080338
0.26413428746385137
3.261772054583894
525.7780126849894
0.22210464445825084
3.0010570824524314
56.15433403805497
180.57822410147992
25.048361522198732
0.4997357293868922
0.02513424317930132
0.06704864656691899
0.0146556423323969
