1.0
1.0
1.0
40.0
30.0
1.0
254.50166666666667
225.0
255.0
1.0
1.0
1.0
40.0
30.0
1.0
0.0
0.0
0.0
40.0
30.0
1.0
1176.0
1.0
19.883503401360546
14.28656462585034
0.0
19.883503401360546
14.28656462585034
0.0
0.7558732367104469
0.0
0.0
45.41394361048939
40.0
30.0
49.4064773081425
49.4064773081425
1142.1666666666667
34.327184548646336
0.2194682770475662
2407.6795900216166
2.1079932205063034
1176.0
255.0
255.0
76430068.0
0.04619244012962544
0.0
133.31712266128233
255.0
0.130509857004039
254.93367346938774
255.0
246.0
9.0
0.0
254.93441199996658
-10.957495865072309
76430068.0
0.98984798000833
0.376553172289324
3.9888909159101127
1.9971126937662607
0.011728119106556531
-0.008295604024542326
0.006621007236530402
0.004894330777337906
0.12254589277496927
0.004894330777337906
0.044505402649701126
0.00486974260649668
0.9893725883865692
0.05405909877338752
-0.08623689381504043
0.04128681760878351
0.997552834611331
0.9990211338445325
0.997552834611331
0.998368556407554
0.004894330777337906
0.9946655283775916
0.049164767996049935
0.0028788345034670777
46.67533930857875
0.8137504404744274
0.09312477976278628
3.683437900128041
692.5334940958885
2769.6810506473184
173.246604958031
0.3291405249679898
3.187160109287351
11.943925167164604
0.268646088949504
0.048044217687074835
117.1169478696361
0.12192019162685572
0.18627018178697896
0.10583269408682489
3.4
0.68
0.16
1.6
273782.4
1095122.4
68447.4
0.85
2.2
0.44
0.6222223683249324
0.6222228066330631
0.6222222587478998
1.3709505944546678
0.004251700680272109
218463.36
0.6570882246996028
921.4574829931972
0.7835522814568004
1.2043130177240964
1164.061224489796
0.005076009995835069
3.9846938775510203
75.43367346938776
301.68367346938777
18.871173469387756
0.2538265306122449
0.01723130033696522
0.05971318320727132
0.006610829619388698
