1.0
1.0
1.0
40.0
30.0
1.0
246.225
201.0
255.0
1.0
1.0
1.0
40.0
30.0
1.0
0.0
0.0
0.0
40.0
30.0
1.0
984.0
1.0
20.403455284552845
13.877032520325203
0.0
20.403455284552845
13.877032520325203
0.0
0.7122518745795733
0.0
0.0
47.99664911785643
40.0
30.0
49.4064773081425
49.4064773081425
940.25
34.185703307731266
0.2263006355405163
2050.9760025067603
2.1813092289356666
984.0
245.0
255.0
61851145.0
0.8519377904504953
4.0
4.015093554946973
255.0
2.8130762938726943
250.6859756097561
252.0
239.0
16.0
2.0678929798771883
250.7126934855847
-1.2010244483455563
61851145.0
0.5990667757287329
13.396307381518941
3.1565491938231363
1.740933610022343
0.985136595852801
-0.5481393982010675
0.6352564862035307
0.13250327248778423
0.6546535439485553
0.13250327248778423
0.5605770688773198
0.11434458234032215
0.5017755383140203
1.3557454424090856
-0.35711741209131015
0.6623863126174635
0.9337483637561079
0.9734993455024431
0.9337483637561079
0.9558322425040718
0.13250327248778423
0.6746819737784508
1.2232421699213016
0.19193993967282877
95.50388484455894
0.5016775913124115
0.2491612043437943
2.469319494935811
57.7316229519095
208.6379385885682
20.00504404274482
0.6326701262660472
4.181060930348477
24.319146052080477
0.12378747268349077
0.19359756097560976
27.9891935137582
0.27240170548057796
0.46517697848074835
0.2242078872305354
8.666666666666666
0.7222222222222222
0.1388888888888889
1.5
44087.833333333336
170113.08333333334
12581.520833333334
0.875
1.1666666666666667
0.09722222222222222
0.19105761734462198
0.4410581132779685
0.12855749336128533
3.5849625007211516
0.012195121951219513
37363.83333333333
2.9501913879976716
284.0833333333333
0.28870257452574527
3.2354253420582983
589.4817073170732
0.20046661213563355
3.167682926829268
58.75609756097561
200.265243902439
23.378810975609756
0.4580792682926829
0.02580891822063062
0.06874389610180115
0.015075173750337983
