1.0
1.0
1.0
40.0
30.0
1.0
228.76583333333335
170.0
255.0
1.0
1.0
1.0
40.0
30.0
1.0
0.0
0.0
0.0
40.0
30.0
1.0
895.0
1.0
20.56871508379888
13.776536312849162
0.0
20.56871508379888
13.776536312849162
0.0
0.8195207190709034
0.0
0.0
44.808439033091
40.0
30.0
49.4064773081425
49.4064773081425
840.1666666666666
36.72144417684347
0.22705918166733843
1896.365391520729
2.257130003793766
895.0
226.4
244.0
49141880.0
0.3664895471662121
9.0
2.7313734141229573
255.0
5.333893449018445
234.23016759776536
233.0
224.0
31.0
3.9224627947392787
234.32270161386435
0.6023818471408954
49141880.0
0.8911294903405013
43.357078742860715
3.9921749975025875
1.9942504957089588
0.30444698518417207
0.02773075799433647
0.12111947265481085
0.06056586481990099
0.33346861105011905
0.06056586481990099
0.32920282964835423
0.05686008584494311
0.8554923691350451
0.5673146154275579
-0.1800260533418518
0.32274960245604634
0.9697170675900495
0.9939434135180099
0.9697170675900495
0.9848585337950247
0.06056586481990099
0.9242611205133471
0.5067487506076576
0.04542133436867797
78.81938219732338
0.5670689682312043
0.25520553013628594
3.5675887021475257
83.30857454092748
333.9339985994398
21.022960650309507
0.418981805685237
4.0520763048894235
16.50116324307501
0.12121473646950914
0.15335195530726256
36.58322870254977
0.31146842670567015
0.7229323736536105
0.2363361560545707
17.0
0.7083333333333334
0.35416666666666663
1.9166666666666667
16958.541666666668
67859.125
4241.636574074074
0.8634259259259259
8.083333333333334
0.3368055555555556
0.5945759778509726
0.6335875789471732
0.590241053080368
2.1638909867280622
0.026815642458100558
15567.87326388889
2.0383845255645094
364.1217877094972
0.40683998626759466
3.551906619643581
797.5608938547487
0.05653256764770138
3.9720670391061454
63.97430167597766
258.1553072625698
16.037368094351336
0.27684667908131594
0.03725095256393474
0.09494292234791701
0.02383429291061437
