1.0
1.0
1.0
40.0
30.0
1.0
199.47916666666666
127.0
252.0
1.0
1.0
1.0
40.0
30.0
1.0
0.0
0.0
0.0
40.0
30.0
1.0
763.0
2.0
15.073394495412844
16.019659239842728
0.0
15.073394495412844
16.019659239842728
0.0
0.7235326490656864
0.0
0.0
43.54760639544484
40.0
30.0
48.25971404805462
48.25971404805462
716.5833333333334
31.508115015766034
0.23994719462405076
1613.9110053137292
2.252230731918217
763.0
202.0
235.80000000000007
36677684.0
1.3463351025856938
17.0
2.5875338316556116
252.0
10.296041183917385
218.87549148099606
218.0
193.0
59.0
7.22915132017754
219.24953616548686
0.10423376206523552
36677684.0
0.4515132203878942
163.87833773354478
5.585084366421345
2.311164009963338
3.5393037206322657
0.21094778095020497
1.178970042810581
0.20491596858404235
0.7036046165311619
0.2027114370837148
0.73071093872095
0.16292793096043653
0.3315145591761692
2.088102165506493
-0.36804080854362675
0.7774446244550753
0.8988647346081753
0.987985022992121
0.8990117033748639
0.9595311969666012
0.2007824720209282
0.49432562014477455
1.875669112197277
0.3459715028486559
77.39490413319878
0.362207079222323
0.5679180021399812
4.8507476854732055
24.74303891031756
137.1323006004636
5.570569481614995
0.38295839234538204
4.232533258984583
39.92956274913709
0.1824336519899134
0.2791612057667104
10.85438006996985
0.4073258738555864
1.4685853794330437
0.2331175878891114
14.4375
0.451171875
0.8037109375
3.34375
4502.40625
24160.5
964.7328559027778
0.6940104166666666
4.25
0.1328125
0.33455065176008547
0.4499968366478955
0.32125981411706966
3.6862781244591267
0.04193971166448231
3933.8818359375
3.8056169399789064
144.33682830930536
0.18917015505806734
4.616611327638538
344.5045871559633
0.3796663855340975
5.4495412844036695
50.404980340760154
287.44954128440367
10.940467088976263
0.2687399883500801
0.04654822911641235
0.16883389395270754
0.026469231273052778
