1.0
1.0
1.0
40.0
30.0
1.0
209.355
138.0
252.0
1.0
1.0
1.0
40.0
30.0
1.0
0.0
0.0
0.0
40.0
30.0
1.0
774.0
1.0
19.925064599483203
13.509043927648579
0.0
19.925064599483203
13.509043927648579
0.0
0.7681615168363879
0.0
0.0
42.18356789766486
40.0
30.0
49.4064773081425
49.4064773081425
731.6666666666666
32.403793501841
0.241301055786974
1627.2979684981576
2.2240974512503295
774.0
214.0
246.0
41600948.0
0.974343680172459
18.0
2.3827405835721978
252.0
10.163071129539492
231.51937984496124
234.0
201.0
51.0
7.750081072316504
231.836137890626
-0.5513078382654302
41600948.0
0.570702214744039
146.77158824589867
3.2954460112262955
1.77922944382132
1.462184168492561
-0.40381380440387404
0.676883415167151
0.15812742670016222
0.6196252569151045
0.15812742670016222
0.6241846942992517
0.13209969139312297
0.4796792528284843
1.5406113137506519
-0.3213490357487683
0.658868967146229
0.9209362866499189
0.9841872573299837
0.9209362866499189
0.9604681433249594
0.15812742670016222
0.6633443373588237
1.3824838870504905
0.2087527104668283
85.95922182313468
0.4810107778854599
0.313727520703926
2.485045852395065
50.63202018937321
188.60995414864732
16.379369068987096
0.6646280329176848
3.910496829295773
34.779125851866134
0.18629927635435212
0.23094315245478036
29.360006285785765
0.38990140216589664
0.7732328364591803
0.30771001829575834
3.8
0.38
0.6100000000000001
3.5
30331.8
116962.4
8690.261111111111
0.5972222222222222
1.2
0.12
0.15002213167243933
1.0639120608950674
0.03343236541616506
3.3219280948873595
0.012919896640826873
24341.040000000005
3.10995608285659
197.6201550387597
0.25532319772449574
4.116292423665778
441.7235142118863
0.2289058483397766
3.235142118863049
55.27390180878553
197.01808785529715
20.46231696813092
0.4598765432098766
0.03090638535536714
0.09012153561060755
0.018136350555856478
