1.0
1.0
1.0
40.0
30.0
1.0
201.89583333333334
84.0
255.0
1.0
1.0
1.0
40.0
30.0
1.0
0.0
0.0
0.0
40.0
30.0
1.0
908.0
1.0
17.355726872246695
13.837004405286343
0.0
17.355726872246695
13.837004405286343
0.0
0.723635964670526
0.0
0.0
46.35184646673056
40.0
30.0
49.4064773081425
49.4064773081425
865.75
33.541863132212676
0.23124259491492255
1899.6690935844708
2.194246715084575
908.0
194.0
237.0
44667814.0
1.6343499790670775
20.0
2.819546450272286
255.0
13.28728482990161
221.16740088105726
226.0
182.0
73.0
9.401562091797665
221.7963655096809
-0.4630106597327768
44667814.0
0.3657018378000737
278.6085408216732
6.585485539221713
2.474361173814885
10.991624762586897
-0.9444408604997021
2.0543182172791528
0.20224639272700284
0.8205797657705914
0.19981772650271618
0.7251152924412592
0.16143291702850812
0.27107287214684017
2.390213385306777
-0.492711998198028
0.8873128347388337
0.9003340033710706
0.9881460121847224
0.9004959144526897
0.9601174102402663
0.19769264355646535
0.43775072081579924
2.181803943929795
0.564141152501539
74.47960827875656
0.31713939485463405
0.7155168804692542
5.209375142584832
29.269730411469165
220.0503439023808
5.686340694014499
0.3988884782959967
4.490893692023041
38.78394641477041
0.16105695069438236
0.2588105726872246
13.268917711028847
0.34827916408124093
1.256169018194027
0.19324919061213763
5.705882352941177
0.3356401384083045
0.9273356401384083
4.470588235294118
13226.0
93726.23529411765
2433.704656862745
0.5592320261437909
1.588235294117647
0.09342560553633218
0.1728740385381804
0.31818692272951976
0.15338250732826472
3.8521687236032753
0.018722466960352423
10373.183391003462
4.051214838713797
179.10352422907488
0.19725057734479615
3.77697024976227
332.057268722467
0.612359059946826
6.579295154185022
51.79515418502203
376.5484581497797
11.132823972099855
0.27556748653940283
0.032884766424925334
0.16534891554925119
0.014428522524494471
