1.0
1.0
1.0
40.0
30.0
1.0
155.59583333333333
65.0
252.0
1.0
1.0
1.0
40.0
30.0
1.0
0.0
0.0
0.0
40.0
30.0
1.0
580.0
3.0
21.112068965517242
15.187931034482759
0.0
21.112068965517242
15.187931034482759
0.0
0.7202472671546194
0.0
0.0
45.44104050710324
40.0
30.0
49.4064773081425
49.4064773081425
519.5
32.728785241903466
0.24486775858466303
1276.2709570761815
2.456729465016711
580.0
165.0
222.10000000000002
21770201.0
1.8850221572404438
30.0
2.7671176131534714
252.0
17.54561831153389
192.51206896551724
191.0
157.0
95.0
12.66118781503397
193.73907533160374
0.5164052055796501
21770201.0
0.30192627824019025
473.9326129607609
6.0812956098347595
2.347858709731932
23.739914221874606
2.579736265335181
2.8354308371280172
0.5626060882801289
0.6697695573269247
0.49172141524110113
1.1535212942923807
0.31329777356378674
0.13010270564632365
3.3241622216742757
-0.2423333607545338
0.7645497689446146
0.7612277596833521
0.9789253733131438
0.7659534045526208
0.9197341611036028
0.4296973263319518
0.2479943561727562
2.7052053425656473
0.8495092313520365
94.22120778793278
0.2976109513428391
0.9552644871086051
5.3385806207188065
5.540355629884131
32.297457306400744
1.7811219607304514
0.43889812148421
3.567109088144834
129.09150265293366
0.3983832731593332
0.5461206896551725
2.034584184389013
0.6431108928592789
3.0785241019671736
0.32290050415540006
19.07017543859649
0.33456448137888584
1.2028316405047705
4.859649122807017
413.3333333333333
2270.3684210526317
108.79544346978557
0.5743810916179337
6.473684210526316
0.11357340720221606
0.3135703400610465
0.9056710174325945
0.23552311034120538
4.744227771971567
0.09827586206896552
309.7937827023699
4.553197167846493
88.26551724137931
0.1521819262782402
3.4604161712247326
175.11724137931034
0.869973246135553
5.732758620689655
24.906896551724138
156.95689655172413
7.003483237547893
0.37745833333333334
0.09592617462055066
0.413448229706953
0.053973962360593444
