1.0
1.0
1.0
40.0
30.0
1.0
210.99916666666667
136.0
243.0
1.0
1.0
1.0
40.0
30.0
1.0
0.0
0.0
0.0
40.0
30.0
1.0
949.0
2.0
19.238145416227606
14.963119072708114
0.0
19.238145416227606
14.963119072708114
0.0
0.6424689671519372
0.0
0.0
49.248617927435966
40.0
30.0
49.4064773081425
49.4064773081425
901.3333333333334
31.64070869350017
0.22614209959236065
1995.3832679563877
2.2138127972888917
949.0
205.0
232.0
46282475.0
1.116488351156666
14.0
2.435811012539031
243.0
8.22376168802833
220.6122233930453
222.0
198.0
45.0
6.169267098333302
220.8386997247112
-0.4258619398925398
46282475.0
0.49062015254257996
99.9781856782304
5.956409365390698
2.40618351944199
1.193200555837144
0.13586430898363328
0.8685231869787833
0.20178415106474024
0.6228089647636906
0.20178415106474024
0.7212657969143974
0.1601227638314882
0.3440061392676179
1.8205998456391974
-0.3015365633877381
0.6844327557238011
0.8991079244676299
0.979821584893526
0.8991079244676299
0.9495539622338149
0.20178415106474024
0.4665405613125209
1.6188156945744576
0.2675768345108809
110.60079051453889
0.4356553046490892
0.3809678478232893
5.683133584889427
25.76582108032285
158.98361436139513
4.952696692261821
0.260232452606585
4.1326099122145274
40.257751816577844
0.15516314985451435
0.2665964172813488
10.553682655084895
0.32874671555553
1.593920882805062
0.12952523494914017
13.666666666666666
0.5061728395061729
0.691358024691358
3.111111111111111
13026.407407407407
64023.37037037037
2926.343621399177
0.7191358024691359
11.518518518518519
0.42661179698216734
0.6697731459143723
1.1966819484849867
0.5940808932855108
2.510318652751325
0.02845100105374078
11791.015089163237
3.6365945885814646
175.38566912539514
0.18481103174435737
3.6831093902849323
465.5985247629083
0.28305098484234414
5.969441517386723
50.84193888303477
308.5216016859853
9.823264254771104
0.2107481559536354
0.04573017678366667
0.19261480537654702
0.02283246713922314
