1.0
1.0
1.0
40.0
30.0
1.0
190.235
89.0
255.0
1.0
1.0
1.0
40.0
30.0
1.0
0.0
0.0
0.0
40.0
30.0
1.0
616.0
5.0
16.537337662337663
15.881493506493506
0.0
16.537337662337663
15.881493506493506
0.0
0.7416259108913642
0.0
0.0
47.42426532277483
40.0
30.0
49.4064773081425
49.4064773081425
549.3333333333334
35.17106396835662
0.2391298072087541
1356.4622517948208
2.469288079723581
616.0
196.0
255.0
30829822.0
1.885285289114599
40.25
1.724195329072142
255.0
18.57838589981447
222.67857142857142
219.0
190.0
65.0
17.674461480939506
223.7150248366487
0.28464149769591246
30829822.0
0.2940261848541069
462.6661641929499
7.403456947811662
2.574778573921495
21.893314111918457
2.238698143288637
3.427070783684097
0.331845874024205
0.8231738026635173
0.30735445382765403
0.9359370525454523
0.2341516685375275
0.1846324032388674
2.8666858706326814
-0.4386594321901245
0.890702627260681
0.848771915105828
0.9809118560020448
0.8504046764522648
0.9393454899076875
0.285924461155672
0.32626590392895277
2.500176942258494
0.9397291644270753
76.12213396020586
0.298569336363292
0.9342727464171878
5.259644177536336
12.445133131816139
117.74323679527929
2.4285013680852687
0.4473406032586996
3.746976330635558
80.49639316444873
0.3071761717194945
0.4163961038961039
6.24193458654604
0.5612666343369876
2.047953844993739
0.3349723066744085
27.857142857142858
0.5685131195335277
0.6530612244897958
2.693877551020408
1023.7142857142857
9444.816326530612
168.1340702947846
0.7820294784580498
7.571428571428571
0.15451895043731778
0.3619115704785187
0.6917803966044124
0.33939905923662594
3.616094346321382
0.07954545454545454
865.6734693877551
4.400070952003832
84.25974025974025
0.13678529262944847
5.3870804520155176
181.12012987012986
1.0241925282509698
7.064935064935065
37.52272727272727
327.01623376623377
7.178684163059163
0.308531746031746
0.07940749871978614
0.29638809667986965
0.05222404541106783
