1.0
1.0
1.0
40.0
30.0
1.0
199.47666666666666
82.0
243.0
1.0
1.0
1.0
40.0
30.0
1.0
0.0
0.0
0.0
40.0
30.0
1.0
938.0
1.0
16.751599147121535
14.954157782515992
0.0
16.751599147121535
14.954157782515992
0.0
0.8106416888371211
0.0
0.0
41.46847014853951
40.0
30.0
45.45327270945405
45.45327270945405
897.5
33.616070674703806
0.23006245439583586
1955.8160869122735
2.1791822695401377
938.0
189.0
234.0
44584542.0
1.5007530693268714
21.0
2.80146136242581
243.0
13.34913461931888
217.39232409381663
223.0
177.0
66.0
9.606609888390357
218.01718893130789
-0.9127224266921712
44584542.0
0.36847895763339866
272.07209459858797
5.58621639820782
2.277203122540133
6.966889192166634
-1.1362140192357004
1.836119489764213
0.23405396663975095
0.7736097633526462
0.22476065011604227
0.7871228519271763
0.1823293182462903
0.25019784713912874
2.343275992994416
-0.40738751503518256
0.832417690024477
0.8885490065943498
0.9770235256371193
0.8891685610292636
0.9442745032971749
0.21662899815779715
0.36869224389444977
2.0908703750077406
0.5175433641009909
89.42810808733988
0.3477928552065002
0.5701979987291133
4.642613327672951
25.12238583785716
157.60981381098782
6.528168922377185
0.41690699105944995
4.368416787236083
46.31373330974075
0.17435560261260655
0.27425373134328357
10.885725344709076
0.3647275790824524
1.3374069096249417
0.1891483018291317
8.818181818181818
0.40082644628099173
0.671487603305785
3.5
7514.545454545455
40590.454545454544
1878.4974747474748
0.6275252525252525
2.272727272727273
0.10330578512396695
0.20499486319363153
0.29748061778061
0.18516073199180408
3.9362600275315223
0.023454157782515993
5696.685950413223
4.054739899458628
179.36247334754796
0.19121798864344133
3.915444101454349
345.63326226012794
0.5464605089083974
5.577825159914712
50.23667377398721
305.65245202558634
14.065742714996448
0.3269959725183606
0.03539548102270206
0.15263568525609722
0.01690568680084413
