1.0
1.0
1.0
40.0
30.0
1.0
187.17083333333332
77.0
255.0
1.0
1.0
1.0
40.0
30.0
1.0
0.0
0.0
0.0
40.0
30.0
1.0
811.0
1.0
20.948212083847103
13.806411837237977
0.0
20.948212083847103
13.806411837237977
0.0
0.7294048680808083
0.0
0.0
47.35659772684282
40.0
30.0
47.80167361086848
47.80167361086848
759.0
34.54213291770369
0.23296784196220857
1727.2266556853501
2.27566094293195
811.0
183.0
255.0
37126251.0
1.8769495141975854
48.5
1.871323496613777
255.0
22.827116664968887
212.28729963008632
204.0
174.0
81.0
22.47032249733794
213.95878407386655
0.5474507768406459
37126251.0
0.300417654294146
712.463698133403
11.196317582672133
3.158809757303917
50.670982095215834
7.094964733488367
5.158154768643261
0.28536585406905
0.8952148676043961
0.2580646253508108
0.865797576879807
0.21572257275201892
0.18842197797587468
2.8065395492804033
-0.5089584937604571
0.9211008917041692
0.8736978101964186
0.9892649767587496
0.8753447944139572
0.9576268942421793
0.23581086180522906
0.2786381221398363
2.488903661043367
1.3608801556780779
83.57951769438762
0.31878752855665166
1.074930980674618
8.970696869228302
19.869740298997556
270.0750888922854
2.5905587219415462
0.18844297312743058
4.298390324374351
61.841728509695564
0.22587578640990574
0.3236744759556104
9.398996267552056
0.4609282224431752
3.428759387219502
0.10619807507563789
7.6
0.25333333333333335
1.1788888888888887
7.1
4561.166666666667
44281.333333333336
828.095175925926
0.35133333333333333
5.066666666666666
0.1688888888888889
0.389132163324982
1.5313640000109032
0.24300976348399594
4.098068512058831
0.036991368680641186
3830.365555555555
4.507041206433017
127.9494451294698
0.15776750324225622
4.708099634951598
243.6387176325524
1.3845992449686113
10.99383477188656
45.8039457459926
567.0900123304563
6.273613851212494
0.15567235237703794
0.05192271314152001
0.4035051018854818
0.015348276319859511
