1.0
1.0
1.0
40.0
30.0
1.0
193.55916666666667
64.0
255.0
1.0
1.0
1.0
40.0
30.0
1.0
0.0
0.0
0.0
40.0
30.0
1.0
561.0
5.0
17.836007130124777
12.754010695187166
0.0
17.836007130124777
12.754010695187166
0.0
0.5738258174289681
0.0
0.0
51.766274648347505
40.0
30.0
47.80167361086848
47.80167361086848
504.8333333333333
29.704824865340473
0.24972229834411946
1227.7939331943687
2.4320777811707535
561.0
201.0
254.0
28429815.0
1.7436362880322223
26.0
2.0337617807019868
255.0
15.02130458406017
224.37611408199643
222.0
196.0
59.0
11.77506834495563
225.1155971619059
0.37170855891082144
28429815.0
0.3391543621175582
332.3915150244185
7.645512197265289
2.653928379670179
14.679706886144611
1.851451474592788
2.6779732029263785
0.2704965899041338
0.8164995682471136
0.26176464233183233
0.8439015398933649
0.20045011043034075
0.2112581110037827
2.6475481988975913
-0.4482175119082211
0.882638062697519
0.869990873591314
0.9842783808929528
0.8704319199080227
0.9479220126216881
0.2554566436863796
0.3557661625525996
2.364371876550432
0.737117448207628
73.01009400369459
0.34483783867722584
0.6852351414670848
5.673135225170147
13.490216266392125
117.82921179980174
2.387003475273123
0.3323953405031324
3.807988542766855
58.982178170518715
0.27023658043010296
0.37745098039215685
6.015189809655126
0.5116099141957711
2.2291089171428036
0.22676448039186795
17.24390243902439
0.42058298631766805
0.7198096371207615
3.3902439024390243
1283.7317073170732
9475.414634146342
241.9364837398374
0.6607384823848239
11.926829268292684
0.2908982748364069
0.5520175245690653
1.2014562533482875
0.4489664252925755
3.232688212453109
0.07308377896613191
1096.509220701963
4.3798644053168205
77.29233511586453
0.13777599842400093
4.974660095767362
190.26559714795007
0.7752263115584914
7.2727272727272725
40.7397504456328
349.6898395721925
6.9888715587245
0.2374851455733809
0.07924971363405071
0.32360000257117444
0.04427005103972939
