1.0
1.0
1.0
40.0
30.0
1.0
208.07666666666665
117.0
255.0
1.0
1.0
1.0
40.0
30.0
1.0
0.0
0.0
0.0
40.0
30.0
1.0
674.0
1.0
21.45252225519288
10.390207715133531
0.0
21.45252225519288
10.390207715133531
0.0
0.5502753329165804
0.0
0.0
50.107740163603275
40.0
30.0
49.4064773081425
49.4064773081425
632.0
27.5730534002243
0.24911182727132689
1429.6656937961168
2.2621292623356277
674.0
212.0
255.0
36837955.0
1.574495554772637
32.0
1.6851656896964566
255.0
14.111324393100228
233.23293768545994
230.0
205.0
50.0
13.144276773890383
233.78562741231494
0.05815712120023175
36837955.0
0.3380543986475182
258.11636318009306
4.455411883149123
1.9856669294155167
8.426950198930221
0.33368125697432766
2.2450758738412375
0.19543204473834525
0.8397210334511012
0.19457441180524063
0.7049575495562421
0.15564742140061982
0.23018980530399172
2.337231501478966
-0.5155974739615912
0.8926787789321301
0.9027985573906903
0.9804963785846165
0.9028557329195639
0.9513992786953451
0.19382398298877407
0.2926814227077029
2.139341175679955
0.6101269796448958
73.83135308888912
0.40251107121692165
0.4778773492969226
3.1984953851269995
27.504187089065674
153.22535639848138
10.008618856489928
0.5909599245611591
4.011779831472981
32.28908097623027
0.1687449342710488
0.2741097922848665
12.125802506841946
0.3149266416312878
0.7294978051629745
0.2215070144333376
4.2
0.42
0.44
3.0
9847.0
47306.7
4409.186111111111
0.611111111111111
1.0
0.1
0.13542247552890327
0.147851453117853
0.13231837483671086
3.3219280948873595
0.01483679525222552
5304.240000000001
3.9626976240005978
133.40949554896142
0.19793693701626325
3.4405427537444195
227.8486646884273
0.6227337565708952
4.3486646884272995
49.77744807121662
249.94213649851633
20.155003297065612
0.4727579953841082
0.03161675906487443
0.1061074206031462
0.018650877311808704
