1.0
1.0
1.0
40.0
30.0
1.0
223.84333333333333
119.0
255.0
1.0
1.0
1.0
40.0
30.0
1.0
0.0
0.0
0.0
40.0
30.0
1.0
1056.0
1.0
19.013257575757574
14.725378787878787
0.0
19.013257575757574
14.725378787878787
0.0
0.783170236698168
0.0
0.0
44.63804294442183
40.0
30.0
49.4064773081425
49.4064773081425
1014.0
34.95918665852583
0.2228274467693056
2190.487321344176
2.1602439066510613
1056.0
216.0
242.0
56122127.0
1.120993872316881
15.0
2.8066271952242157
255.0
8.650066000918272
230.28314393939394
231.0
204.0
51.0
6.137266355140187
230.5340616882565
-0.04492767528351927
56122127.0
0.5223900941230487
115.62721587322085
3.3225476825616074
1.7643029864795814
2.704476682142538
-0.17497251505674125
0.9631985518574459
0.1241350254316696
0.7715140131644116
0.1241350254316696
0.5362828145083932
0.10795715031933975
0.4331084728482431
1.667295876164451
-0.4889907428999759
0.8087653966505749
0.9379324872841652
0.9875864974568331
0.9379324872841652
0.9689662436420826
0.1241350254316696
0.610529237925049
1.5431608507327819
0.2718333943222788
82.82544853980617
0.43823944216379773
0.3766297068665273
2.9808808437988255
69.43430375765426
248.4366244302076
26.169210276291402
0.582729322866567
4.536434108400972
23.361738207490507
0.1195749828137272
0.17897727272727273
34.443710396957485
0.24790392995692762
0.6082881615135476
0.18067116432934954
3.8
0.38
0.6100000000000001
3.5
45519.8
168436.2
14998.922222222222
0.5972222222222222
1.0
0.1
0.033154174946068836
0.07038603434808918
0.02835074708252368
3.3219280948873595
0.00946969696969697
34368.44
3.2000439469908315
331.0719696969697
0.3135151228191001
3.0654269972451784
551.6439393939394
0.27935247359963267
3.335227272727273
60.34280303030303
208.06628787878788
25.941393097643097
0.4666982323232323
0.022991608259465404
0.07140490210709705
0.012534169050295248
