1.0
1.0
1.0
40.0
30.0
1.0
190.77166666666668
88.0
252.0
1.0
1.0
1.0
40.0
30.0
1.0
0.0
0.0
0.0
40.0
30.0
1.0
739.0
2.0
19.650879566982407
13.04871447902571
0.0
19.650879566982407
13.04871447902571
0.0
0.6418833912260176
0.0
0.0
50.451619687991084
40.0
30.0
49.4064773081425
49.4064773081425
683.3333333333334
32.38405673817303
0.23690184329965178
1583.6921187512962
2.3175982225628724
739.0
194.0
234.0
34377144.0
1.4010432014609566
20.0
2.4602467679767313
252.0
11.731290318445911
215.19621109607579
217.0
184.0
68.0
8.482518164665095
215.68139184350315
-0.16384651641862588
34377144.0
0.43101254117677223
209.0535174439364
4.9048843012656125
2.1563490278836293
4.267826879728167
0.04619593720631708
1.2656983823803163
0.2457164207258466
0.6747205501478352
0.24098648345641782
0.807619434482856
0.18672364219769555
0.3008314082894112
2.2480545335246136
-0.32207925966455003
0.756495123350333
0.8799797519987339
0.9856295623797049
0.8802950811500293
0.951960367884364
0.2368477883456676
0.49147478747438816
1.9891822933122474
0.37785370077654074
87.21758408711551
0.3578531188236538
0.5562488972575346
4.282441576625569
17.82102926947116
89.09928131087449
4.709680344437376
0.4492092838218367
4.03363575126692
55.187523160954484
0.22288822830547914
0.32949932341001353
8.048633541669581
0.46547960326199467
1.646074292770508
0.2681463119231273
11.357142857142858
0.40561224489795916
0.8469387755102039
3.7857142857142856
4361.678571428572
21215.035714285714
1048.0267857142858
0.6421130952380952
2.5
0.08928571428571429
0.17622322379200125
0.4532182334405614
0.1476987819401221
4.083616975397225
0.037889039242219216
3665.0956632653065
4.05060030594614
116.81867388362652
0.15807668996431193
4.870206419456494
318.51826792963465
0.4143147763957072
4.807848443843032
45.37077131258457
232.4316644113667
11.972334987219966
0.3353067207938656
0.0479252561546846
0.18257654382356361
0.025697106170021092
