1.0
1.0
1.0
40.0
30.0
1.0
163.82166666666666
93.0
255.0
1.0
1.0
1.0
40.0
30.0
1.0
0.0
0.0
0.0
40.0
30.0
1.0
445.0
2.0
18.069662921348314
9.52808988764045
0.0
18.069662921348314
9.52808988764045
0.0
0.6454242314993973
0.0
0.0
52.92130008787675
40.0
30.0
49.4064773081425
49.4064773081425
404.0833333333333
34.15668943916685
0.2733718371898406
966.8912834703465
2.3928016914093955
445.0
188.4
240.0
20698464.0
1.7241731608098116
28.0
2.4580467247164797
255.0
15.573720489837143
214.81348314606743
215.0
175.0
80.0
11.06968817068552
215.66966000620258
-0.008141700665928116
20698464.0
0.33426587552076753
368.5697058452216
5.308233963093707
2.2141400385859105
11.783916216704558
1.0752918369129805
2.1121795486597796
0.48994162744284536
0.6243149384593614
0.4280473370490595
1.1026329622123212
0.3003845946225836
0.16513119126904632
3.017889373364701
-0.236588041737528
0.7320232432663918
0.7921657605148489
0.9723575454457951
0.7959560250357249
0.9164152731455569
0.37706336939416235
0.3120155839396066
2.4743795937379707
0.6505302940256563
68.17177605957504
0.3167198145377475
0.7488954230547493
4.861171641791607
7.6960410888487605
43.59566223655308
2.3392279408423726
0.4432020106816786
3.6432954221016765
74.72375839219369
0.33587443952565965
0.4848314606741573
3.019108936640544
0.5808680430740182
2.600305929111588
0.2962421702315405
14.058823529411764
0.4134948096885813
0.6479238754325259
3.264705882352941
691.4411764705883
4153.676470588235
162.61846405228758
0.6472630718954248
4.176470588235294
0.12283737024221453
0.30242250718558394
0.7744139828948098
0.2178191465711322
4.110425166283461
0.07640449438202247
520.1392733564013
4.545655305238508
61.593258426966294
0.1384118166898119
4.097634137103902
148.74831460674156
0.672309051887388
5.2202247191011235
30.325842696629213
169.5573033707865
9.01906991260924
0.37612359550561797
0.08090463522071334
0.3313123911861873
0.04402933965900365
