1.0
1.0
1.0
40.0
30.0
1.0
202.41166666666666
58.0
255.0
1.0
1.0
1.0
40.0
30.0
1.0
0.0
0.0
0.0
40.0
30.0
1.0
889.0
1.0
19.133858267716537
15.43082114735658
0.0
19.133858267716537
15.43082114735658
0.0
0.7436486445986246
0.0
0.0
45.17724859372516
40.0
30.0
49.4064773081425
49.4064773081425
841.1666666666666
33.59599968341884
0.2301807964033571
1872.131737283889
2.2256370960379104
889.0
197.0
253.0
43629566.0
1.727536960738868
23.0
2.344870004589384
255.0
14.979154039940733
220.76040494938132
218.0
186.0
69.0
11.203323119188504
221.53358009365388
0.3457819367485141
43629566.0
0.35360189087725113
341.9707156965335
6.528761439089694
2.4414182129351167
16.52967946931215
2.4157356002855126
2.5237448059465155
0.25095335758144766
0.8191689152989279
0.24717818846717865
0.8128562580446308
0.188471798812806
0.23857508659512208
2.612670884478829
-0.4450287344917294
0.8787915424637661
0.8767884226778375
0.9853046584207549
0.8770401006187889
0.9506902012770398
0.2438749154921933
0.42688922655530226
2.351975693194622
0.6936745408819908
86.05289066115697
0.3114131683393069
0.755752492367232
5.343382920327599
22.953595720310002
151.37062852475702
5.146709124845709
0.3926553191875059
4.173644019983946
66.32840409079141
0.23438805256063378
0.3107424071991001
11.936282632365916
0.4782371317649516
1.9301170176914522
0.2513786028476193
15.133333333333333
0.5044444444444445
0.8988888888888888
3.566666666666667
7808.966666666666
39537.566666666666
1815.771527777778
0.7113425925925926
3.8666666666666667
0.1288888888888889
0.3226881296932241
0.9353351168671558
0.25450322667209463
3.856564762130948
0.03374578177727784
6930.832222222222
4.261280077124753
148.80877390326208
0.167388947022792
4.904470462002148
314.35208098987624
0.7263554935273137
6.397075365579303
47.33745781777278
330.8897637795276
10.280113423322085
0.27951974753155856
0.048616210388667404
0.2218425347058375
0.024685298150168244
