1.0
1.0
1.0
40.0
30.0
1.0
165.91916666666665
58.0
251.0
1.0
1.0
1.0
40.0
30.0
1.0
0.0
0.0
0.0
40.0
30.0
1.0
629.0
1.0
17.465818759936408
14.84101748807631
0.0
17.465818759936408
14.84101748807631
0.0
0.6813690850227927
0.0
0.0
51.98929297337263
40.0
30.0
49.4064773081425
49.4064773081425
572.5
35.42389698424881
0.2431436246743715
1371.3181742984543
2.395315588294243
629.0
181.0
239.0
29109999.0
1.81077186746904
32.0
2.3797716602571684
251.0
17.76253219459055
214.07154213036566
219.0
164.0
87.0
13.443605491868043
215.12742184844907
-0.5556991428198831
29109999.0
0.31367072674470037
453.1824810876527
10.531543491270508
3.172220403368205
13.320259046166136
-1.7917922976127776
2.382262852375197
0.5081161284831343
0.6490264512901582
0.42670323743634053
1.1408900951846943
0.32197706738408516
0.17575478905751124
3.0044678286331807
-0.2533079552201803
0.7532563473703701
0.794789670386509
0.9811375794470494
0.7999749338361029
0.9308038914555198
0.3577549936277679
0.3139412296002957
2.45526446926316
0.7225947452145827
83.42964110312
0.2780900575760774
0.9430388774386009
8.494700946273806
9.080192954824378
111.35058365436026
1.0375478182995583
0.23760179511181784
3.7216979126275813
117.14969773277056
0.3863007295064227
0.47575516693163755
4.434139420011137
0.641812014373116
4.659206354625509
0.18920583667002644
19.0
0.2878787878787879
1.2389807162534434
5.803030303030303
630.7121212121212
7873.787878787879
59.1445244107744
0.45236531986531986
13.363636363636363
0.2024793388429752
0.44438175419537246
2.178907619673714
0.2559176053879465
4.217599800717709
0.10492845786963434
539.8854453627181
4.488241655245883
78.4181240063593
0.12467110334874293
5.507690052345435
197.29888712241655
0.8322544933411856
10.286168521462638
32.48489666136725
402.22575516693166
3.36582096802685
0.17132617912029677
0.10420660856935367
0.6986894675287532
0.040218120006455485
