1.0
1.0
1.0
40.0
30.0
1.0
203.26583333333335
77.0
252.0
1.0
1.0
1.0
40.0
30.0
1.0
0.0
0.0
0.0
40.0
30.0
1.0
918.0
1.0
16.399782135076254
14.080610021786493
0.0
16.399782135076254
14.080610021786493
0.0
0.7481406255752701
0.0
0.0
41.12408959015691
40.0
30.0
43.46262762420146
43.46262762420146
886.1666666666666
30.766602112193446
0.23555617061379833
1894.0869519361386
2.137393588793837
918.0
217.0
241.0
48546540.0
0.9370937407281195
11.0
7.781939811804365
252.0
8.531258158068358
229.6165577342048
232.0
174.0
78.0
4.766686768454812
229.9629126108612
-1.985488291222895
48546540.0
0.6549451540480633
159.1775907651853
14.54538874443138
3.798566515106593
3.374517360412796
-1.1480546875445072
0.6934513325394537
0.2284916299050928
0.5010192147986399
0.19890733518745235
0.7591398050576121
0.18812161709514255
0.5599846374294879
1.5086724545274919
-0.19874522009027426
0.5218965606516048
0.9035047618780379
0.9914571337421955
0.9054039487773424
0.9675479440514253
0.17371146067533896
0.7382955962884852
1.270591509908602
0.23048574061113664
75.26302692597929
0.3573437004423572
0.5966703716631395
11.270892551193661
52.03379064193592
816.1343712869589
3.4071847223127376
0.1177401729429638
4.026500750877998
49.499807196268094
0.231633002779871
0.22875816993464052
31.70150280710638
0.4903184440059193
4.172013832974283
0.07684183729729062
14.444444444444445
0.4012345679012346
0.6666666666666667
7.777777777777778
14848.055555555555
236665.88888888888
934.8661111111111
0.18837191358024694
6.055555555555555
0.16820987654320987
0.37639827877857546
2.649979961243519
0.09184809087157872
4.009523959475158
0.0392156862745098
14197.805555555555
2.9013877377892983
243.92156862745097
0.26570976974667865
5.127984963048401
601.239651416122
0.29340092367133247
14.400871459694988
56.5359477124183
878.2069716775599
3.747582304526749
0.0794964899540063
0.04603184963971871
0.4579906614566265
0.007191778035088064
