1.0
1.0
1.0
40.0
30.0
1.0
204.08583333333334
73.0
255.0
1.0
1.0
1.0
40.0
30.0
1.0
0.0
0.0
0.0
40.0
30.0
1.0
913.0
1.0
21.565169769989048
13.95618838992333
0.0
21.565169769989048
13.95618838992333
0.0
0.7428961880523522
0.0
0.0
48.19837355690361
40.0
30.0
49.4064773081425
49.4064773081425
867.0
35.80638798574699
0.22984952594820024
1913.021761813307
2.206484154340608
913.0
209.0
247.0
48334193.0
1.373059500161684
19.0
3.912754657791049
255.0
11.890715705598458
229.5761226725082
232.0
177.0
78.0
8.131416397380537
230.08687582555245
-1.008547645278931
48334193.0
0.4789705471292719
234.7743258206579
7.60729141975607
2.718680842434347
5.132709182739973
-0.8968930805532368
1.2056009723491021
0.3413521447877985
0.5584555278307128
0.3093910761836968
0.95559495266318
0.24375397169238908
0.32335648313375653
2.34030690481429
-0.21135554132456008
0.6418293671911057
0.8485005687685617
0.9804844809290254
0.8506313066755019
0.9391871537167307
0.28142514115510786
0.5331150928851323
1.9654713714602812
0.3867382792842252
104.60597750155954
0.32680676087618
0.7182191345772913
6.797877201514429
17.26082018895861
143.89527974561332
2.4619951929048915
0.2821083434096393
4.038403830109039
76.3237448951779
0.2354058601684797
0.3493975903614458
8.617249365447268
0.4763352953619039
2.7599820514567273
0.18911966375914963
13.390243902439025
0.3265913146936347
1.539559785841761
6.146341463414634
8629.292682926829
76209.14634146342
1004.9297086720867
0.5221883468834688
6.463414634146342
0.15764425936942297
0.32946173822498154
1.799480101797328
0.19029302138019588
4.266599420393672
0.044906900328587074
8133.415823914338
3.900433732250725
133.3986856516977
0.14611028001281237
4.776230881906597
437.3001095290252
0.4393781438609161
7.646221248630887
43.27601314348302
356.31653888280397
6.121858646708044
0.19638402093221372
0.055780257876141416
0.3412696286071931
0.022003097622534693
