1.0
1.0
1.0
40.0
30.0
1.0
214.19083333333333
87.0
255.0
1.0
1.0
1.0
40.0
30.0
1.0
0.0
0.0
0.0
40.0
30.0
1.0
985.0
1.0
20.66294416243655
15.294416243654823
0.0
20.66294416243655
15.294416243654823
0.0
0.7790103515191525
0.0
0.0
46.31182251566768
40.0
30.0
49.4064773081425
49.4064773081425
940.5
36.077389137422884
0.22615842307461226
2052.629456967901
2.1824874608909104
985.0
208.4
254.0
54360694.0
1.6594034387786265
22.0
3.528296901152114
255.0
13.823717179004868
234.24162436548224
236.0
179.0
76.0
9.834465731046262
234.9223740460052
-0.9897601517253094
54360694.0
0.37256409595712336
319.3832420314876
9.483208907260089
2.9996722850217057
14.279114196257908
-1.624837373430953
2.1633393465798343
0.22295531239607527
0.8128774816713134
0.21405483125725944
0.7658667746024108
0.1762147501098103
0.28294656713296984
2.4238622670584578
-0.48813084559510633
0.8874055788905496
0.8938626324852519
0.9870420489379746
0.8944559978945061
0.9574857164531753
0.20626691026079558
0.4685095117666894
2.1884937285549135
0.5965736647439772
73.55664629199455
0.2809559186917267
0.9190660661703283
7.080335518703155
31.552829983230453
335.8427185560138
3.7462699087569886
0.31090016910999
4.453422070468808
53.31152055302526
0.1992074183648682
0.2654822335025381
16.389967974881596
0.4372281114946168
2.089720292129663
0.20566936660810684
7.454545454545454
0.33884297520661155
1.537190082644628
5.909090909090909
12437.40909090909
122228.31818181818
1407.5243055555554
0.5634469696969697
1.7272727272727273
0.07851239669421488
0.1041312250408621
1.0022661748374297
0.047688904903348976
4.06148218672077
0.02233502538071066
10432.811983471074
3.8899983896681136
210.63654822335025
0.2138442113942642
4.636435878275658
366.9756345177665
0.6660248911335
9.4
51.917766497461926
546.6812182741116
6.284468415115623
0.18035109983079528
0.036737695407172075
0.25798632309663855
0.013248028896741268
