1.0
1.0
1.0
40.0
30.0
1.0
224.775
126.0
255.0
1.0
1.0
1.0
40.0
30.0
1.0
0.0
0.0
0.0
40.0
30.0
1.0
904.0
1.0
19.720132743362832
13.133849557522124
0.0
19.720132743362832
13.133849557522124
0.0
0.7009996966322107
0.0
0.0
49.102922614591776
40.0
30.0
49.4064773081425
49.4064773081425
851.5833333333334
34.42113385658376
0.22730533784126075
1911.4337885021014
2.244564581859792
904.0
219.0
255.0
52016275.0
1.51967250176396
25.0
1.9208066590471569
255.0
12.29987665439737
239.46349557522123
243.0
210.0
45.0
10.293445779932267
239.87523259475827
-0.5048644753408204
52016275.0
0.36206584305740463
197.3614992853787
5.182350688026951
2.1898344639491514
6.335228175041996
-0.5840821066297713
1.793707443290789
0.2461502765916592
0.7583902405853842
0.24489775114900086
0.8013829914078504
0.18448128477782638
0.2337844311629131
2.3966673086825336
-0.3926031920841142
0.8269399630423082
0.8776763769697654
0.9754427812074185
0.8777598786659425
0.9388381884848828
0.2438017913866748
0.33208941662065333
2.146501275356428
0.5099644299706121
101.88763908748541
0.35893392368448856
0.5395721022883944
4.205145688521713
19.20420617818159
113.13882807420205
5.3789912096968955
0.4554757690579924
4.10091347944905
57.69122682534568
0.19635959088435642
0.3141592920353982
8.092301468987415
0.40675173771772055
1.2872308432461632
0.23970820281733216
12.73913043478261
0.553875236294896
0.7674858223062382
3.217391304347826
8702.521739130434
40060.913043478264
2305.1944444444443
0.7355072463768116
2.5652173913043477
0.11153119092627599
0.24093310312029972
0.32928016407243615
0.23111665035387635
3.6211755429194663
0.025442477876106196
7157.689981096408
4.068064980719664
163.50442477876106
0.18086772652517816
4.006460960137834
327.3075221238938
0.5354165850888871
5.136061946902655
46.084070796460175
265.01659292035396
13.564558751229105
0.35561086529006886
0.04075295114153495
0.15366411435723093
0.02242636016757389
