1.0
1.0
1.0
40.0
30.0
1.0
228.75583333333333
129.0
255.0
1.0
1.0
1.0
40.0
30.0
1.0
0.0
0.0
0.0
40.0
30.0
1.0
838.0
2.0
19.42124105011933
15.570405727923628
0.0
19.42124105011933
15.570405727923628
0.0
0.6750064991679917
0.0
0.0
46.589651647538524
40.0
30.0
49.4064773081425
49.4064773081425
786.6666666666666
31.448317656061235
0.2318859727442238
1777.202076137898
2.2591551815312263
838.0
226.0
255.0
49405065.0
1.2937137886726777
20.0
1.941659380163642
255.0
9.549207967601005
242.56443914081146
246.0
220.0
35.0
8.074497683725776
242.808411759153
-0.5239443490320354
49405065.0
0.44561434487158313
118.41768530596202
5.739722808922645
2.3527686035579256
2.3385745555455864
-0.08604494401018598
1.0677306400345634
0.2515317375832005
0.6181363864495713
0.24814669603195397
0.8109050907925531
0.18786042604422115
0.29880760246539934
2.0923648834896618
-0.2891837739098271
0.7035180352261466
0.8762651561391477
0.9750030589286605
0.8764908255758974
0.9381325780695737
0.24518478467461327
0.4232049092771045
1.831813259550981
0.32981559440444097
103.64541183301603
0.38381256778159367
0.48339081097157477
4.805307334194375
18.42416860334869
110.9906260288054
3.8094525300756317
0.36560725801085414
3.8470110879715804
54.052618171519995
0.19414659122681452
0.32070405727923623
7.702377076749867
0.38652208621368545
1.2669408239114113
0.2246534998157
23.81081081081081
0.6435354273192111
0.5595325054784513
2.4594594594594597
5810.756756756757
26391.81081081081
1368.9166666666665
0.8153153153153153
7.162162162162162
0.19357195032870708
0.3636276720892683
0.3657639567903829
0.36336209500027067
2.9867822586687427
0.0441527446300716
5297.795471146823
3.7270638254424093
145.29355608591885
0.1733813318447719
4.009415530784172
373.42482100238664
0.364940106287843
5.652744630071599
45.41050119331742
279.27326968973745
8.954885971890745
0.25580084858127816
0.04981065575483265
0.17222300450057157
0.029560275988519884
