1.0
1.0
1.0
40.0
30.0
1.0
215.98
154.0
255.0
1.0
1.0
1.0
40.0
30.0
1.0
0.0
0.0
0.0
40.0
30.0
1.0
651.0
3.0
20.559139784946236
14.66205837173579
0.0
20.559139784946236
14.66205837173579
0.0
0.6903399448161921
0.0
0.0
47.459217782098136
40.0
30.0
49.4064773081425
49.4064773081425
587.75
32.76299378471327
0.23786162107513326
1426.5538668728339
2.4271439674569697
651.0
220.0
255.0
37459145.0
1.4676123997480934
23.0
1.8688070552297955
255.0
11.278373576277547
239.5284178187404
242.0
214.0
41.0
9.629879646747096
239.87690455622803
-0.40905701254566107
37459145.0
0.38594764995835307
167.0663967286533
5.273553490591334
2.23634087265256
4.2874874560812435
-0.32164293502837504
1.407036399715016
0.3178925853446767
0.6320153002254569
0.3103549405021198
0.9122820054343247
0.22006594551359895
0.23408384959907197
2.4272539960162165
-0.2665638683095213
0.7200947984744137
0.8455762942331957
0.968558632765958
0.8460788038893662
0.9227881471165978
0.3037595012648826
0.3614550595167876
2.0929570100053922
0.4312322462649232
98.95994953085176
0.36539827570513306
0.5247190100007908
4.193129146442619
10.387783675873413
59.867276796107056
2.6263614514126226
0.4515009057998074
3.6044914531494117
77.52650418647501
0.2817652431635011
0.41551459293394777
4.309019078946899
0.5288209613219822
1.6993217801437623
0.3106605948658855
20.53846153846154
0.5266272189349113
0.5562130177514792
2.6923076923076925
2727.25641025641
12568.666666666666
663.5420227920229
0.7478632478632479
7.717948717948718
0.19789612097304404
0.4498308342542116
0.6193812206669803
0.40846596015312314
3.5596850673543843
0.059907834101382486
2448.6232741617355
4.154083588011758
90.29032258064517
0.1386948119518359
4.461768613099072
251.25192012288787
0.478106469781808
5.102918586789555
36.67741935483871
218.43625192012288
8.633171189622802
0.3361068441713603
0.07249752957734268
0.22135565199226415
0.046497007137926885
