1.0
1.0
1.0
40.0
30.0
1.0
234.51416666666665
142.0
255.0
1.0
1.0
1.0
40.0
30.0
1.0
0.0
0.0
0.0
40.0
30.0
1.0
995.0
1.0
17.121608040201004
14.61708542713568
0.0
17.121608040201004
14.61708542713568
0.0
0.7722382972905821
0.0
0.0
44.23957085807974
40.0
30.0
49.4064773081425
49.4064773081425
948.5833333333334
34.16349087230955
0.22456271902490038
2079.04294157242
2.1917346304901204
995.0
229.0
255.0
60235368.0
1.2808593671743977
13.0
3.6859639814254987
255.0
8.586189237645515
245.81306532663316
250.0
213.0
42.0
6.036735315952231
246.04482984094034
-1.2860665108559983
60235368.0
0.4464018585389259
113.99520618166208
6.4485784757877775
2.493848900377628
3.3478033071353375
-0.8332476588156496
1.1700322805246564
0.2529314446003913
0.6439883532129992
0.2479369816989516
0.8151062703579377
0.18951966935826997
0.3048581329073976
2.0971454230085604
-0.29365738968983723
0.708564599555968
0.8765309554406682
0.9749373692123349
0.8768639196340975
0.9382654777203341
0.24356682666019192
0.4551941685765215
1.8340618389284127
0.3557409312812619
113.94694723751164
0.38032117427465073
0.491979756763796
5.3008690361270006
22.21577236302479
160.3272303840742
3.8896973749720747
0.32608249431671066
4.063221978520498
63.15660216130438
0.20303028650361837
0.3007537688442211
9.962406919844067
0.4192008746121154
1.7089020697092119
0.19300076046035566
11.846153846153847
0.4556213017751479
0.6982248520710059
3.3076923076923075
8972.5
60223.5
1590.3482905982905
0.6794871794871795
3.4615384615384617
0.13313609467455623
0.28341798461530515
0.3518171759982668
0.27401233746824427
3.6423714487438974
0.02613065326633166
7507.965976331361
3.770536538009372
178.78693467336683
0.1796853614807707
4.351722431251736
444.16984924623114
0.3871962829221484
6.445226130653267
47.8321608040201
340.7768844221105
8.378224455611392
0.2283082077051926
0.042065116619884504
0.19387974088760762
0.019089192251957134
