1.0
1.0
1.0
40.0
30.0
1.0
232.7775
132.0
255.0
1.0
1.0
1.0
40.0
30.0
1.0
0.0
0.0
0.0
40.0
30.0
1.0
923.0
1.0
18.62296858071506
15.041170097508125
0.0
18.62296858071506
15.041170097508125
0.0
0.8262302162852047
0.0
0.0
43.17502437472
40.0
30.0
49.4064773081425
49.4064773081425
872.0
35.67250972724389
0.22699902052082774
1944.4844055127276
2.2299133090742287
923.0
228.2
255.0
55510654.0
1.244992096550891
17.0
2.3926893256861814
255.0
9.102286692905158
245.00975081256772
249.0
219.0
36.0
7.134939759036147
245.23774919344925
-0.8242757082457306
55510654.0
0.45198719611610827
111.77563623259685
6.40459366294333
2.4854093120958107
2.442202545160697
-0.5024778728933568
1.1015693551588188
0.19241177865569287
0.702896873114524
0.19119373559542274
0.7045900860559647
0.1550737498456889
0.33633329038851056
1.9247416833378366
-0.37679749934619167
0.7653391626346121
0.9045249365083157
0.9808150395064432
0.9046061393790003
0.9522624682541578
0.1901279479176864
0.45258801858436526
1.728361875066251
0.32349528345362794
96.72304091943094
0.3981422577209368
0.45608813114553504
5.0414046327429745
32.36421277522639
234.32272840102917
5.382250207739755
0.33329532666113637
4.109062247261433
47.05383995481214
0.19045870075948185
0.26191765980498377
16.57435660753129
0.41359794910856823
1.59864685811375
0.20069414557917667
15.5
0.5535714285714286
0.6058673469387755
2.75
9197.25
67612.75
1448.6924603174605
0.7609126984126985
6.142857142857143
0.2193877551020408
0.46610854595089324
0.4905329130370407
0.4630903291132163
3.0296964395284087
0.030335861321776816
8110.605867346938
3.5834233685311103
194.08775731310942
0.2102792603608986
4.424279488079406
417.18418201516795
0.3526890151644092
6.310942578548213
52.098591549295776
360.4149512459372
9.072709762850607
0.2211989888046226
0.044247642789309455
0.17595840679677033
0.023659098441741057
