1.0
1.0
1.0
40.0
30.0
1.0
148.33083333333335
70.0
232.0
1.0
1.0
1.0
40.0
30.0
1.0
0.0
0.0
0.0
40.0
30.0
1.0
654.0
2.0
16.834862385321102
11.41131498470948
0.0
16.834862385321102
11.41131498470948
0.0
0.7702493321975215
0.0
0.0
39.157299384734415
40.0
30.0
49.4064773081425
49.4064773081425
606.5
30.1608837017501
0.24603977201614635
1408.313509524197
2.3220338161981813
654.0
154.0
201.0
21155265.0
1.667872171604002
29.0
2.3495151662793266
232.0
15.400274948797799
178.92201834862385
179.0
146.0
86.0
11.953725769037169
179.85410754275256
0.14331660085648226
21155265.0
0.3634982090920143
334.4113500547092
7.9203115981520495
2.7503570437419147
9.00394614900577
0.6387768009209429
1.8125567276425971
0.38951853109286627
0.6465660554192565
0.35764488835097213
1.0102133046976292
0.2586926660757555
0.20414670237496227
2.8017940553313845
-0.2624825598957426
0.7483225366776154
0.8243649200987032
0.9852721544492815
0.8264898296148296
0.9411514148639306
0.32975545095181474
0.35223832540009015
2.3569754942555603
0.5505188146838659
87.49382803981203
0.3170300527748853
0.8016267911996453
7.2498119429270504
11.177719560909383
90.81534287175792
1.7390666320888797
0.2514061647548661
3.9227365995304555
81.11997189139043
0.28944844274764303
0.4208715596330275
5.212868658871736
0.5368191629589125
3.533612756954583
0.17546416712893884
16.568627450980394
0.3248750480584391
1.4309880815071123
5.352941176470588
1761.2549019607843
14283.117647058823
246.03958061002177
0.5710130718954248
14.372549019607844
0.2818146866589773
0.545695042155509
1.4238509232241108
0.4608704647485002
3.4446357220823223
0.0779816513761468
1596.8119953863898
4.389560369151135
86.565749235474
0.13236353094109174
4.672670650618635
237.72782874617738
0.5957621412339028
7.747706422018348
36.403669724770644
297.15443425076455
5.535984114848794
0.19503440366972477
0.08599144179701555
0.45123722226459956
0.044236387339761166
