1.0
1.0
1.0
40.0
30.0
1.0
174.2475
68.0
255.0
1.0
1.0
1.0
40.0
30.0
1.0
0.0
0.0
0.0
40.0
30.0
1.0
665.0
4.0
12.914285714285715
13.216541353383459
0.0
12.914285714285715
13.216541353383459
0.0
0.8274034010283037
0.0
0.0
41.3876208791914
40.0
30.0
49.4064773081425
49.4064773081425
615.75
34.244258275913005
0.24676527301157256
1418.4140666587164
2.3035551224664497
665.0
181.0
255.0
33011643.0
2.1711651377042376
55.0
1.701017013266673
255.0
24.68018768726327
221.0360902255639
220.0
169.0
86.0
22.133254599838853
222.8038788285622
-0.2251091499254971
33011643.0
0.23438068856351402
784.6152388490023
13.80717115287129
3.5444383931544485
50.602428505713156
-1.3845914106946333
5.357051889085161
0.3819560274959573
0.8668366940184737
0.34976883782538104
0.9898852765529151
0.25210709347437366
0.14321793125601634
3.2447397951719363
-0.46170221881440177
0.9221101551651822
0.8283343000543671
0.9855804806737241
0.8303691002656797
0.942463625895065
0.32265349762344525
0.26977594812762373
2.8315436224515627
1.4347519791452799
62.811839824793594
0.2299068156103542
1.4066052700978493
9.784916974322742
12.694044926908877
224.23584699127287
1.2341984051536126
0.23891714741959572
4.14149238445081
86.45634281511113
0.30494168906314845
0.41052631578947374
6.22645690502946
0.5530652293097323
4.201638801288855
0.17679337536235828
12.565217391304348
0.2731568998109641
1.3898865784499055
6.021739130434782
1126.3695652173913
21009.434782608696
94.88065821256038
0.48679347826086955
7.6521739130434785
0.166351606805293
0.3866606927733245
0.9891433526595956
0.2840034713827967
4.245113362422792
0.06917293233082707
917.3785444234401
4.673981801643711
91.22556390977444
0.13718129911244276
5.135765730114761
155.86315789473684
1.5677675391486232
13.302255639097744
37.80601503759399
633.9458646616541
3.580774018379281
0.1600187969924812
0.07363199050157518
0.5355964175840204
0.03093052328300438
