1.0
1.0
1.0
40.0
30.0
1.0
171.15833333333333
80.0
255.0
1.0
1.0
1.0
40.0
30.0
1.0
0.0
0.0
0.0
40.0
30.0
1.0
689.0
3.0
22.660377358490567
11.831640058055152
0.0
22.660377358490567
11.831640058055152
0.0
0.5706810349621861
0.0
0.0
49.62435295773888
40.0
30.0
49.4064773081425
49.4064773081425
637.5833333333334
28.319677105251248
0.2429031714743205
1474.830951051586
2.3131579417878747
689.0
174.0
245.0
29232454.0
2.107386270716032
38.0
2.2215948024745353
255.0
20.81440256487495
204.42960812772134
200.0
166.0
89.0
15.794928122711681
205.97903848712684
0.5125525501328699
29232454.0
0.26048773911413226
635.8996168275683
8.784148181735693
2.801386911375808
45.2082322800981
4.796380429124811
4.238154773280267
0.4937002682059892
0.7916945639145652
0.44498402521178326
1.1003981522360986
0.2903008481327173
0.11722667126319501
3.4491557024519683
-0.348283111326806
0.870687838130632
0.7823796116935291
0.9814136925388213
0.7855197880767343
0.9269882225491072
0.4033732812283035
0.2206023512054331
2.903875227243595
1.182963760371564
90.05071262315488
0.267729078190401
1.0919379869072352
7.140031762659673
7.095170111027885
71.64436729551298
1.396981320943108
0.3198986354646102
3.8622191939458324
119.26939556269816
0.34516713167366775
0.4887518142235123
2.637365412530347
0.5954424230255522
3.564601533460041
0.23354670932407862
20.307692307692307
0.3905325443786982
1.2840236686390532
4.6923076923076925
964.75
7158.192307692308
191.44081730769233
0.6365865384615385
10.961538461538462
0.21079881656804733
0.44687791481006467
1.2137654762570682
0.3590369063985351
3.784065017094868
0.07547169811320754
789.1875
4.82252103767331
95.57764876632801
0.13871937411658639
4.029638461327812
179.47605224963715
1.2191666262920746
8.522496371552975
29.937590711175616
311.2249637155297
5.350229398484115
0.2535707950330592
0.08963761308157085
0.4820555703198335
0.0453208681062046
