1.0
1.0
1.0
40.0
30.0
1.0
191.37666666666667
78.0
255.0
1.0
1.0
1.0
40.0
30.0
1.0
0.0
0.0
0.0
40.0
30.0
1.0
716.0
2.0
16.649441340782122
14.779329608938548
0.0
16.649441340782122
14.779329608938548
0.0
0.6021820867275836
0.0
0.0
44.64526994723619
40.0
30.0
46.647615158762406
46.647615158762406
674.3333333333334
26.884581819342966
0.24620319426864962
1510.4517614026613
2.239918578451796
716.0
197.0
249.0
36674760.0
1.7338084768998998
27.0
2.2726102589291184
255.0
15.314409662619768
225.56424581005587
227.0
184.0
71.0
11.405217391304348
226.32218592876708
-0.4181569439613399
36674760.0
0.3415428669517181
342.50285571611374
7.279436074662764
2.620412760059072
11.343301530406784
-0.6932537930696527
2.0557645678994265
0.4046783397197873
0.6705052343690843
0.36963038301930756
1.0256361424693805
0.2643945302945887
0.19287455133168732
2.8900796138537093
-0.26938307405186857
0.7609454438233336
0.8186896041603942
0.9768138851347269
0.8210261346070928
0.9272421886194878
0.33896342090638776
0.35972579785549746
2.4396551666790085
0.6151107269048034
86.74004061802425
0.2939209456513332
0.8354798387901423
6.290218885173775
11.651346476846927
90.50201236010436
2.2027598492037668
0.33951067595952833
3.993942811333227
88.25168662235171
0.2924316629149611
0.41166201117318435
5.354222266446411
0.5429958458959774
2.845827516234291
0.22914485239199517
14.777777777777779
0.32839506172839505
1.020246913580247
4.844444444444444
2644.3555555555554
22038.68888888889
365.5175925925926
0.5126543209876543
6.511111111111111
0.14469135802469135
0.22693702879234587
0.6447870186892893
0.1555663834449867
4.299597886231817
0.06284916201117319
2391.1920987654316
4.517935822675906
93.85195530726257
0.13107814987047844
4.791072376018226
244.54469273743015
0.6866729346774445
7.155027932960894
37.357541899441344
295.0768156424581
6.922427839851024
0.2576233705772812
0.06391108033840477
0.32946589098861145
0.027893870164830446
