1.0
1.0
1.0
40.0
30.0
1.0
223.1
122.0
255.0
1.0
1.0
1.0
40.0
30.0
1.0
0.0
0.0
0.0
40.0
30.0
1.0
1027.0
2.0
18.139240506329113
15.774099318403115
0.0
18.139240506329113
15.774099318403115
0.0
0.7442230027889125
0.0
0.0
44.61236920051426
40.0
30.0
49.4064773081425
49.4064773081425
987.9166666666666
33.20155136793432
0.22539566640840158
2128.231029432517
2.1542616915386086
1027.0
215.0
246.0
55152858.0
0.9187872509547568
14.5
2.7359364203374246
255.0
8.787851666162586
231.47030185004868
232.0
203.0
52.0
6.2149992236426685
231.73881900469408
-0.4309954737346383
55152858.0
0.6155694969987552
124.37959513770835
3.440998791796937
1.817769911360388
1.577043555689903
-0.48798026005315254
0.666850449552215
0.12005568848417056
0.6944813392606681
0.12005568848417056
0.5268288434285746
0.10524606006718257
0.534774387054899
1.41744767976008
-0.40424418802134815
0.7124723089584352
0.9399721557579146
0.9879944311515829
0.9399721557579146
0.9699860778789574
0.12005568848417056
0.7100251651604446
1.29739199127591
0.19672653450909633
77.48428630193337
0.43456461602455754
0.38355433399451666
3.0512614836144247
76.2659335762277
286.8156647274294
23.955348777039955
0.571368963280728
4.506802902786556
21.924798730681083
0.11946366849921772
0.17356377799415773
39.91974481568054
0.2558708696709767
0.765342490314479
0.1780547010512168
5.615384615384615
0.4319526627218935
0.9230769230769231
4.923076923076923
47065.153846153844
184350.3076923077
12758.651709401709
0.532051282051282
1.9230769230769231
0.14792899408284024
0.1616005274530824
1.2812590353233722
0.03719397266024872
3.334679141051591
0.012658227848101266
40824.15384615385
2.901951993554409
315.78675754625124
0.30748467141796615
2.9951162810541856
632.1898734177215
0.20745802950331316
3.431353456669912
60.92989289191821
216.98344693281402
22.48017418587039
0.4170453316022936
0.024140032856880354
0.08778927725657684
0.011652160070635055
