1.0
1.0
1.0
40.0
30.0
1.0
237.94166666666666
141.0
255.0
1.0
1.0
1.0
40.0
30.0
1.0
0.0
0.0
0.0
40.0
30.0
1.0
1135.0
1.0
20.344493392070486
14.69603524229075
0.0
20.344493392070486
14.69603524229075
0.0
0.7748621755330705
0.0
0.0
45.16352172051084
40.0
30.0
49.4064773081425
49.4064773081425
1095.6666666666667
34.99550469509011
0.2198950555869931
2337.334986355392
2.133253714349308
1135.0
228.0
254.0
66334431.0
1.1286337848187677
17.0
2.623505219175321
255.0
9.095220167284443
241.5215859030837
246.0
209.0
46.0
7.198651238959434
241.75283369408297
-0.6821702743761989
66334431.0
0.5370498166081237
111.75614197830349
5.079502976258285
2.2037314350019317
2.737431485259129
0.3554015078299267
0.9815214820226617
0.08932656053623796
0.83317293137785
0.08932656053623796
0.43005918580849034
0.08090556189185627
0.47534223067260106
1.5350335991726647
-0.5994434499165131
0.8526131358247386
0.9553367197318811
0.9910673439463762
0.9553367197318811
0.9776683598659406
0.08932656053623796
0.6460962032132058
1.445707038636427
0.2677120106397249
62.848083300528046
0.40160231166995564
0.45284252896275
4.1884754537309785
107.89768449577151
557.6454959592943
24.582220358699985
0.42171587411746253
4.532313338476657
16.140239082628582
0.10264760670763448
0.13744493392070484
45.39350831029719
0.2471813085780584
0.5162791855226045
0.19736686932631556
5.4
0.54
0.44
2.4
40154.1
199822.8
9072.925
0.7611111111111111
1.2
0.12
0.2371900593322406
0.23720479408948408
0.23718777284517198
3.1219280948873593
0.00881057268722467
27271.85
2.747704583037022
507.3224669603524
0.4469801471016321
2.928413902850822
609.5515418502202
0.2800721923577015
5.046696035242291
65.3453744493392
340.7753303964758
15.256363191385217
0.2643906020558003
0.023077343908684374
0.09387289197780598
0.010231331291104937
