1.0
1.0
1.0
40.0
30.0
1.0
222.32
91.0
255.0
1.0
1.0
1.0
40.0
30.0
1.0
0.0
0.0
0.0
40.0
30.0
1.0
1121.0
1.0
19.727029438001786
15.12756467439786
0.0
19.727029438001786
15.12756467439786
0.0
0.701114032009587
0.0
0.0
47.423132625119486
40.0
30.0
49.4064773081425
49.4064773081425
1084.4166666666667
33.249023725322914
0.2213194980086633
2306.3678233952633
2.126828085817502
1121.0
206.0
243.0
58917835.0
1.2894319489078676
16.0
3.753338486480763
255.0
11.067555491186425
228.79482604817127
232.0
180.0
75.0
7.149828197196335
229.25593292918126
-0.9815895780105337
58917835.0
0.5168421211786023
211.21035681630633
7.699695848179451
2.717416515675234
8.129977398667238
-1.6466389301086055
1.4204530060044591
0.15913668018608895
0.7985877781971065
0.15345491305530956
0.6286649698284873
0.13518782642883145
0.4326408549591628
1.9253433673657092
-0.4802312598241991
0.8374274777339962
0.9238407201854231
0.9907392852913615
0.9242195046608084
0.9694984096266308
0.14848336681587757
0.6346206016899898
1.7556750609817773
0.394897421547637
73.03390664070378
0.3359631452328222
0.6659022981359002
6.255869001065526
65.17857716224006
556.6082062853502
8.97334204978629
0.30192703849644126
4.7830935643302706
30.502080183905747
0.13793206471856068
0.1933541480820696
36.54017088485563
0.33357796221391894
1.5626142583794447
0.14956107944315034
9.5
0.3958333333333333
1.0208333333333335
4.083333333333333
25765.791666666668
225368.25
3096.030671296296
0.6270254629629629
3.4166666666666665
0.1423611111111111
0.2457872837034105
0.9729249642562077
0.19427770903744138
3.6531071683628062
0.021409455842997322
23584.123263888883
3.3395648415327326
338.6842105263158
0.30212686041598197
3.742900319184238
579.3800178412132
0.41220364447761926
7.718108831400535
59.292595896520965
485.5842997323818
9.51271186440678
0.193143522648429
0.030294698189514677
0.18455435821865668
0.011272607145095348
