1.0
1.0
1.0
40.0
30.0
1.0
207.545
100.0
245.0
1.0
1.0
1.0
40.0
30.0
1.0
0.0
0.0
0.0
40.0
30.0
1.0
894.0
1.0
19.44407158836689
13.960850111856823
0.0
19.44407158836689
13.960850111856823
0.0
0.6916688033709343
0.0
0.0
49.29772491049651
40.0
30.0
49.4064773081425
49.4064773081425
841.5
34.097698397752616
0.22788252109763185
1891.5123848485289
2.247786553593023
894.0
206.0
237.0
45404893.0
1.1176951778644386
13.0
3.56809949905497
245.0
8.979430355989972
225.0704697986577
229.0
191.0
54.0
6.086872428658067
225.36297592378824
-1.1281483287022187
45404893.0
0.5193785064736824
131.75454183745475
7.261186876996934
2.658451903280019
2.6204634104242768
-0.9896539521561767
0.9428900784034979
0.1679142685791563
0.6971049875071593
0.1654206462506774
0.6498049268862658
0.1396854361800365
0.4401079214109136
1.665812920652294
-0.38153599948102834
0.732749639380863
0.9175390391075092
0.9833236634033988
0.9177052805960745
0.9587695195537547
0.16323872671325837
0.6227623213687643
1.4912859925896367
0.2777010867456635
86.12486183505865
0.39389725682072724
0.46303355600687157
5.308851702449815
39.3332511164876
322.69013020137436
5.408429100637475
0.315065558628003
4.082533520241166
42.04855612817239
0.187532255551579
0.24328859060402686
21.006282362725397
0.4213557551888559
1.5303494119394643
0.2029508851907714
13.518518518518519
0.5006858710562414
0.6200274348422495
2.925925925925926
8449.851851851852
64617.48148148148
1260.0843621399179
0.7242798353909465
7.37037037037037
0.2729766803840878
0.5265181729198505
0.8843105586966842
0.48244152291844006
2.985463890651711
0.030201342281879196
7353.506172839506
3.1921785070323656
222.82997762863533
0.2492505342602185
4.55416422683663
464.324384787472
0.3210015564864446
7.125279642058166
54.308724832214764
429.3870246085011
7.816057668406661
0.19077802634849614
0.04499686574024754
0.19265739888216452
0.023160095876807375
