1.0
1.0
1.0
40.0
30.0
1.0
196.51416666666665
112.0
240.0
1.0
1.0
1.0
40.0
30.0
1.0
0.0
0.0
0.0
40.0
30.0
1.0
736.0
1.0
19.213315217391305
14.066576086956522
0.0
19.213315217391305
14.066576086956522
0.0
0.7078536820360776
0.0
0.0
46.8662092903514
40.0
30.0
49.4064773081425
49.4064773081425
685.75
33.174418809248664
0.2399869652565943
1567.0169041092329
2.285113968806756
736.0
200.0
233.0
35107382.0
1.3170669891901308
16.0
2.3963326033049475
240.0
9.604545723062383
218.08423913043478
220.0
191.0
49.0
7.117242664795404
218.40386279232493
-0.4413891196859134
35107382.0
0.4464828981568998
139.511925508034
5.448619120826061
2.285035171958846
2.5487198777782547
0.1450631039016494
1.1006714672856912
0.19224784270565742
0.7008928592989971
0.1914567034651511
0.6995718019225894
0.15395094744980609
0.3454040943768941
1.9453135348301405
-0.4010017704860312
0.7833220807254802
0.9043507621914751
0.9808117298482268
0.9044035048075089
0.9521753810957376
0.19076445662970806
0.5000648635441715
1.7504237979110728
0.3232298274978371
73.85974680690154
0.3604729609428764
0.5336950500914663
4.287456437424468
29.657373413031983
167.87381153054108
6.548089057060445
0.44241326217828775
3.936207890625287
44.88060197475159
0.21268040218026638
0.2781929347826087
15.17106958878361
0.45429970033018496
1.252705918316278
0.3142667793729945
23.64864864864865
0.6391526661796932
0.49817384952520094
2.324324324324324
4673.135135135135
23880.297297297297
1032.1253753753754
0.8190690690690691
9.432432432432432
0.25493060628195763
0.5141069545920665
0.7482774216293726
0.4868334410821773
3.0064864736201087
0.050271739130434784
4277.447772096421
3.631385068809727
149.9048913043478
0.2036751240548204
5.1257605741965975
328.61141304347825
0.3737871426039697
5.332880434782608
51.01902173913044
295.9035326086956
10.616130736714977
0.279098731884058
0.05805110380756569
0.17225408023767078
0.03932621118316713
