1.0
1.0
1.0
40.0
30.0
1.0
213.32416666666666
165.0
242.0
1.0
1.0
1.0
40.0
30.0
1.0
0.0
0.0
0.0
40.0
30.0
1.0
825.0
1.0
20.82060606060606
14.555151515151515
0.0
20.82060606060606
14.555151515151515
0.0
0.8713756565527755
0.0
0.0
43.35432398215478
40.0
30.0
47.20169488482379
47.20169488482379
773.8333333333334
37.77790252435186
0.23227735387770887
1754.8589303873885
2.267747917795462
825.0
212.0
235.0
41595269.0
0.9957894326551135
13.0
2.1101254969508756
242.0
7.062779063360882
224.38424242424242
225.0
207.0
35.0
5.558915044602715
224.54065974515146
-0.2552012665703692
41595269.0
0.5029157024793388
70.21963048668502
2.6118490063995843
1.5646570690475872
0.8518138883393261
-0.19018252694344334
0.8189027955072835
0.1642444014863554
0.6658215597759178
0.1642444014863554
0.6391466114650373
0.13628958481435965
0.3721368166888209
1.6244882618810768
-0.3554193083495475
0.7045451158526493
0.9178777992568223
0.9671511197027289
0.9178777992568223
0.9452518661712148
0.1642444014863554
0.4825348683044097
1.460243860394722
0.24578679924840974
105.63557711951799
0.5168279566316608
0.24158602168416965
2.245815948098249
30.926900948722107
92.99553430317343
15.409742610109273
0.6885460129754378
3.883943767212409
31.07225808733992
0.14769758179611908
0.2487878787878788
12.40466871078821
0.24510504350517148
0.41808482376631345
0.201860098439886
2.6
0.52
0.24
2.8
47435.0
103553.0
33405.5
0.55
1.0
0.2
0.050072928248956115
0.050287535915464435
0.05001927633232904
2.321928094887361
0.006060606060606061
20210.0
3.3805128728533305
172.92
0.2096
2.90414839302112
414.9054545454545
0.24854214876033057
2.6145454545454547
52.04
145.71272727272728
28.62181818181818
0.5963636363636363
0.026257291356497705
0.06109961825358651
0.017546709632225505
