1.0
1.0
1.0
40.0
30.0
1.0
203.4
119.0
255.0
1.0
1.0
1.0
40.0
30.0
1.0
0.0
0.0
0.0
40.0
30.0
1.0
776.0
1.0
17.43041237113402
14.8659793814433
0.0
17.43041237113402
14.8659793814433
0.0
0.6760833943110884
0.0
0.0
48.4663784422614
40.0
30.0
49.4064773081425
49.4064773081425
730.4166666666666
32.76731364720985
0.23987701345487547
1635.0935585830307
2.2385764635477887
776.0
209.0
242.0
40087175.0
1.327942220750502
16.0
3.0526449211678575
255.0
9.771276171750454
226.93943298969072
229.0
194.0
61.0
6.476316934136121
227.28557074768977
-0.3318498508455375
40087175.0
0.4629709586566054
157.22442442076738
7.4368770947763725
2.68137911949614
4.109384763596847
-0.2688615508594143
1.1729322256755699
0.1847552690963139
0.7269227430838412
0.17968523160502392
0.6878069941910432
0.1515452580938476
0.36198470273946065
1.983022448160371
-0.4240634454443467
0.8062849772117899
0.9106643879466171
0.9892215142441807
0.9110023904460364
0.9642319549287048
0.1752489488001452
0.5397375274279435
1.7870816475222333
0.33942187369297094
74.6481945079271
0.3804373479905204
0.5270174116637862
6.121599319549709
31.776608285869678
250.26799857563554
4.7583342219190214
0.2673592672330267
4.2161504772180045
35.68082375766653
0.17568171712123953
0.25257731958762886
14.601920869846001
0.4000378859810595
1.7128083116922945
0.16109519080095472
9.285714285714286
0.4421768707482993
0.8888888888888888
3.6666666666666665
7642.285714285715
55679.76190476191
1222.7645502645503
0.6789021164021164
4.333333333333333
0.20634920634920634
0.44306455287647967
0.9225634268266566
0.3894453251689734
3.134871139132723
0.027061855670103094
6276.807256235827
3.6135387336167657
177.55154639175257
0.22880353916462962
4.4557604421298755
359.2654639175258
0.375702452439154
7.375
53.16752577319588
420.5476804123711
7.936533505154639
0.18239905498281786
0.04160182579618331
0.20999899896718902
0.018084743156438973
