1.0
1.0
1.0
40.0
30.0
1.0
243.50166666666667
204.0
255.0
1.0
1.0
1.0
40.0
30.0
1.0
0.0
0.0
0.0
40.0
30.0
1.0
484.0
3.0
16.56198347107438
12.913223140495868
0.0
16.56198347107438
12.913223140495868
0.0
0.5641359998764627
0.0
0.0
47.63730652285337
40.0
30.0
47.70744176750625
47.70744176750625
440.25
26.873919546691422
0.26609541835982625
1051.751089719247
2.3889860073123157
484.0
245.0
254.0
30053922.0
0.9791944921332977
8.0
1.4754999010631535
255.0
3.3826753637046663
249.1611570247934
247.0
245.0
10.0
3.143996584447592
249.18844308131398
0.3627642452474174
30053922.0
0.5143518202308586
13.597995355508498
2.3206092957365065
1.4580916904743357
0.9030269044690361
0.14035681318199303
0.8851859083537863
0.10733155137300104
0.7838609235789904
0.10733155137300104
0.4880575802506224
0.09531986638684183
0.4084214037497645
1.4820598663783962
-0.5100462374235958
0.7957731047957487
0.9463342243134996
0.9785336897253998
0.9463342243134996
0.9642228162089996
0.10733155137300104
0.48824253383916383
1.3747283150053953
0.24812936493169685
67.58160614715082
0.5883557285098091
0.20582213574509545
1.879595063239494
32.663841974748074
85.74151941219954
19.394422615385206
0.7801012341901266
3.8007825479394963
17.502219003215718
0.14638425556805484
0.2381198347107438
13.060042046476006
0.3261128764656889
0.5393465148645868
0.2728044668659643
5.0
0.5555555555555556
0.2222222222222222
2.0
5968.222222222223
15697.888888888889
3535.8055555555557
0.75
1.0
0.1111111111111111
0.15217176887261288
0.23586377339438924
0.13124876774216881
3.169925001442309
0.01859504132231405
3076.1728395061727
3.38887418726168
112.16528925619835
0.23174646540536847
3.846339047879243
248.94628099173553
0.24282408988457072
2.2458677685950414
54.18595041322314
131.05165289256198
34.96952479338843
0.6885330578512396
0.03151472270114045
0.06239844981457536
0.02379379092278172
