1.0
1.0
1.0
40.0
30.0
1.0
221.34
122.0
255.0
1.0
1.0
1.0
40.0
30.0
1.0
0.0
0.0
0.0
40.0
30.0
1.0
991.0
1.0
19.510595358224016
14.961654894046418
0.0
19.510595358224016
14.961654894046418
0.0
0.7486918001041578
0.0
0.0
49.069769027513864
40.0
30.0
49.4064773081425
49.4064773081425
945.5
36.7381337039046
0.22559801665121307
2065.014962236614
2.1840454386426376
991.0
217.0
248.0
54774336.0
1.0689557034597694
12.0
4.154876433428671
255.0
9.01969593139466
234.78708375378406
237.0
197.0
58.0
5.676257229683365
235.0995151810082
-1.0282803770699536
54774336.0
0.6149910241619582
146.8073407386967
8.801196044145282
2.93969946229784
3.5906883334545823
-0.3838859623235965
0.8011192350235541
0.16372076829064997
0.6602503913813385
0.1538767161512674
0.6338676163558268
0.13930983675736758
0.5309689219528375
1.646286268385833
-0.36346475049584925
0.7144287007037371
0.9240460471383045
0.9905430851383038
0.9247023172809301
0.9695527918410592
0.14526317052930768
0.7192889917344544
1.4625588691879476
0.24121000082855107
74.15695988339512
0.3549044053716297
0.614464894810735
7.749032543438447
56.02778444087757
504.4926875225976
6.552238594180236
0.20925731886666668
4.4377544015022945
34.471869594545346
0.1622793575801307
0.2096367305751766
30.381813650941538
0.38986848833470655
2.270489117742177
0.12418849957531536
10.733333333333333
0.35777777777777775
1.0322222222222222
5.166666666666667
19530.433333333334
175648.6
2186.6300925925925
0.46412037037037035
6.266666666666667
0.2088888888888889
0.45072058253055663
1.479639362865587
0.3120276884985461
3.5483943455363973
0.030272452068617558
18439.232222222225
3.127247674442016
287.7406659939455
0.29035385064979363
4.35587288624869
609.4561049445005
0.27014065031295786
8.762865792129162
57.98082744702321
524.6316851664985
6.91655454647382
0.13956161004596926
0.040968203469675044
0.25707835879427826
0.014303077568465562
