1.0
1.0
1.0
40.0
30.0
1.0
215.33916666666667
139.0
255.0
1.0
1.0
1.0
40.0
30.0
1.0
0.0
0.0
0.0
40.0
30.0
1.0
828.0
1.0
20.35024154589372
14.407004830917874
0.0
20.35024154589372
14.407004830917874
0.0
0.8083407491215443
0.0
0.0
43.64074126691958
40.0
30.0
49.4064773081425
49.4064773081425
779.6666666666666
35.27658948792127
0.23455907975893214
1746.510442975895
2.240073248793367
828.0
215.0
244.0
44459641.0
1.0845524328510057
16.0
2.4393730346407976
255.0
9.064791477047306
231.45531400966183
233.0
206.0
49.0
6.646205357142857
231.72228766140262
-0.2488541823161894
44459641.0
0.5455874116082057
123.656215722654
3.4656212600834673
1.8191010887873449
2.3212954297111534
-0.1620523887339424
0.807590298047572
0.18185763306775865
0.6317829140322679
0.18117457295846903
0.680880951704267
0.1481908730132317
0.43422471046828814
1.746364925769393
-0.32719103542556727
0.6982966893881504
0.9094810195316945
0.9818457625444221
0.9095265568723138
0.9547405097658472
0.1805768953628406
0.6296085221074446
1.562029535854336
0.24736198277883267
95.22188420910038
0.4480680327319005
0.3617492681007818
2.8201244706682056
37.99302661620304
142.0622006987104
12.798329058460723
0.6100173822263211
3.9561846549549466
42.44037652089521
0.19337316793950163
0.2563405797101449
21.144537655950582
0.42137445992429273
0.8580508501138431
0.3288186360695229
6.2
0.41333333333333333
0.5066666666666666
3.066666666666667
20655.466666666667
79954.2
5899.079629629629
0.6314814814814814
1.2666666666666666
0.08444444444444445
0.1664478531569886
0.3867691026076319
0.11237011410206395
3.9068905956085143
0.018115942028985508
17608.426666666666
3.401810762435644
189.69565217391303
0.22910102919554715
4.408055030455786
451.7463768115942
0.26395452636000843
3.428743961352657
52.70048309178744
195.65821256038646
19.2181629092861
0.44380703166935054
0.03476343743571861
0.09452027785080752
0.021389320986851333
