1.0
1.0
1.0
40.0
30.0
1.0
244.12583333333333
201.0
255.0
1.0
1.0
1.0
40.0
30.0
1.0
0.0
0.0
0.0
40.0
30.0
1.0
928.0
1.0
17.929956896551722
14.414870689655173
0.0
17.929956896551722
14.414870689655173
0.0
0.7293861264862979
0.0
0.0
46.7474551760103
40.0
30.0
49.4064773081425
49.4064773081425
884.4166666666666
34.09694525392199
0.23010365342407368
1936.4155245744378
2.1894833030145344
928.0
243.0
253.0
57362301.0
0.9912677380558259
6.0
2.84732577495165
255.0
3.0247844827586206
248.59375
249.0
239.0
16.0
2.2736197157434406
248.62185011267266
-0.5558386892266877
57362301.0
0.5060405209571938
13.971814385775861
2.325643198443556
1.464895594843838
0.8681621120358041
0.11191128983492958
0.856843725350066
0.13808717217591693
0.7225517089507691
0.13808717217591693
0.5699225088350238
0.11760716319482095
0.3849273880421875
1.5657296162736758
-0.4286560733881938
0.7497952623974795
0.9309564139120415
0.9723825655648166
0.9309564139120415
0.9539709426080277
0.13808717217591693
0.4660608190682033
1.4276424440977593
0.2487327243814957
98.11454664266091
0.5242933038054607
0.23785334809726963
2.169814887745019
50.193742415512226
115.7999648975079
33.79218679501331
0.7075462780637453
4.257067737060009
21.50848629477357
0.10909866782675198
0.2015086206896552
18.375955727932734
0.21080892257916448
0.3552550785414818
0.17469738358858514
3.5714285714285716
0.5102040816326531
0.24489795918367346
2.7142857142857144
45704.857142857145
71340.71428571429
39295.892857142855
0.5714285714285714
1.2857142857142858
0.1836734693877551
0.2946699254350403
0.7233209111651077
0.18750717900252348
2.807354922057602
0.007543103448275862
28129.67346938775
3.2531667728973903
247.98922413793105
0.26722976739001186
2.9917508917954816
469.6056034482759
0.24697973952140306
2.3351293103448274
57.57327586206897
138.03987068965517
37.45662715517241
0.6662176724137931
0.02564714054124204
0.05629948032054456
0.017984055596416408
