1.0
1.0
1.0
40.0
30.0
1.0
229.24083333333334
97.0
255.0
1.0
1.0
1.0
40.0
30.0
1.0
0.0
0.0
0.0
40.0
30.0
1.0
952.0
1.0
18.715336134453782
13.373949579831933
0.0
18.715336134453782
13.373949579831933
0.0
0.6860651020751555
0.0
0.0
45.57702806147323
40.0
30.0
49.4064773081425
49.4064773081425
906.75
31.268808409276854
0.2273598277281794
1992.6396563329477
2.1975623450046293
952.0
227.0
253.0
56453782.0
1.2629792065028838
11.25
4.205603228641364
255.0
7.972194760257047
243.2941176470588
246.0
210.0
45.0
5.32232001463316
243.51630577123697
-1.3406475727412153
56453782.0
0.464181996327943
108.16349480968857
5.532836716920947
2.304829024158772
2.455351470746055
0.09938003212835078
1.0649337926197346
0.18272977157362524
0.7065912250934652
0.1809876066001687
0.6824322276969317
0.1488919453565228
0.35287414204947626
1.916890760271559
-0.39149657407512023
0.7740306175964397
0.9096804131972613
0.981807430456797
0.9097965575288252
0.9548402065986307
0.17946321224839418
0.5054917731139722
1.7285036803990397
0.31191589104834
86.81515333176536
0.37450350843228414
0.5020351983024666
4.528040623480863
40.6820884109124
238.95195800341844
8.449940255135909
0.40080382973403417
4.227305376261217
42.60871881316173
0.18109480277057738
0.24264705882352944
21.725498304239842
0.41443526103213024
1.359873073118948
0.2510439799494904
15.903225806451612
0.5130072840790842
0.6368366285119667
2.935483870967742
12680.0
64133.22580645161
2807.840501792115
0.7311827956989247
6.548387096774194
0.21123829344432882
0.4512611046976617
1.0727654621397187
0.3519630860192134
3.557931390543506
0.032563025210084036
11736.915712799168
3.5785359953370657
220.390756302521
0.23150289527575738
4.58477508650519
441.9012605042017
0.34499240872819714
5.445378151260504
54.411764705882355
315.63235294117646
11.351015406162464
0.26097105508870216
0.04472913040877727
0.1685200098557942
0.024124941698460686
