1.0
1.0
1.0
40.0
30.0
1.0
237.59166666666667
166.0
255.0
1.0
1.0
1.0
40.0
30.0
1.0
0.0
0.0
0.0
40.0
30.0
1.0
999.0
1.0
21.596596596596598
14.414414414414415
0.0
21.596596596596598
14.414414414414415
0.0
0.7893818225694208
0.0
0.0
42.186412270217474
40.0
30.0
49.4064773081425
49.4064773081425
956.5
33.30118700552925
0.22572188193881
2079.858446430486
2.174446885970189
999.0
234.0
252.0
59905803.0
0.9462737337298918
9.0
3.5389474228264426
255.0
5.56642929215502
244.77577577577577
246.0
224.0
31.0
3.8136242424242432
244.87909010115334
-1.0249182765968838
59905803.0
0.570473376279182
50.58836213590968
5.418959089625485
2.2915431745040262
1.1876495261619149
0.5438486659724471
0.7706677059362164
0.09953214771526092
0.7711766144298967
0.09953214771526092
0.4637800941966088
0.089147041279336
0.48754461005978644
1.3861927707346307
-0.4998020548597314
0.7733736254598635
0.9502339261423696
0.9900467852284738
0.9502339261423696
0.9751169630711848
0.09953214771526092
0.6476814606753584
1.2866606230193705
0.21754996341286925
75.42706374899072
0.46874512836316895
0.32604104343814594
5.742650606967481
83.66911594009122
434.2032485983992
18.203246520027573
0.23694579997616677
4.669379692880332
17.16299777398004
0.1023029677761865
0.16066066066066065
38.18144334236107
0.2729241578331453
1.500946623947672
0.09004263086433571
5.615384615384615
0.4319526627218935
0.9230769230769231
4.923076923076923
41925.46153846154
192074.07692307694
9805.23076923077
0.532051282051282
2.076923076923077
0.15976331360946747
0.36425483544901976
0.5945320367202026
0.33866841320553076
3.0850551027564737
0.013013013013013013
36020.1301775148
2.916627477955728
360.6136136136136
0.36097458820181544
3.1668605542479416
569.902902902903
0.22277131986841697
5.454454454454455
62.68368368368368
336.06306306306305
13.320042264486709
0.21560449338227117
0.026869646952318908
0.1332298004101355
0.009412918502577772
