1.0
1.0
1.0
40.0
30.0
1.0
240.16666666666666
194.0
255.0
1.0
1.0
1.0
40.0
30.0
1.0
0.0
0.0
0.0
40.0
30.0
1.0
861.0
2.0
19.181184668989548
10.493612078977932
0.0
19.181184668989548
10.493612078977932
0.0
0.5881059612731098
0.0
0.0
45.26451409168838
40.0
30.0
49.4064773081425
49.4064773081425
825.8333333333334
26.62033057145262
0.2387829352278024
1782.6897893866535
2.1586556480968557
861.0
242.0
255.0
53954073.0
0.8808645614096764
6.0
4.303448919703942
255.0
3.9146928253752424
250.27758420441347
252.0
233.0
22.0
2.6010767235569126
250.3286411328687
-1.4238628932112445
53954073.0
0.5802789884543943
25.559416231295216
3.118878047752557
1.7216015109944616
1.0745456462071366
-0.588384142778271
0.7114586742488647
0.09185297046165572
0.7702573283146779
0.09185297046165572
0.4376091978352178
0.0828405550367281
0.5155036226080116
1.273932058026743
-0.505438826733255
0.7552857660363274
0.954073514769172
0.9816294059076688
0.954073514769172
0.969382343179448
0.09185297046165572
0.6756750257636338
1.1820790875650875
0.2008279111776301
64.97225441900898
0.5064397340386808
0.24678013298065954
2.3666690814256737
95.8750150922438
341.32049285231335
34.51364565222641
0.6583327296435816
4.281454841747804
13.212082246691779
0.09746841173402518
0.1489547038327526
40.38064350655016
0.15120883824964249
0.24517415309871066
0.12771750953737543
3.4
0.68
0.16
1.6
78115.8
296281.2
23574.45
0.85
1.0
0.2
0.05022059244586473
0.05022224257003658
0.05022017991482177
2.321928094887361
0.005807200929152149
48462.96
2.6361447540994907
323.32984901277587
0.37552827992192317
2.466178618978823
499.62020905923345
0.20986050577280285
3.1010452961672472
63.43670150987224
209.46109175377467
26.930603948896632
0.47473867595818814
0.02005971712683869
0.055155330188168525
0.01128581386150623
