1.0
1.0
1.0
40.0
30.0
1.0
220.01083333333332
104.0
255.0
1.0
1.0
1.0
40.0
30.0
1.0
0.0
0.0
0.0
40.0
30.0
1.0
879.0
2.0
17.77133105802048
13.8646188850967
0.0
17.77133105802048
13.8646188850967
0.0
0.7604913265004044
0.0
0.0
46.442459336988044
40.0
30.0
49.4064773081425
49.4064773081425
822.1666666666666
35.31908750712713
0.2271645992749778
1868.3147745101044
2.272428268206087
879.0
215.0
255.0
51842788.0
1.444709266567534
19.0
3.237517850134135
255.0
12.633844178602997
242.36405005688283
250.0
201.0
54.0
8.828334511754754
242.8565029006587
-1.2400960394927854
51842788.0
0.3969566719860842
238.94824116245456
6.242560544432201
2.4268905293971548
6.6076016976793
-1.6487430568777852
1.6984281231493472
0.2879269956781578
0.7095468247374679
0.27370194205437987
0.875973966843411
0.21116953339670022
0.28626893492538635
2.2923852781922527
-0.3326605920579238
0.768611436849923
0.8645715343351877
0.9718638413686662
0.8655198712434397
0.9322857671675939
0.26125502013357416
0.47659346377327644
1.9844626343720153
0.4965887797068763
103.62965540687696
0.3441825873202982
0.585972310841995
4.416782127059048
22.522047392015548
174.22281570440165
4.142589256098806
0.449292695845222
3.815493820368684
87.04132736767336
0.28225932134289666
0.3424345847554039
13.188579850302995
0.539537902478195
1.738561970112417
0.30933494200753786
11.071428571428571
0.39540816326530615
0.6466836734693877
3.4642857142857144
7348.035714285715
59109.0
1082.3978174603176
0.6220238095238095
2.5714285714285716
0.09183673469387756
0.19819208516012263
0.8075015406209618
0.09647056188569149
4.423251796980329
0.03185437997724687
6362.5242346938785
3.862829382535935
146.85210466439136
0.16706724080135535
5.507781751162572
348.9249146757679
0.5611558278683115
6.106939704209329
44.70193401592719
326.0796359499431
9.144513967892808
0.30220578940715465
0.0516135396664881
0.21330886648258937
0.02591128083577284
