1.0
1.0
1.0
40.0
30.0
1.0
207.08416666666668
89.0
255.0
1.0
1.0
1.0
40.0
30.0
1.0
0.0
0.0
0.0
40.0
30.0
1.0
863.0
1.0
16.53418308227115
14.045191193511009
0.0
16.53418308227115
14.045191193511009
0.0
0.7618530013092842
0.0
0.0
44.474387214431246
40.0
30.0
46.647615158762406
46.647615158762406
810.0
33.8829453807057
0.2293453397420256
1832.2478354444509
2.2620343647462358
863.0
202.0
254.0
46794993.0
1.7637214640251857
28.0
2.4857416759384914
255.0
15.305516207038691
232.11471610660487
236.0
188.0
67.0
11.739827844082901
232.85967954803178
-0.6967700437806287
46794993.0
0.33228423846857214
346.3889259622782
8.98527978706512
2.9216293909393394
13.05208954282342
-1.2483642845761898
2.191960278715046
0.3949597619704267
0.6941998516098664
0.3399131055435725
1.0183407368351327
0.2772700318083208
0.207254345923638
2.832816099338031
-0.31284950229343605
0.799050614553662
0.8355481128708991
0.9778627781487498
0.8387287710838195
0.9337963681380239
0.2963667372797719
0.38561941124337773
2.399688119882815
0.6467300101713681
91.39744659086918
0.2766362426368218
0.9289504106671771
7.287890633720165
14.1099369217735
136.35494284606935
1.9715569563962057
0.2959800354215026
4.061779667288369
94.32844412031939
0.2830985645907771
0.38267670915411356
7.044464376549031
0.5396472992027811
2.97745597827531
0.21776691348185848
20.423076923076923
0.3927514792899408
1.0621301775147929
4.1923076923076925
3578.7884615384614
32728.44230769231
414.69564636752136
0.6232638888888888
8.26923076923077
0.15902366863905326
0.3750331621481996
0.802318620623794
0.3025052609527833
3.973256304138679
0.06025492468134415
3303.3561390532545
4.4164131690428166
117.44032444959444
0.13608380585121024
5.244200550774805
286.76129779837777
0.7383470579468265
8.83082271147161
40.51100811123986
404.6917728852839
5.421261426548217
0.20172685721642847
0.06843827868471968
0.36309136191492175
0.032581342974286484
