1.0
1.0
1.0
40.0
30.0
1.0
221.62833333333333
80.0
255.0
1.0
1.0
1.0
40.0
30.0
1.0
0.0
0.0
0.0
40.0
30.0
1.0
945.0
1.0
19.843386243386245
15.107936507936508
0.0
19.843386243386245
15.107936507936508
0.0
0.7246847891234
0.0
0.0
47.722005104694865
40.0
30.0
49.4064773081425
49.4064773081425
893.5
34.583411205841614
0.22544398741463198
1989.9485071278632
2.2271387880558065
945.0
214.0
255.0
55886300.0
1.526962913751904
16.0
3.9321889967720938
255.0
12.892019820273793
242.64126984126983
250.0
194.0
61.0
8.032582114633923
243.18499501190817
-1.4586288070980518
55886300.0
0.40272668738277195
264.1559687578736
12.215466624369062
3.438320792043826
12.339959766532864
-2.9006641932519344
1.9187972222049214
0.34562236602311885
0.6941951319896604
0.30283870562542725
0.9581864008337281
0.25134953158459794
0.29352335824417103
2.4154122024611167
-0.30165828045763765
0.7506272955251724
0.8528590132270556
0.9804431634393855
0.8556369409634375
0.9408498875978701
0.2661048788509046
0.49462058260289055
2.0416491455850565
0.5661048970570101
100.0340838971871
0.30675145817790583
0.7967523301270223
9.091184424378124
20.428489080550072
291.50358597501696
1.7215045981452932
0.19704599830898423
3.974435153737259
94.22681898084043
0.2835891062220961
0.3441798941798942
11.329712281364971
0.5426325820185114
3.759998051826441
0.14285814315335207
15.72
0.3144
0.7796
4.86
3258.86
49121.42
229.9825
0.44819444444444445
8.32
0.1664
0.4078259556547803
1.003792758836193
0.286962952401757
4.119079570624167
0.05291005291005291
2901.65
3.9662546900084776
152.11111111111111
0.1609641387419165
5.768837378572828
380.5767195767196
0.6636051622295007
11.937566137566138
44.78835978835979
621.4444444444445
3.854791299235744
0.12818930041152263
0.06451931653515805
0.4449872074050078
0.02278623678933546
