1.0
1.0
1.0
40.0
30.0
1.0
238.97833333333332
170.0
255.0
1.0
1.0
1.0
40.0
30.0
1.0
0.0
0.0
0.0
40.0
30.0
1.0
918.0
1.0
19.723311546840957
15.236383442265796
0.0
19.723311546840957
15.236383442265796
0.0
0.7005568715923608
0.0
0.0
48.57867233885529
40.0
30.0
49.4064773081425
49.4064773081425
867.8333333333334
34.032122719818815
0.22726418809563742
1936.0237036859428
2.2308704094710308
918.0
237.0
255.0
56926922.0
0.965485013934702
11.0
3.1832336503185195
255.0
6.2049211841599385
248.91067538126362
253.0
228.0
27.0
4.609240919358884
249.02188177645323
-1.1523629646801317
56926922.0
0.5237325624997033
55.373284729045345
2.835900470410289
1.6350395805438627
0.9300549982682846
-0.38767945190339226
0.7885275854954208
0.13843654244259795
0.7009790523896138
0.13843654244259795
0.574666559162536
0.11832415114989016
0.4181937848811005
1.5122205655121126
-0.40227643859071477
0.7242392470610717
0.930781728778701
0.9723126915114804
0.930781728778701
0.9538544858524673
0.13843654244259795
0.5658213093225637
1.3737840230695153
0.23174103198450463
100.13804819986572
0.509511835439995
0.2452440822800025
2.2978630955873025
43.862927606260186
142.54609566866378
19.192135590659284
0.6755342261031744
4.137470480320518
26.087685075038024
0.12708029705145252
0.21432461873638345
19.350829060176913
0.28947024813196703
0.5082420436921954
0.23477729924190988
3.5714285714285716
0.5102040816326531
0.24489795918367346
2.7142857142857144
49752.28571428572
174835.57142857142
18481.464285714286
0.5714285714285714
1.0
0.14285714285714285
0.1792137265715019
0.7166035891523368
0.04486626092629315
2.807354922057602
0.007625272331154684
32553.836734693883
3.217649501928557
230.93028322440088
0.2515580427281055
3.3433817002957076
480.7864923747277
0.23813371875014833
2.826797385620915
56.42047930283224
171.77015250544662
27.58306100217865
0.5433006535947712
0.02654262407981025
0.0675928420064871
0.016280069598141038
