1.0
1.0
1.0
40.0
30.0
1.0
228.81083333333333
133.0
255.0
1.0
1.0
1.0
40.0
30.0
1.0
0.0
0.0
0.0
40.0
30.0
1.0
889.0
1.0
17.787401574803148
12.219347581552306
0.0
17.787401574803148
12.219347581552306
0.0
0.6450142752041204
0.0
0.0
47.63917010143807
40.0
30.0
49.4064773081425
49.4064773081425
843.5
30.727944774304877
0.23119409706421984
1867.3717071405147
2.213837234310035
889.0
226.0
254.0
52168224.0
1.2503595458720578
15.0
2.5216454635222725
255.0
8.435615401843048
242.0179977502812
243.0
217.0
38.0
6.392712387056812
242.24350715840652
-0.6444621360086528
52168224.0
0.47446670403544894
109.20552534982619
5.311820784927308
2.2586701146606796
2.7534581865643744
0.06650140166205096
1.0406402793135807
0.19974213525520496
0.6775013070099791
0.19974213525520496
0.7154296113062213
0.15854226943401883
0.34839477282032494
1.9701734651382377
-0.3471078438229559
0.7442229583226968
0.9001289323723975
0.9800257864744795
0.9001289323723975
0.9500644661861988
0.19974213525520496
0.5231175384602065
1.7704313298830332
0.3100956036421964
89.14067639800744
0.3768272172963003
0.4981646502399052
4.952680582853241
32.22713675833025
165.29869149775757
7.493180959207293
0.35751388922421357
4.227314577163009
42.356758131249165
0.17362113145346658
0.265466816647919
16.47337387606214
0.36757067146310884
1.4005430806516697
0.19243144763094963
13.695652173913043
0.5954631379962193
0.6843100189035917
2.869565217391304
14050.478260869566
62353.608695652176
3361.6521739130435
0.7741545893719808
3.782608695652174
0.16446124763705103
0.37945636214989403
0.3926495292864171
0.3779903930219274
3.2733494559629444
0.025871766029246346
12556.487712665405
3.6718824466913986
183.57817772778404
0.2064996374890709
4.007186953149416
421.80089988751405
0.3371516130787364
5.312710911136108
51.29021372328459
278.18560179977504
11.744219472565929
0.2667791526059243
0.039826830744796364
0.15263827282360679
0.021008420712181702
