1.0
1.0
1.0
40.0
30.0
1.0
236.10166666666666
170.0
255.0
1.0
1.0
1.0
40.0
30.0
1.0
0.0
0.0
0.0
40.0
30.0
1.0
852.0
1.0
18.660798122065728
15.938967136150234
0.0
18.660798122065728
15.938967136150234
0.0
0.6889012255096665
0.0
0.0
48.42211474403188
40.0
30.0
48.82622246293481
48.82622246293481
801.5
33.35805418893325
0.23103439814479584
1806.1056998207216
2.2534069866758846
852.0
234.0
255.0
51817388.0
0.9915727065350521
12.0
2.3372669466900953
255.0
6.4099936079702005
246.49765258215962
248.0
229.0
26.0
5.204778355879291
246.6141328400137
-0.6923647911567133
51817388.0
0.5058299720073177
57.437787916859534
2.3049543091597813
1.4678642393423575
0.8062982533163667
0.09080021807959822
0.7985339887881481
0.19727681773458278
0.6038569866079019
0.19727681773458278
0.7074987882220696
0.15628617506192616
0.34580842167670844
1.7037591639796137
-0.2911191890475171
0.6521469020760167
0.9013615911327086
0.9605446364530835
0.9013615911327086
0.934241060755139
0.19727681773458278
0.43349735179035104
1.5064823462450314
0.24895270163068267
120.9134090752517
0.5172025522645195
0.24139872386774025
2.2237991350287727
22.06884640326949
53.197401983307515
14.286707508259983
0.6940502162428068
3.9393977165820644
37.10454596696917
0.15149800345404493
0.27464788732394363
7.417151268250771
0.28940899449615576
0.5864197007916138
0.21515631792229117
5.0
0.5555555555555556
0.2222222222222222
3.0
21903.333333333332
36584.666666666664
18233.0
0.5
1.0
0.1111111111111111
0.032590520969315896
0.04698437201436654
0.028992058208053242
3.169925001442309
0.01056338028169014
12941.555555555555
3.6178189079498764
150.7582159624413
0.17694626286671516
3.144217417179131
430.96713615023475
0.2470850139963411
2.3380281690140845
49.42253521126761
118.77464788732394
32.08450704225352
0.6654929577464789
0.028957937254627114
0.06529423713060255
0.01987386228563326
