1.0
1.0
1.0
40.0
30.0
1.0
240.3025
148.0
255.0
1.0
1.0
1.0
40.0
30.0
1.0
0.0
0.0
0.0
40.0
30.0
1.0
1045.0
1.0
18.311004784688997
15.564593301435407
0.0
18.311004784688997
15.564593301435407
0.0
0.7223531321290013
0.0
0.0
46.902659388586436
40.0
30.0
49.4064773081425
49.4064773081425
1000.0833333333334
33.88028291452512
0.2222618529253289
2175.9219857077933
2.175740673984961
1045.0
233.0
255.0
64511451.0
1.0661336184718184
10.0
4.30547483731528
255.0
7.383625832741923
248.28995215311005
254.0
218.0
37.0
4.640859871644499
248.462161974443
-1.5339762299897997
64511451.0
0.5397687781873126
85.54559282067717
7.320866586224095
2.668920925480894
2.608691944473611
-0.9943438285875029
0.9292539247532419
0.13841147063091142
0.740111909247914
0.13735994592008072
0.5739996749814386
0.11856409006424426
0.4622571824779302
1.5721199779141615
-0.44005013020937234
0.7609490551479445
0.9314251795110426
0.9862073848466395
0.9314952811584314
0.9657125897555212
0.13643986179810386
0.6387851908018171
1.4310933287996537
0.26691634884603826
81.24187376778897
0.39549936735215574
0.4610604484742221
5.524967167636629
61.01183351809533
501.81102130117836
8.275852819009655
0.29945797544035024
4.317212825159732
27.793710832433078
0.13184279096824628
0.19545454545454546
30.63613770422785
0.31230581177792915
1.071248310983897
0.16020874389604914
9.947368421052632
0.5235457063711911
0.45429362880886426
2.473684210526316
26994.052631578947
232210.94736842104
3303.5131578947367
0.7485380116959064
3.3157894736842106
0.1745152354570637
0.4080620564619287
0.4166239077409813
0.4061816265794562
3.108375700053938
0.01818181818181818
23969.052631578947
2.929458845172278
335.5799043062201
0.3211290950298757
3.639251848629839
564.0583732057416
0.2956855383347451
7.261244019138756
58.938755980861245
461.5023923444976
8.634901648059543
0.1811004784688995
0.03167545758335232
0.15538521161610133
0.01397909476690631
