1.0
1.0
1.0
40.0
30.0
1.0
231.4125
151.0
255.0
1.0
1.0
1.0
40.0
30.0
1.0
0.0
0.0
0.0
40.0
30.0
1.0
901.0
1.0
23.58157602663707
15.432852386237514
0.0
23.58157602663707
15.432852386237514
0.0
0.7869101675756961
0.0
0.0
41.582229347769456
40.0
30.0
49.4064773081425
49.4064773081425
860.9166666666666
32.72147906422429
0.23344839121987154
1874.7095112300403
2.177573723236907
901.0
239.0
253.0
54682392.0
1.0655961089786463
8.0
6.786792775798771
255.0
4.823236236466819
246.26193118756936
247.0
217.0
38.0
3.1183673469387756
246.35498601468416
-1.6379397063364085
54682392.0
0.5224494672955564
45.84038206407729
5.581657770369122
2.336082675428412
1.1475900155456613
0.25808614938934593
0.7505439681534206
0.2530532112543532
0.49618326946707936
0.24818031985233563
0.8159354365864988
0.1896544390723555
0.3475998462222529
1.859756854512265
-0.1960055926414866
0.5639729274675245
0.876397129214034
0.9749195815546577
0.8767219886408352
0.938198564607017
0.24391653987557022
0.5144926114921896
1.5943668270366478
0.25089929485194346
120.5987064549185
0.44801054084012354
0.356928908027653
5.811761329188556
23.15284772206212
116.63614432275358
5.192117413673302
0.24445437390490743
3.927415930128734
53.19857662645347
0.19126146663318622
0.2977247502774695
10.773904436986125
0.37680058027665153
1.9629922907483295
0.12318224299650148
11.25
0.46875
0.9427083333333333
5.458333333333333
14190.541666666666
59057.375
3485.2685185185182
0.48726851851851855
1.8333333333333333
0.0763888888888889
0.21439176704253074
0.25128453032486164
0.21029251842917387
3.9701755214643395
0.026637069922308545
12781.164930555557
3.6386110324421996
155.67480577136516
0.17278002860306899
3.845351262193567
470.7269700332963
0.26146555621389966
5.637069922308546
47.645948945615984
260.39622641509436
10.03736588975213
0.21932420767048957
0.038348593979870074
0.18863405005608114
0.01411655163560105
