1.0
1.0
1.0
40.0
30.0
1.0
186.88
103.0
255.0
1.0
1.0
1.0
40.0
30.0
1.0
0.0
0.0
0.0
40.0
30.0
1.0
633.0
1.0
21.78830963665087
14.153238546603475
0.0
21.78830963665087
14.153238546603475
0.0
0.7195507408655207
0.0
0.0
50.80464951312584
40.0
30.0
49.4064773081425
49.4064773081425
575.9166666666666
36.55652319658281
0.2433191694499567
1375.7754763368919
2.388844699181407
633.0
194.0
247.0
32051919.0
1.7079917571190546
33.0
1.8913183598632743
255.0
17.47147039224935
224.13744075829385
229.0
185.0
70.0
14.216013284239406
225.0220947550753
-0.3987241804191483
32051919.0
0.3466454032928281
397.35077828440507
6.8704902550621245
2.543338826852034
10.577663056602864
-0.9938272800587256
2.0407685518143652
0.4343670588210356
0.6490429005055818
0.37955866205207683
1.0580627172081827
0.28443270352143224
0.21563964618643228
2.821463759655436
-0.2702307821802004
0.751283533359814
0.8157015086508576
0.9754162035417442
0.819355401768788
0.9259152141485498
0.33160131487923794
0.4069252710473351
2.359248376080749
0.6187839026588502
84.19568357451136
0.2989347732172726
0.8237947491644304
5.42347764814783
10.584837456613748
80.94901388134909
2.1631160163243575
0.40964358769588577
3.6887372225678434
96.93309592179462
0.33422874300650335
0.4443127962085308
4.9445312979815075
0.5881141618281099
2.439844148106692
0.3076363865229308
17.88888888888889
0.39753086419753086
0.8276543209876543
3.7555555555555555
1542.6888888888889
13192.866666666667
213.395987654321
0.6104938271604938
5.8
0.1288888888888889
0.312774944595448
0.6030542506377368
0.2489313090515925
4.186188929614923
0.07109004739336493
1344.8177777777778
4.255505665351682
88.51658767772511
0.13983663140240934
5.096950502758998
219.4265402843602
0.7046262812305804
6.661927330173776
34.75039494470774
275.1516587677725
6.331994909601545
0.2958574688432508
0.07674404906190434
0.31738174868859254
0.04151801114777073
