1.0
1.0
1.0
40.0
30.0
1.0
243.76333333333332
146.0
255.0
1.0
1.0
1.0
40.0
30.0
1.0
0.0
0.0
0.0
40.0
30.0
1.0
1078.0
1.0
20.271799628942485
14.148423005565864
0.0
20.271799628942485
14.148423005565864
0.0
0.7102967101037835
0.0
0.0
46.741918971278494
40.0
30.0
49.4064773081425
49.4064773081425
1039.9166666666667
33.20063126923674
0.22337261777665124
2222.217430279111
2.136918756578999
1078.0
244.0
255.0
67939266.0
0.8412405776737178
4.0
11.94752325858308
255.0
4.136640724766888
250.96660482374767
254.0
216.0
39.0
2.085754212662759
251.04469292910062
-2.804355307760673
67939266.0
0.6435696558940661
39.201111107286565
7.836109535079295
2.7771847467561446
1.5840997332411377
-0.748075293321862
0.6205333370693011
0.12713830893591727
0.6599555844940592
0.12713830893591727
0.5465995285755315
0.11052767047385947
0.5553875401241823
1.3071945276912924
-0.3587297867970005
0.6558444468308298
0.9364308455320414
0.9872861691064083
0.9364308455320414
0.9682154227660207
0.12713830893591727
0.7258899800874403
1.180056218755376
0.1869179115013046
83.9954013481319
0.44454032038030256
0.37120251384492986
6.268729852301281
75.80095161294076
652.360262947008
9.31271317989823
0.2295908882489654
4.32955729216448
23.456037432420796
0.12114116693959863
0.1743970315398887
39.08538858420733
0.28143418220594285
1.2616456736779351
0.10617690630722308
7.9
0.395
0.46
3.7
34712.3
307786.5
3986.4722222222217
0.4916666666666667
2.2
0.11
0.29295622216090295
0.5738700117254733
0.23730261693610002
3.9219280948873565
0.01855287569573284
31807.09
2.7114113028406948
362.81447124304265
0.33656258927926036
3.253854282478719
693.7680890538034
0.2061709824763098
7.827458256029685
61.08719851576994
505.8051948051948
8.043135435992578
0.15172129457843742
0.02798100223391768
0.16500851362671093
0.009128184591231912
