1.0
1.0
1.0
40.0
30.0
1.0
203.04666666666665
128.0
254.0
1.0
1.0
1.0
40.0
30.0
1.0
0.0
0.0
0.0
40.0
30.0
1.0
612.0
2.0
19.109477124183005
15.305555555555555
0.0
19.109477124183005
15.305555555555555
0.0
0.5893193779364956
0.0
0.0
51.548987273593795
40.0
30.0
49.4064773081425
49.4064773081425
561.8333333333334
30.378817113330623
0.24938310554865034
1320.349069465695
2.3500725057235745
612.0
208.1
247.0
32363702.0
1.1839879546915864
24.0
1.87401317836975
254.0
12.183957025075829
229.53267973856208
232.0
203.0
51.0
9.684796069928286
229.96057491029174
-0.28380706716128656
32363702.0
0.4803334187705584
196.6149451065829
3.1788539642098685
1.7298948508065506
2.304370762321871
-0.14239790200930477
0.964624848359142
0.21964898578541087
0.6288692643568752
0.2157579352017533
0.75603076145122
0.17188312709047224
0.3485785621041565
1.9699885657310385
-0.30113594780460673
0.702587116536154
0.8925101374574891
0.9782146883714737
0.8927695408297329
0.9462550687287445
0.2123532659410529
0.5249675038145811
1.7415571984055884
0.2960684585361383
84.39513755758833
0.4349492708261885
0.4129076325242296
2.856926474657268
22.23980216683161
75.07206739686563
9.365831664434088
0.6286634770918671
3.7932270054603503
47.05935015884475
0.23596792140743203
0.31740196078431376
11.512958260050468
0.4759801285219749
1.2255392416740576
0.34339701377097476
5.705882352941177
0.3356401384083045
0.6435986159169551
4.411764705882353
6554.588235294118
20333.764705882353
3122.539215686275
0.4738562091503268
1.9411764705882353
0.11418685121107267
0.1912149045539765
0.6796040197896476
0.10602555764209737
3.8521687236032753
0.027777777777777776
5258.588235294117
3.7816951386092454
99.43137254901961
0.16246956298859414
4.621011149557862
293.9640522875817
0.30935751206800804
3.0980392156862746
46.36274509803921
151.30065359477123
21.095951343500364
0.5245098039215687
0.04324641379185419
0.12501630384664156
0.027323598935458954
