1.0
1.0
1.0
40.0
30.0
1.0
191.34416666666667
120.0
254.0
1.0
1.0
1.0
40.0
30.0
1.0
0.0
0.0
0.0
40.0
30.0
1.0
614.0
3.0
21.469055374592834
16.070032573289904
0.0
21.469055374592834
16.070032573289904
0.0
0.760718110498631
0.0
0.0
44.72916271909326
40.0
30.0
49.4064773081425
49.4064773081425
557.5833333333334
34.02628414785444
0.24434962288177522
1340.7433161837425
2.404561320311599
614.0
197.0
242.0
29728320.0
1.5764065362768542
29.0
1.8342890531839644
254.0
14.484036965909453
219.40065146579803
220.0
191.0
63.0
11.987661975323952
220.03967661171387
0.06527086598709808
29728320.0
0.36490042334666684
280.813419771032
5.753541350028686
2.3366468915867533
5.6638923362546
-0.20609896188154406
1.56309055129622
0.38888689400572846
0.6014136020160851
0.3663432129061023
1.003551291708696
0.25269379636005024
0.21029955812437798
2.6291606102480554
-0.24794397061206513
0.7183605453129416
0.8190827616569116
0.9775221300190683
0.82058567373022
0.9274828134554338
0.34661749194392927
0.3187584643867211
2.2090343566029826
0.4879943613254872
96.49333073455352
0.3481414282963262
0.5953500836560358
4.47750922211018
8.795260619276377
56.99164795429612
1.9851293300561914
0.43771671283017605
3.5055865845112613
91.51781749817037
0.3249830798209386
0.4515472312703583
3.6778841497118537
0.5798777748640629
1.9617471993632614
0.32761037819938754
26.148936170212767
0.5563603440470801
0.6301493888637393
2.723404255319149
912.3829787234042
5177.68085106383
193.886524822695
0.7708333333333333
8.702127659574469
0.18515165233137165
0.4224808463827267
0.8467533150773509
0.3643294817777454
3.6119724919157914
0.07654723127035831
741.7193300135808
4.161156152432229
79.81758957654723
0.12999607422890427
4.833462424004499
224.04885993485343
0.5470111088711817
5.591205211726384
33.85993485342019
229.72475570032574
6.715458740499456
0.31783840028954036
0.08597772727440595
0.2824297161408899
0.054219969877289706
