1.0
1.0
1.0
40.0
30.0
1.0
221.95333333333335
165.0
255.0
1.0
1.0
1.0
40.0
30.0
1.0
0.0
0.0
0.0
40.0
30.0
1.0
617.0
2.0
21.71799027552674
14.382495948136143
0.0
21.71799027552674
14.382495948136143
0.0
0.7318929843436157
0.0
0.0
44.76255805727585
40.0
30.0
48.25971404805462
48.25971404805462
562.25
32.761402203393985
0.24600256334427936
1339.1548589156241
2.3817783173243647
617.0
226.0
252.0
35596998.0
1.028215870544209
16.0
1.8907945631638878
255.0
8.213423555710829
240.0064829821718
242.0
222.0
33.0
6.593267433174315
240.19507873995133
-0.28497407731408747
35596998.0
0.5970253934313836
90.56397741988869
4.7903271715061955
2.1633927031106945
1.4833393938267514
0.38019540164746535
0.6590933878041347
0.2189011045472363
0.5020516538816474
0.21790508861098132
0.7553188123083111
0.17032535405334914
0.4476319269967548
1.7307377361567817
-0.20879053947716794
0.5685010000644823
0.8911470572881348
0.9781558595115649
0.8912134583505518
0.9455735286440674
0.21703357466675818
0.6453385523256011
1.5084917660654416
0.21949862308784274
87.98616112365103
0.4313622577835491
0.4110812946478972
4.542051830134496
18.261019289268695
82.27225251238028
4.4825162764483615
0.3617038821366628
3.7569140357282134
46.19000365184735
0.22151916213676348
0.3290113452188006
8.381976957006389
0.4533744976864636
1.7124963595346239
0.23328113986781912
20.56756756756757
0.5558802045288532
0.7348429510591674
3.108108108108108
5566.72972972973
22582.702702702703
1384.3881381381382
0.7432432432432432
9.756756756756756
0.26369612856099345
0.5069994763196763
1.0060877155922516
0.4514325595341725
2.8499136653909334
0.059967585089141004
5288.651570489409
3.6022957919639276
91.48946515397083
0.14828114287515531
4.809537443950311
368.3646677471637
0.23921888996004614
4.719611021069692
45.35980551053485
215.20259319286873
10.559832522960562
0.2753916801728795
0.0651609893612286
0.21484201099852868
0.039652685104762705
