1.0
1.0
1.0
40.0
30.0
1.0
211.45916666666668
118.0
254.0
1.0
1.0
1.0
40.0
30.0
1.0
0.0
0.0
0.0
40.0
30.0
1.0
910.0
1.0
18.63186813186813
15.2010989010989
0.0
18.63186813186813
15.2010989010989
0.0
0.6650894523838962
0.0
0.0
46.032502168262575
40.0
30.0
46.14108798023731
46.14108798023731
872.4166666666666
30.61573165895027
0.23379449300723573
1888.5673756063095
2.1647538931393364
910.0
209.0
246.0
48444334.0
1.2240149931009652
16.0
3.1067533069533724
254.0
10.803719357565512
230.3186813186813
233.0
192.0
62.0
7.358700541441067
230.72826412932565
-0.7885357768060317
48444334.0
0.5336698466368797
188.83690375558504
7.94094807865792
2.7806035322457046
4.231543845663256
-0.8777463448027548
1.0304215892738484
0.19383333452403784
0.6824886507801589
0.187909762523751
0.7090028835006923
0.15793226782775924
0.4385236133713835
1.8886962547559434
-0.35478863273572814
0.7426984923924331
0.9066374759381531
0.9887025727691792
0.9070323807381723
0.9626154998952594
0.18272663702350003
0.639314402122109
1.684137249575313
0.3060637309494716
71.37837553737312
0.3288262157578038
0.689141274940128
6.6503656022073905
44.34422636844134
381.83089954249374
5.631665115123205
0.277130099997493
4.398171752508317
40.136042360981975
0.1813429857999199
0.23763736263736263
25.440119325800005
0.4028741975751799
2.206424831822053
0.16890609023573647
12.096774193548388
0.39021852237252863
1.338189386056191
4.838709677419355
13191.290322580646
116827.41935483871
1523.8160842293905
0.6205197132616488
5.903225806451613
0.19042663891779396
0.3997709608440858
1.2191592510447158
0.32989776920948066
3.4815677795996685
0.03406593406593406
12329.583766909467
3.3795932412229464
217.69010989010988
0.23921990097814275
4.451757034174617
485.63956043956046
0.35032483999516967
7.861538461538461
54.84615384615385
458.3692307692308
7.4041437728937725
0.1731608669108669
0.04205982923287345
0.23781072819848337
0.01856416332551596
