1.0
1.0
1.0
40.0
30.0
1.0
204.41833333333332
105.0
253.0
1.0
1.0
1.0
40.0
30.0
1.0
0.0
0.0
0.0
40.0
30.0
1.0
733.0
1.0
18.165075034106412
13.208731241473396
0.0
18.165075034106412
13.208731241473396
0.0
0.7523938417785244
0.0
0.0
46.27368236172789
40.0
30.0
49.4064773081425
49.4064773081425
684.25
34.81603364537959
0.2407451713099656
1559.802971715777
2.2795805213237514
733.0
211.0
247.0
40590069.0
0.9852011683669686
15.0
3.2598431031754567
253.0
11.332578928658505
234.9017735334243
241.0
196.0
57.0
7.63667546745152
235.31949486975608
-1.229369336584512
40590069.0
0.6189313386278149
196.421456609013
8.138670906688256
2.8291582519210197
2.393558448372985
-0.7113172672563293
0.6852101619034512
0.14726298077957214
0.645626745824424
0.1387117070516044
0.5930132636429596
0.12779191694156516
0.5648389050153704
1.4544016928799945
-0.3593749315524664
0.6838117555706391
0.9314992738469946
0.9914883765493423
0.9320693587621923
0.972542701047278
0.1312293425396326
0.7395103991904709
1.2959956598491156
0.20811828567075583
66.39834525480161
0.3972604509199278
0.4849131744592232
6.367274910482478
53.17473220293736
460.54610736293785
6.508752256595728
0.24539886894127302
3.958501431321581
37.81714911538282
0.22564699308030378
0.22646657571623466
31.389611493039492
0.4790394651707589
2.2686236744724964
0.16598329718321098
7.7
0.385
0.9875
4.05
15809.75
140622.25
1804.8090277777778
0.6298611111111111
6.8
0.34
0.5883071199798031
1.894279584482754
0.45882683971368204
2.884183719779185
0.027285129604365622
14466.527500000004
2.8762677313467657
225.85675306957708
0.30812653897623066
5.017761390983251
453.6766712141883
0.2485626915868369
7.971350613915416
56.688949522510235
483.50477489768076
7.161740184932545
0.15520312263149916
0.04552795612965008
0.2447317548741491
0.018576745991560888
