1.0
1.0
1.0
40.0
30.0
1.0
206.4075
151.0
251.0
1.0
1.0
1.0
40.0
30.0
1.0
0.0
0.0
0.0
40.0
30.0
1.0
627.0
7.0
15.15470494417863
13.44976076555024
0.0
15.15470494417863
13.44976076555024
0.0
0.730956072409507
0.0
0.0
45.992790097672355
40.0
30.0
49.4064773081425
49.4064773081425
554.6666666666666
33.61870920894945
0.23335133861750476
1399.034870964826
2.5222984452490858
627.0
209.0
236.0
30924397.0
0.9854662376545212
15.0
2.6141564136618154
251.0
8.409641618908806
221.84529505582137
221.0
206.0
45.0
6.266573734016031
222.08378449702968
0.4908784861337268
30924397.0
0.5258248564720487
105.87239811868369
2.164776572116116
1.4282826815766307
0.9018561767323362
0.22871296841449346
0.7549459573617605
0.25594651760136455
0.49371735061971
0.25493025743876296
0.8177779745982663
0.18968571155748448
0.32225730369236144
1.8411177821495175
-0.18727583960724464
0.5544775132884668
0.8726364972968786
0.9744522525550606
0.8727042479743854
0.9363182486484394
0.2540410297964865
0.4521539758908935
1.5823585364203359
0.25272311874078124
132.1987801834842
0.5341050908762695
0.24879874782955455
2.1210137682760677
11.219077327077535
24.934098863164536
7.7994648213600115
0.7288894362352116
3.324271645389041
63.709670131757996
0.25089756408079356
0.39553429027113235
4.430147869740858
0.4727777138742277
0.9645185873542244
0.3589853738084569
10.92
0.4368
0.37760000000000005
3.2
5017.56
6433.36
4663.698888888889
0.5388888888888889
2.44
0.0976
0.22762534385808195
0.980966910303301
0.1281788411356661
4.13366068968818
0.03987240829346093
4388.5536
3.810357134558284
93.85167464114832
0.14968369161267675
3.5726949678095483
329.6921850079745
0.24300929211531075
2.159489633173844
37.62838915470494
83.03668261562999
26.279860003544215
0.7136718057770689
0.05106230458099714
0.123570938328666
0.036479360214609804
