1.0
1.0
1.0
40.0
30.0
1.0
226.22416666666666
176.0
255.0
1.0
1.0
1.0
40.0
30.0
1.0
0.0
0.0
0.0
40.0
30.0
1.0
745.0
5.0
21.532885906040267
17.59731543624161
0.0
21.532885906040267
17.59731543624161
0.0
0.6868832027055112
0.0
0.0
47.244859158428426
40.0
30.0
49.4064773081425
49.4064773081425
689.6666666666666
32.45170017011212
0.23698795066909098
1592.8835099348423
2.3096425953622655
745.0
227.0
248.0
42344503.0
0.6613376447810361
11.0
2.313162574927609
255.0
6.339094635376783
238.28322147651008
240.0
223.0
32.0
4.738486842105263
238.4077579702529
-0.17231821343537454
42344503.0
0.7742732309355436
59.36542317913608
4.29227280966504
2.058136867412294
0.8983640214146251
0.3013866495314134
0.335876368085007
0.1104981602791161
0.5055217244512759
0.1104981602791161
0.4992353698930174
0.09799614362429575
0.6949613824048524
1.056344839528048
-0.26143687420760087
0.5157212653500902
0.9447509198604419
0.9889501839720884
0.9447509198604419
0.972375459930221
0.1104981602791161
0.829776499705019
0.9458466792489324
0.11159363209103078
81.19466765832337
0.49914748955118726
0.3336007782535503
4.112651885137498
50.917839418542286
209.98173776996015
12.728005531774858
0.37834209974926836
4.011688836771079
25.86952904790588
0.15695860252718508
0.21644295302013422
27.449645528652212
0.36943056070033004
1.1825351407190197
0.22243354636749163
16.93548387096774
0.54630593132154
0.5702393340270552
2.6774193548387095
13199.322580645161
53107.709677419356
3292.584229390681
0.7598566308243728
10.35483870967742
0.3340270551508845
0.522392077442923
0.9257218491255228
0.4707227866367444
2.5816519548502685
0.04161073825503356
12621.773152965661
2.7719159703635556
196.6214765100671
0.26392144497995584
4.3306157380298185
576.8335570469799
0.12370613936309174
4.259060402684564
57.16107382550336
243.4295302013423
13.97800149142431
0.27322893363161815
0.04680366717902672
0.1409799084684831
0.028396600229425323
