1.0
1.0
1.0
40.0
30.0
1.0
239.085
197.0
255.0
1.0
1.0
1.0
40.0
30.0
1.0
0.0
0.0
0.0
40.0
30.0
1.0
925.0
2.0
21.905945945945945
16.296216216216216
0.0
21.905945945945945
16.296216216216216
0.0
0.6774390972786701
0.0
0.0
46.22544874393346
40.0
30.0
49.4064773081425
49.4064773081425
874.0
31.31492626839172
0.2269533091617683
1947.8487310223372
2.2286598753115987
925.0
238.0
251.0
55056106.0
0.5386121671496317
6.0
2.59415506427884
255.0
3.8385297297297307
243.92
244.0
234.0
21.0
2.8154792905896238
243.96744576806677
0.154819688645556
55056106.0
0.7838913075237399
23.148194594594592
1.3224308445803563
1.1187905197669636
0.8434696729016069
0.48290745687657877
0.3508086535996267
0.06788142944106962
0.6745717508879719
0.06788142944106962
0.3559370526637441
0.06309797939975953
0.7275569790798924
0.8332817834101925
-0.41426021149688863
0.5905239647282297
0.9660592852794652
0.986423714111786
0.9660592852794652
0.9773728568529767
0.06788142944106962
0.8472687655125014
0.7654003539691233
0.10467252076017408
79.77865987367868
0.5763101591424713
0.21184492042876432
1.9140462923224835
109.2983919607579
121.24749775727386
106.31111551162891
0.7714884269193791
4.338046403083414
16.063742832037285
0.11102734055585256
0.14972972972972975
57.98510043725297
0.2654405128607493
0.5792525682341021
0.18698749901741116
5.0
0.625
0.1875
3.25
81472.625
82867.625
81123.875
0.4375
1.25
0.15625
0.016894666041653864
0.057161418818570765
0.006827977847424642
2.9999999999999973
0.008648648648648649
68103.484375
2.333893124978715
366.22594594594597
0.39591994156318483
2.872211541271001
725.0994594594595
0.10805434623813003
1.3697297297297297
63.74594594594595
78.30162162162162
60.10702702702703
0.9075675675675675
0.02177440263392644
0.035612547922071726
0.01831486631189012
