1.0
1.0
1.0
40.0
30.0
1.0
220.28833333333333
156.0
255.0
1.0
1.0
1.0
40.0
30.0
1.0
0.0
0.0
0.0
40.0
30.0
1.0
657.0
9.0
24.509893455098936
15.56468797564688
0.0
24.509893455098936
15.56468797564688
0.0
0.7731700989043054
0.0
0.0
44.57029666283498
40.0
30.0
49.4064773081425
49.4064773081425
588.5
34.460420678998354
0.23741460500676698
1430.4554522181113
2.430680462562636
657.0
223.0
245.0
36514858.0
0.6946690741839515
13.0
2.0827182778274436
255.0
7.169389944144431
235.60121765601218
237.0
219.0
36.0
5.691218216782148
235.7502289963717
-0.35856820317351346
36514858.0
0.7334408280802226
70.23671084608098
3.7274538025238773
1.9222797371542157
0.5982551734503733
-0.19322832835013404
0.27533980646655476
0.14617516834294775
0.30631641050099584
0.14617516834294775
0.5986630701242577
0.1245533939766671
0.6741536680304094
1.083802975053521
-0.10677436570247958
0.33086148377162916
0.9269124158285261
0.9853824831657052
0.9269124158285261
0.963456207914263
0.14617516834294775
0.8154899777500383
0.9376278067105739
0.10537874370237563
90.36000674163614
0.4796971379894035
0.30722615882717497
3.003794636029676
34.434026410983876
135.9631177748677
9.160765440256633
0.542599006138763
3.45952447497649
52.11083124106298
0.2743296836155563
0.28538812785388123
21.19604239273701
0.5355374053808531
1.3079401755575417
0.3763422766469865
32.30769230769231
0.621301775147929
0.3668639053254438
2.076923076923077
4703.0192307692305
18797.0
1180.6351495726497
0.8162393162393162
15.115384615384615
0.2906804733727811
0.5493768363460858
1.2516651815957511
0.4383433860008769
3.0055945673790534
0.0791476407914764
4543.385724852072
2.9032529789775654
149.34703196347033
0.22731663921380565
6.154250328391818
481.87062404870625
0.13967367004209438
3.6560121765601217
51.270928462709286
202.59969558599695
13.661973617453071
0.35290884491797736
0.07552021220010638
0.1955444036795055
0.051574727684072105
