1.0
1.0
1.0
40.0
30.0
1.0
224.05
156.0
255.0
1.0
1.0
1.0
40.0
30.0
1.0
0.0
0.0
0.0
40.0
30.0
1.0
754.0
2.0
20.518567639257295
14.286472148541113
0.0
20.518567639257295
14.286472148541113
0.0
0.6796629336755435
0.0
0.0
51.06500036099793
40.0
30.0
49.4064773081425
49.4064773081425
689.3333333333334
34.70698795349854
0.23144437119323713
1630.510830467907
2.3653445316265573
754.0
224.0
251.0
42571678.0
0.9953943215888701
12.0
2.260437697363865
255.0
7.674316993716975
237.43236074270558
238.0
220.0
35.0
5.755344493169168
237.6154696265282
0.01589536434065425
42571678.0
0.6253368418830781
86.98547798127053
4.33838343459527
2.05367723875075
2.0015761448399187
0.21848167175126648
0.644717828566333
0.16169135703819712
0.5996068172434847
0.16169135703819712
0.6351573336037416
0.13494451614829386
0.526958929843035
1.5676143627820092
-0.3053610452977394
0.6518700471478487
0.9191543214809014
0.9838308642961803
0.9191543214809014
0.9595771607404506
0.16169135703819712
0.7146341633695319
1.4059230057438128
0.20160229640113253
89.53661519650603
0.4289630900578552
0.4082561621440667
3.8107678880426046
31.17128495021923
132.73950936553473
8.0832286325153
0.4525075356000276
3.9154999312383043
43.682868053072795
0.20681245472682938
0.27519893899204245
16.77046119147802
0.4442132411543691
1.27734162114181
0.28099696684073994
16.379310344827587
0.5648038049940547
0.4423305588585018
2.3448275862068964
11413.172413793103
46066.06896551724
2861.3275862068967
0.778735632183908
5.344827586206897
0.18430439952437574
0.40262200596666864
0.47201397643670595
0.3855566984121154
3.229729927925029
0.038461538461538464
10737.172413793103
3.272171473827108
172.12201591511936
0.22827853569644477
4.92753062358843
471.50397877984085
0.22543604753428223
4.246684350132626
51.145888594164454
225.0106100795756
13.148320070733861
0.3165340406719717
0.0489060381250447
0.14041743146320323
0.030317878753383227
