1.0
1.0
1.0
40.0
30.0
1.0
223.475
102.0
255.0
1.0
1.0
1.0
40.0
30.0
1.0
0.0
0.0
0.0
40.0
30.0
1.0
1033.0
1.0
19.607938044530492
13.943852855759923
0.0
19.607938044530492
13.943852855759923
0.0
0.7827844183530975
0.0
0.0
46.781939554269655
40.0
30.0
49.4064773081425
49.4064773081425
980.8333333333334
36.620173343418735
0.2207131951951264
2162.980667281026
2.205247919063068
1033.0
214.0
254.0
56363096.0
1.4999701563593522
22.0
2.170815612561173
255.0
11.97855099246642
233.1403678606002
232.0
199.0
56.0
9.778701287770389
233.58624195319396
-0.13870018414339907
56363096.0
0.38548331020186705
208.10130364009
8.896981758223765
2.9196967276572856
6.437696743971818
0.29227009604327936
1.6702890177443799
0.18091696893890416
0.804218619191955
0.17610740161514105
0.678529466552791
0.14880290146046476
0.28478705681827443
2.218140042012638
-0.4883271923797521
0.8695199918130156
0.9124272559248057
0.9894427000740131
0.91274789374639
0.9649388385877639
0.1718990302068483
0.45379373361986014
2.024209390013372
0.46280149667082104
88.24926136620705
0.35954909494578835
0.5689600578377874
8.124887055720114
36.38195973482692
350.6069677747082
4.606122600818476
0.17146474452140767
4.592151372755658
36.89470688435097
0.14401668499368153
0.23862536302032913
16.518814105867342
0.3311397879036593
2.361990020587673
0.07017807141959413
6.052631578947368
0.3185595567867036
0.8642659279778393
6.473684210526316
12833.736842105263
120701.42105263157
1570.9166666666667
0.3095760233918129
1.8421052631578947
0.09695290858725762
0.20966127051522696
0.5673935462593731
0.13985708469654146
3.787143960698135
0.018393030009680542
9877.811634349031
3.946067474220195
230.486931268151
0.22312384440285674
3.8620002642703657
398.20425943852854
0.486272466495297
8.914811229428848
54.14424007744434
500.5566311713456
7.249179842960094
0.14457620737872431
0.03214455669507414
0.24652524285502087
0.007125135058345721
