1.0
1.0
1.0
40.0
30.0
1.0
242.06416666666667
200.0
255.0
1.0
1.0
1.0
40.0
30.0
1.0
0.0
0.0
0.0
40.0
30.0
1.0
1068.0
1.0
19.665730337078653
13.090823970037453
0.0
19.665730337078653
13.090823970037453
0.0
0.6693032412985245
0.0
0.0
48.35564916010624
40.0
30.0
49.4064773081425
49.4064773081425
1031.5
32.36459271795338
0.22431503752576712
2200.9249015392234
2.1337129438092326
1068.0
241.0
250.0
64172940.0
0.5069923067544336
4.0
4.177784599846571
255.0
2.5196734419054825
245.1011235955056
245.0
232.0
23.0
1.620317953088223
245.12654379301748
-0.2915698938595688
64172940.0
0.8005302360813027
12.461684130791566
1.2966997090077503
1.1077307106600198
0.8449738802073878
0.4782692871002269
0.3314775222611931
0.05298484594461879
0.7231066324165696
0.05298484594461879
0.2973366997092045
0.050070208097724535
0.7576986077993696
0.7497168613672588
-0.477878688141807
0.6103590279339817
0.9735075770276906
0.9894030308110763
0.9735075770276906
0.9823383846851271
0.05298484594461879
0.8657768663676707
0.6967320154226403
0.09611559205145297
60.73563554386447
0.5534699620123368
0.22326501899383164
2.026057872629239
207.33386422169502
226.0498589969784
202.6548655278742
0.7434855318426903
4.570162490882643
9.474058969172859
0.08385270802709484
0.10299625468164794
98.64734203554926
0.2159213730105901
0.5940284268350184
0.12139460955448302
7.222222222222222
0.8024691358024691
0.09876543209876544
3.6666666666666665
100479.55555555556
102350.22222222222
100011.88888888889
0.3333333333333333
1.4444444444444444
0.16049382716049382
0.2507346049273413
1.0029380488048922
0.06268374395795352
2.725480556997865
0.008426966292134831
86397.77777777778
1.9205495590638995
567.5749063670412
0.5314371782462932
2.2742568979786504
854.9662921348314
0.09973488195934857
1.3370786516853932
69.12172284644194
84.81835205992509
65.19756554307116
0.9157303370786517
0.020230921046112994
0.037411146886969525
0.01593586458589886
