1.0
1.0
1.0
40.0
30.0
1.0
217.54166666666666
128.0
255.0
1.0
1.0
1.0
40.0
30.0
1.0
0.0
0.0
0.0
40.0
30.0
1.0
860.0
2.0
18.065116279069766
13.403488372093022
0.0
18.065116279069766
13.403488372093022
0.0
0.5563561304594662
0.0
0.0
50.708595923440015
40.0
30.0
49.4064773081425
49.4064773081425
820.0833333333334
28.212038208997747
0.23668292439392669
1790.1490332977235
2.1828867391091027
860.0
223.0
240.10000000000002
45977270.0
0.6897468865265171
7.0
4.251826347353039
255.0
5.478631692806923
231.0906976744186
231.0
208.0
47.0
3.1632769563596312
231.21838564540042
-0.13491027128565347
45977270.0
0.7359572742022715
59.031308815576
3.681108484294962
1.9060926051676481
0.7330905406714945
-0.2988420819588926
0.31281550241890665
0.12126492428895774
0.4311887078180681
0.12126492428895774
0.5292384274320989
0.1060283835295702
0.684735430657155
1.036914829442256
-0.19351911370008745
0.42689417737904556
0.9393675378555211
0.9878735075711041
0.9393675378555211
0.9696837689277605
0.12126492428895774
0.8219970120866726
0.9156499051532989
0.1085201066769661
70.61635981629894
0.4453868499354221
0.36817718502366215
2.86879607452654
82.96275615643812
326.69466383908446
22.183732057375302
0.6022742858736521
3.8801318931401445
35.34664767091193
0.2141033699241935
0.18459302325581395
50.071866753146544
0.45732614550529305
1.0492300536485688
0.3629795249032469
11.545454545454545
0.5247933884297521
0.7024793388429752
3.090909090909091
24028.0
95918.18181818182
6057.626262626262
0.7297979797979799
2.5454545454545454
0.11570247933884298
0.24243992917337848
0.8769351373855461
0.16720557717645337
3.845350936622432
0.02558139534883721
22499.900826446283
2.385819828478784
311.71860465116276
0.36246349378042186
4.419226608977826
632.9232558139535
0.1382963764196863
3.66046511627907
61.01860465116279
237.94651162790697
16.94812661498708
0.3516795865633075
0.033678548540432535
0.10599997436528442
0.01938013293980383
