1.0
1.0
1.0
40.0
30.0
1.0
234.845
175.0
251.0
1.0
1.0
1.0
40.0
30.0
1.0
0.0
0.0
0.0
40.0
30.0
1.0
1064.0
1.0
21.125
14.461466165413533
0.0
21.125
14.461466165413533
0.0
0.8268564845474787
0.0
0.0
44.05635281937217
40.0
30.0
49.4064773081425
49.4064773081425
1024.1666666666667
36.428281014209475
0.22354053044519467
2198.070436951312
2.1462038440533555
1064.0
234.0
245.0
61235153.0
0.1571048658096499
4.0
6.1849862541145315
251.0
3.4540798660184335
239.85056390977442
241.0
218.0
33.0
2.211386874465115
239.8996363613663
-1.3642997364972271
61235153.0
0.9594009695290859
23.542518478998254
3.9700466736159656
1.9913922017427408
0.08911418340801419
-0.03921128981164329
0.037852016385850416
0.02023715247990894
0.304506213340796
0.02023715247990894
0.14259208708069093
0.019822925675680614
0.951325923020165
0.2219963386083747
-0.15996888843824372
0.19246751175611246
0.9898814237600455
0.9979762847520091
0.9898814237600455
0.9949407118800226
0.02023715247990894
0.9752849808750889
0.20175918612846644
0.014522292216439837
53.83949569127111
0.6414251512818121
0.19982185408194164
3.595599535889915
359.6478518596454
1437.6345718149137
90.20590917729814
0.3894975532162236
4.042841427601397
8.84569880399362
0.11674310201682728
0.07706766917293233
146.340918914494
0.23793040991008835
0.6252460358563484
0.17541397329196412
7.166666666666667
0.5972222222222222
0.576388888888889
2.5833333333333335
90486.66666666667
361931.0
22626.046296296296
0.7893518518518517
4.0
0.3333333333333333
0.5734600162822396
1.4067935798681876
0.48086736612649333
2.450825794518086
0.011278195488721804
82624.88888888889
1.1417685353644755
699.3421052631579
0.6572764147210131
1.9939369099440332
1020.8026315789474
0.02045056249646673
3.960526315789474
72.27631578947368
288.56954887218046
18.212406015037594
0.26300125313283207
0.022857327559260964
0.07874723834813792
0.010451265902141977
