1.0
1.0
1.0
40.0
30.0
1.0
241.8575
172.0
255.0
1.0
1.0
1.0
40.0
30.0
1.0
0.0
0.0
0.0
40.0
30.0
1.0
1032.0
1.0
19.00581395348837
14.484496124031008
0.0
19.00581395348837
14.484496124031008
0.0
0.6805231339749431
0.0
0.0
47.20975151304719
40.0
30.0
49.4064773081425
49.4064773081425
986.8333333333334
32.12732805383718
0.22275089421433408
2151.925385496143
2.1806371074103796
1032.0
238.0
255.0
63597966.0
0.9998672438828666
11.0
3.634091947680347
255.0
5.613856589147287
248.1453488372093
249.0
226.0
29.0
4.241704460629863
248.24571707586745
-1.0947916044230288
63597966.0
0.5000920167057268
49.82189697133584
2.433115879878039
1.5073413169011514
0.8223972042157478
-0.021111278528632774
0.8219295682880978
0.177816141650832
0.6442693610313328
0.177816141650832
0.6699696501315129
0.14512234787090195
0.35500479715963307
1.6697418816496215
-0.32994563555013556
0.6888990595176334
0.9110919291745839
0.9644367716698337
0.9110919291745839
0.940727952783056
0.177816141650832
0.4184332460757356
1.4919257399987897
0.24993642748473247
122.91683389954298
0.5070678102523303
0.24646609487383486
2.3247863987023107
36.35818004838681
95.60752985785734
21.545842596019178
0.6688034003244223
4.1391920672043385
35.756686801126136
0.14251162242233967
0.23498062015503876
16.13259164815918
0.294078734820138
0.6539035678658354
0.20412252655871363
6.166666666666667
0.5138888888888888
0.24305555555555558
2.75
30026.833333333332
58053.583333333336
23020.145833333332
0.5625
1.3333333333333333
0.1111111111111111
0.20336739134162743
0.5474961916157731
0.11733519127309104
3.4182958340544856
0.011627906976744186
22630.833333333332
3.4529588263428543
231.45736434108528
0.2242803918033772
3.3227720689862386
516.0949612403101
0.24995399164713658
2.479651162790698
54.01937984496124
138.109496124031
32.9968507751938
0.6300872093023255
0.028457782858334262
0.06849091481266638
0.01844949986975123
