1.0
1.0
1.0
40.0
30.0
1.0
236.8575
148.0
255.0
1.0
1.0
1.0
40.0
30.0
1.0
0.0
0.0
0.0
40.0
30.0
1.0
785.0
1.0
20.394904458598727
14.085350318471338
0.0
20.394904458598727
14.085350318471338
0.0
0.7655800350869413
0.0
0.0
46.69159646998804
40.0
30.0
49.4064773081425
49.4064773081425
714.3333333333334
35.74615406375875
0.2247744084819701
1719.24540356993
2.4067831127903823
785.0
236.0
254.0
47075640.0
0.88968754992981
11.0
1.7887284715977476
255.0
5.6
244.8
244.0
234.0
21.0
4.749961208824305
244.8856225932144
0.05614362130019151
47075640.0
0.574493082883687
41.92815286624204
1.9180263112590406
1.3390465458693912
0.8553179061223297
0.3868177600535233
0.6979260498890296
0.19822665269826692
0.558371986587183
0.19822665269826692
0.7089836102428758
0.15676618336333073
0.395157465343021
1.6129157132365077
-0.25433674643705323
0.5986705490733496
0.9008866736508665
0.9603546694603466
0.9008866736508665
0.9339244491005777
0.19822665269826692
0.5618401277814752
1.4146890605382412
0.2240381756468241
140.1734894311704
0.5638635292209074
0.21806823538954628
1.9664104689834758
19.471866012153207
33.456197064524
15.975783249060513
0.758397382754131
3.607193079565537
51.73957152022494
0.19785559523819407
0.31719745222929935
8.427102356352004
0.38340014725353894
0.6904367368040699
0.30664099986590626
6.166666666666667
0.5138888888888888
0.24305555555555558
2.75
14860.916666666666
19524.166666666668
13695.104166666666
0.5625
1.0
0.08333333333333333
0.1180328513751152
0.4353337049969049
0.03870763796966778
3.584962500721152
0.015286624203821656
10581.57638888889
3.5713108504584103
137.46369426751593
0.17511298632804576
3.5479508296482614
450.97707006369427
0.21275345855815653
1.9210191082802548
45.310828025477704
84.92993630573248
35.40605095541401
0.7697452229299363
0.03545413439025056
0.06901573620719814
0.027063733936013655
