1.0
1.0
1.0
40.0
30.0
1.0
210.91583333333332
126.0
255.0
1.0
1.0
1.0
40.0
30.0
1.0
0.0
0.0
0.0
40.0
30.0
1.0
765.0
1.0
18.68888888888889
14.911111111111111
0.0
18.68888888888889
14.911111111111111
0.0
0.6757763009246774
0.0
0.0
48.326544529109704
40.0
30.0
49.4064773081425
49.4064773081425
711.8333333333334
32.65793349835346
0.2352564360238727
1638.8083133767666
2.3022359822665885
765.0
214.0
253.0
43454339.0
1.4604240817212015
20.0
2.812255470270034
255.0
12.163895937459952
237.87843137254902
243.0
201.0
54.0
8.915420219694944
238.33392019672706
-0.9565701206997751
43454339.0
0.3934948096885813
216.9094040753556
4.839441162162039
2.1403720523503456
4.288406834989038
-0.10771568819503372
1.364114701626777
0.33162535708598606
0.608540780341954
0.32462691229593943
0.9193816567022788
0.2231103494097929
0.23293493303968585
2.455627514329491
-0.24808227921435516
0.6963662024493071
0.838386388331035
0.9671604694355574
0.838852951317038
0.9191931941655175
0.31850327310464854
0.39742013494340384
2.112971679262963
0.4239350146781908
109.13759115929996
0.35890912240392303
0.5422757095998008
4.100162613518566
11.843495224406805
60.0700557393603
3.4648034992213397
0.47079407083239055
3.691499855393735
85.07488874047327
0.27151792020590015
0.3973856209150327
5.090785529190018
0.5012225990099587
1.590791300958925
0.3080812930645225
11.0
0.4583333333333333
0.8541666666666665
3.9166666666666665
7594.541666666667
33384.166666666664
1964.4965277777776
0.6412037037037037
2.3333333333333335
0.09722222222222222
0.1773203773806992
0.5671025086567264
0.1335288895454226
4.022055208874195
0.03137254901960784
6578.526041666666
4.0990571152687885
110.43529411764706
0.1443598615916955
4.097340339185783
301.0235294117647
0.46560553633217994
4.752941176470588
37.98039215686274
202.18562091503267
10.217392883079158
0.36241830065359476
0.051543598715206244
0.18871498434764852
0.028944874629092603
