1.0
1.0
1.0
40.0
30.0
1.0
215.48916666666668
162.0
255.0
1.0
1.0
1.0
40.0
30.0
1.0
0.0
0.0
0.0
40.0
30.0
1.0
551.0
1.0
17.62613430127042
12.617059891107077
0.0
17.62613430127042
12.617059891107077
0.0
0.7136159672723574
0.0
0.0
42.81299262137164
40.0
30.0
44.28317965096906
44.28317965096906
498.9166666666667
30.552035141324424
0.2509151522196097
1212.3906479549084
2.430046396435427
551.0
224.0
255.0
32370870.0
1.368529954623742
19.0
2.0512728222409624
255.0
9.938386237199484
242.10889292196006
245.0
218.0
37.0
8.164933261541078
242.38257021664654
-0.5926844182170676
32370870.0
0.4196330051613796
132.5943129304581
5.7656823101253085
2.364268670782206
2.7077499679100554
-0.3570655579957749
1.0985707417752362
0.3953443464114989
0.47229671889328917
0.3766285413214096
1.0019527374379409
0.2506435689581821
0.2305857060469325
2.3988255304086956
-0.148613471787361
0.55183152705159
0.8135573098483042
0.9613293717476235
0.8148050301876435
0.9067786549241521
0.3602522118675815
0.31645302087129257
1.9751232258201115
0.3734787720466838
102.34306961658098
0.39683945994678677
0.4601871388442922
4.721069481546368
7.721120656740425
49.10551110249173
1.63114750269107
0.363918541972208
3.329419141451923
85.20870884144423
0.32393306629180113
0.4668784029038113
2.935164440897349
0.5609249679687862
2.1572869301506024
0.2632899698265588
27.930232558139537
0.6495402920497566
0.5062195781503516
2.3255813953488373
1834.0232558139535
9654.627906976744
397.37338501291987
0.8236434108527131
14.86046511627907
0.34559221200649
0.5828615610758433
0.817659795646604
0.5567303543514408
2.3962086225308323
0.0780399274047187
1669.8258518117902
3.9076025338404916
80.97096188747732
0.146952743897418
3.878972730656355
231.21778584392015
0.41144792013201537
5.566243194192378
31.5989110707804
206.8765880217786
6.081568864690461
0.27787860455737046
0.09155246176241554
0.2854134715323247
0.05930030218406962
