1.0
1.0
1.0
40.0
30.0
1.0
219.03
132.0
255.0
1.0
1.0
1.0
40.0
30.0
1.0
0.0
0.0
0.0
40.0
30.0
1.0
750.0
1.0
19.584
14.289333333333333
0.0
19.584
14.289333333333333
0.0
0.7631575106658725
0.0
0.0
43.53375994881052
40.0
30.0
47.70744176750625
47.70744176750625
696.5
33.2231158724599
0.23616380582938537
1608.9832860403724
2.3100980416947197
750.0
224.0
255.0
45048371.0
1.3607923483133932
16.0
3.2805031011653565
255.0
10.05668977777778
244.76933333333332
250.0
211.0
44.0
7.19534288772287
245.08058810657906
-1.1856922741359304
45048371.0
0.42095288888888893
152.4681262222222
6.402389266914677
2.489504233696503
3.2776999162390412
-0.8505544972684764
1.1762852398768655
0.3576423862227166
0.5333543584124081
0.3313697831203611
0.9722520475307661
0.24608790257522942
0.2741390934129815
2.274908251744561
-0.19685356320827224
0.6154473657807361
0.836942368750055
0.9654483430593754
0.8386938756235455
0.9184711843750276
0.3083812554057999
0.44215013691955934
1.8911385274671668
0.38348190652489555
110.50973702680517
0.3702507493090553
0.5104201558061159
4.806190484051122
13.51057062574011
101.241200151471
2.3114273497048097
0.3756155894019148
3.521950216292754
100.65596970822742
0.3322398683895022
0.39766666666666667
6.934438887695804
0.593879607973304
2.2094672197384266
0.2888649370998296
27.0
0.5510204081632653
0.5306122448979592
2.5714285714285716
2918.2448979591836
22888.34693877551
421.6150793650794
0.7658730158730159
10.714285714285714
0.21865889212827988
0.4692473423459674
0.985490357761186
0.4108728224465894
3.332028287424262
0.06533333333333333
2683.9675135360267
3.9008220479967934
98.98933333333333
0.13198577777777779
5.841784888888888
315.7146666666667
0.44395555555555555
6.236
39.69866666666667
295.836
6.445074074074074
0.2554444444444445
0.07994183589485176
0.2931368856554967
0.04610790996542649
