1.0
1.0
1.0
40.0
30.0
1.0
227.97333333333333
140.0
255.0
1.0
1.0
1.0
40.0
30.0
1.0
0.0
0.0
0.0
40.0
30.0
1.0
835.0
3.0
22.48862275449102
15.307784431137724
0.0
22.48862275449102
15.307784431137724
0.0
0.7744691838800447
0.0
0.0
42.732612620196846
40.0
30.0
49.4064773081425
49.4064773081425
776.9166666666666
33.09509162102595
0.22974782705990213
1778.88963262482
2.2896788149198586
835.0
229.0
255.0
51018610.0
1.2035404774069027
13.5
3.518628087001893
255.0
8.659313707913517
246.95808383233532
253.0
216.0
39.0
6.141414141414137
247.18440836049297
-1.2875266731437183
51018610.0
0.483776399297214
111.83656638818171
7.017122983050197
2.609563653498482
3.2102696391158165
-1.0724648274503246
1.0428181723551815
0.21412073904917728
0.6585458613206077
0.21272603890970726
0.746952115216444
0.16793645811075514
0.38069492061814625
1.8674661497344276
-0.31711877540604316
0.7062353296194369
0.8937764505590935
0.9786522968707502
0.8938694305683914
0.9468882252795467
0.211505676287671
0.5675366378555089
1.650186313835973
0.31423472785108975
98.45187116233605
0.393988929118559
0.4629811636485698
5.209031828326587
28.692026032795702
233.16771953164164
4.08152726845818
0.32240206755302286
3.8607329892599767
63.10124698810716
0.2465446569899526
0.29850299401197605
16.55102304946509
0.49135372993268406
1.9504843460010333
0.21369381608952492
18.941176470588236
0.5570934256055363
0.3460207612456747
2.176470588235294
8475.5
71096.58823529411
1088.7900326797385
0.7712418300653594
8.235294117647058
0.2422145328719723
0.420516722484805
0.4938255077266684
0.40582073740112623
2.873550230841986
0.0407185628742515
7872.364186851211
3.5411331166233184
157.15808383233534
0.18821327405070098
5.0374613646957584
403.95329341317364
0.36261751945211373
6.857485029940119
48.75568862275449
379.9233532934132
7.376946107784431
0.20894876912840984
0.05150397391158725
0.20830643380661204
0.02685771436571721
