1.0
1.0
1.0
40.0
30.0
1.0
209.14416666666668
108.0
254.0
1.0
1.0
1.0
40.0
30.0
1.0
0.0
0.0
0.0
40.0
30.0
1.0
891.0
1.0
17.095398428731762
13.492704826038159
0.0
17.095398428731762
13.492704826038159
0.0
0.7431453563236327
0.0
0.0
47.38019139389559
40.0
30.0
49.4064773081425
49.4064773081425
839.75
35.21036921609846
0.228966685675433
1879.9451073395119
2.2386961683114164
891.0
205.0
244.0
47437965.0
1.1203408992227784
16.0
3.3715834388754393
254.0
11.369905565191756
230.2861952861953
235.0
190.0
64.0
7.630818849129065
230.74068264236072
-1.1190475059212475
47437965.0
0.5762488332634236
209.5308868709542
7.757134960319277
2.7480892040751055
5.08738204897907
-1.525147314779957
1.0200236433271037
0.19958940018474125
0.6719032722226517
0.18577555061237275
0.7154539024383022
0.1642295921846769
0.4932393149340877
1.7468544030645061
-0.32929691508133774
0.6997846767935926
0.9084936096510504
0.9885032208639393
0.9094145329558749
0.9633053515299377
0.17368843223655028
0.6879962368210264
1.532905218309964
0.30490326087796127
78.50077889332684
0.34586496631869135
0.6335224090663407
6.0762735262589205
38.663468888551215
331.16921343220673
5.060975873822137
0.30793905137379046
4.1785386264746345
46.30465906079387
0.20219190231392384
0.25392817059483724
22.056685409854612
0.44565355534835804
2.009329859032315
0.1979676860608227
11.0625
0.345703125
1.1474609375
4.78125
12378.90625
109149.46875
1451.2764756944446
0.5635850694444444
6.25
0.1953125
0.41845321032153826
1.7779378615806767
0.29971202875568526
3.827819531114777
0.03591470258136925
11603.6318359375
3.2617441196396864
203.9517396184063
0.22890206466712265
4.809337923441927
513.4377104377104
0.3512440781426939
7.673400673400673
53.370370370370374
447.2065095398429
7.339474996882405
0.18766367377478488
0.04674148578249107
0.2596176781391361
0.019912332323975393
