1.0
1.0
1.0
40.0
30.0
1.0
230.27333333333334
155.0
255.0
1.0
1.0
1.0
40.0
30.0
1.0
0.0
0.0
0.0
40.0
30.0
1.0
906.0
2.0
16.939293598233995
15.332229580573951
0.0
16.939293598233995
15.332229580573951
0.0
0.8026611467229365
0.0
0.0
41.83663198147505
40.0
30.0
49.4064773081425
49.4064773081425
857.0833333333334
33.580639001276246
0.22916788643837177
1904.0531409374612
2.2215496053718553
906.0
232.0
251.0
52997980.0
0.8111880422449628
8.0
3.5363019653278944
255.0
5.593804365305616
241.74613686534215
242.0
219.0
36.0
3.624349427198955
241.8608415322056
-0.6914621547645209
52997980.0
0.6932103367786013
55.471977349921296
4.588975679761591
2.1244252049371526
1.0122486318959785
0.42262848112812973
0.4462118647317807
0.14306024135178505
0.5126208595611859
0.14306024135178505
0.5889507240164784
0.12205612917012744
0.6012074423090925
1.2759044736410394
-0.24094426577724126
0.5344820905582327
0.9284698793241074
0.9856939758648215
0.9284698793241074
0.9642349396620538
0.14306024135178505
0.7656648986352352
1.132844232289255
0.14731802652089143
81.72563169286853
0.4141977137398842
0.43112166694803045
4.992328548644338
52.03535201640465
219.77646844383685
12.81374851269588
0.3275441128072707
4.155887364695856
35.59286283891547
0.17553876170936467
0.21688741721854304
28.659466127324315
0.4028950911816136
1.787662285244594
0.1964102677629098
19.82051282051282
0.5082182774490467
0.8376068376068377
3.6153846153846154
13447.128205128205
54131.743589743586
3353.068376068376
0.688034188034188
10.948717948717949
0.2807363576594346
0.5388464498876693
0.6726591135892951
0.5239516462462481
2.764369828352886
0.04304635761589404
12907.45956607495
2.91297007890235
242.36423841059602
0.26751019692118766
4.47949651331082
628.0485651214128
0.1688327510001998
4.622516556291391
57.258278145695364
253.00883002207505
13.704500858474368
0.25625459896983077
0.048554338688300114
0.15790672812948253
0.029417346457326285
