1.0
1.0
1.0
40.0
30.0
1.0
225.54416666666665
152.0
255.0
1.0
1.0
1.0
40.0
30.0
1.0
0.0
0.0
0.0
40.0
30.0
1.0
814.0
3.0
20.835380835380835
12.97911547911548
0.0
20.835380835380835
12.97911547911548
0.0
0.7475380070093075
0.0
0.0
44.659476830619965
40.0
30.0
49.4064773081425
49.4064773081425
760.3333333333334
33.38465630403999
0.2331036990467818
1728.2410358677444
2.273004431215797
814.0
225.0
252.0
47040187.0
1.0840835421132464
13.0
2.5238326252154746
255.0
7.697501946887696
240.2051597051597
242.0
218.0
37.0
5.599268517649644
240.393276774596
-0.5404317874453196
47040187.0
0.577809102379127
90.40876944623874
4.545826216100192
2.1046328037173616
1.8467509701094764
0.26499057594926023
0.6814675134906354
0.21615110397391665
0.5162441541578573
0.21615110397391665
0.7434625451233986
0.16725611456114658
0.4563676342892901
1.7518019639039095
-0.2250243298639643
0.5797794054283112
0.8919244480130417
0.9783848896026084
0.8919244480130417
0.9459622240065207
0.21615110397391665
0.6565538947953375
1.5356508599299934
0.22440465436613802
90.68429780283257
0.37417380389096533
0.5027731800825987
4.482440343081212
28.3955620789082
123.76403762772068
7.224380137689479
0.4082082659559821
3.921624309210551
56.375691890829515
0.22369957545271624
0.2976044226044226
15.18184124395058
0.45656104109449425
1.7607634215137178
0.26260491945854686
18.2972972972973
0.49452154857560265
0.8575602629656685
3.7567567567567566
8939.513513513513
36159.35135135135
2235.2447447447444
0.6711711711711711
5.648648648648648
0.15266617969320673
0.37460136078546447
0.7273092068352678
0.33539611802755
3.6873341680208176
0.045454545454545456
8455.513513513513
3.440716012373089
149.3783783783784
0.1835115213493592
4.8647924225319805
470.33660933660934
0.2595548418644242
4.57002457002457
48.67813267813268
220.36117936117935
12.004982254982254
0.29722904722904725
0.052325688784022106
0.18538907278490613
0.030706288110801998
