1.0
1.0
1.0
40.0
30.0
1.0
237.015
124.0
255.0
1.0
1.0
1.0
40.0
30.0
1.0
0.0
0.0
0.0
40.0
30.0
1.0
1043.0
1.0
18.387344199424735
13.077660594439118
0.0
18.387344199424735
13.077660594439118
0.0
0.6974476773163555
0.0
0.0
46.95112250760137
40.0
30.0
49.4064773081425
49.4064773081425
1003.4166666666666
32.745951340322236
0.22494912412300738
2154.702711653347
2.1473658782360405
1043.0
237.0
255.0
64691557.0
1.1031313876368034
8.0
8.286607580315035
255.0
6.499732959261813
248.87535953978906
253.0
204.0
51.0
3.596987400068439
249.04719102151043
-2.2716770256199954
64691557.0
0.5283922676768559
85.55876964541953
7.203992006962056
2.6421236202523914
3.571811830246976
-1.211381170714421
1.0355967736385445
0.14301679192016936
0.7573183283693806
0.14198052249011756
0.5863623016147463
0.12189478069787947
0.4403880635636747
1.654272341632434
-0.4428747253954111
0.7757572729872442
0.9291133656979464
0.9857461486278316
0.9291824503266166
0.9645566828489732
0.1410737867388222
0.6190062019469608
1.5086275468482033
0.2946533913896785
79.05732251394308
0.3939495804668342
0.46890729617729854
5.646568948112019
71.04716691182608
585.9272891004892
9.759973774058802
0.29518019547698315
4.351847339520208
27.408735476693668
0.1343909855206899
0.1912751677852349
39.16508567216255
0.3232332331177357
1.406591436595864
0.14546997547947374
7.352941176470588
0.43252595155709345
0.698961937716263
3.411764705882353
30042.176470588234
254537.64705882352
3795.7598039215686
0.6584967320261438
2.176470588235294
0.12802768166089964
0.3007264820533369
0.9032837467079587
0.2322405405787778
3.572469458770131
0.016299137104506232
26277.993079584776
3.0608608936740733
339.09779482262707
0.32511773233233654
3.685329489662628
551.1131351869607
0.31774446637354997
7.188878235858102
59.48322147651007
457.28475551294343
9.40857036326835
0.18890486843506976
0.02978053473262463
0.16559999255374888
0.010990819564847983
