1.0
1.0
1.0
40.0
30.0
1.0
247.01833333333335
197.0
255.0
1.0
1.0
1.0
40.0
30.0
1.0
0.0
0.0
0.0
40.0
30.0
1.0
1021.0
1.0
19.41136141038198
15.256611165523996
0.0
19.41136141038198
15.256611165523996
0.0
0.7276796211355954
0.0
0.0
44.98306300119443
40.0
30.0
49.4064773081425
49.4064773081425
977.9166666666666
32.73325824222778
0.2229325567998658
2137.2001342652793
2.185462429585288
1021.0
244.0
255.0
63910306.0
0.9566608504475564
7.0
2.4573352848185555
255.0
3.3718301563349873
250.1586679725759
251.0
240.0
15.0
2.791057779163551
250.19151528238285
-0.6642218684344289
63910306.0
0.5297383736825394
16.43515748133468
2.8257310420885022
1.6421719384333249
0.8424153661055254
-0.3504300684003896
0.7175399217032545
0.2015695464229446
0.5612571008718771
0.2015695464229446
0.7207653836768413
0.15997153553125318
0.38047373040564725
1.6458568487989056
-0.2505600244242635
0.6065001330965297
0.8992152267885277
0.9596860907154111
0.8992152267885277
0.9328101511923519
0.2015695464229446
0.5413871652218526
1.4442873023759613
0.22977736703154983
132.26744125853548
0.5036469545528411
0.2481765227235794
2.3768755490734756
29.412283758392384
96.66176749191891
12.599912825010747
0.6557811127316311
3.973448659017131
42.76192310143191
0.15744994909460183
0.2573457394711068
13.045553421113912
0.34902165405794106
0.6662008141034117
0.26972686404657337
8.285714285714286
0.5918367346938775
0.20408163265306123
1.8571428571428572
23537.35714285714
86922.42857142857
7691.089285714285
0.7857142857142857
1.1428571428571428
0.08163265306122448
0.10152567460496842
0.32178983302421155
0.04645963500015764
3.6644977792004574
0.013712047012732615
18218.780612244896
3.4555346788368215
202.00293829578845
0.1978481276158555
3.7046758521585392
540.8628795298727
0.23513081315873036
2.8658178256611166
51.885406464250735
161.55142017629774
24.46890303623898
0.5335455435847208
0.031108489020812376
0.07636226035195881
0.019795046188025762
