1.0
1.0
1.0
40.0
30.0
1.0
214.64333333333335
135.0
253.0
1.0
1.0
1.0
40.0
30.0
1.0
0.0
0.0
0.0
40.0
30.0
1.0
782.0
3.0
21.975703324808183
14.139386189258312
0.0
21.975703324808183
14.139386189258312
0.0
0.6926499623263411
0.0
0.0
47.580349926920086
40.0
30.0
49.4064773081425
49.4064773081425
732.5
32.95652758435532
0.2369794640018709
1658.231513389418
2.2637972879036425
782.0
218.0
247.0
42805249.0
0.9791105341855381
15.75
2.4446987277958883
253.0
9.048079879121671
233.7071611253197
235.0
207.0
46.0
6.73230451850665
233.96189877141606
-0.45880879030637794
42805249.0
0.6063474205427751
119.13291547020229
3.6186384864246985
1.8774868834869327
1.4757230168248086
-0.2909062209702473
0.5940749287388015
0.219404805490661
0.461142640691416
0.21573899133891333
0.7595837791266694
0.1721927189346276
0.4792468257731719
1.6797645708035231
-0.18035296157853914
0.5247083452095922
0.8924970857457181
0.9782287108733223
0.8927414733558346
0.9462485428728591
0.21253140395613418
0.6755700561841189
1.4499754847776387
0.2033699335573656
95.78968665763331
0.41659604461785854
0.41964646117301474
3.286843479803319
25.04958591667271
95.38704634312329
7.775931699043175
0.5447404184020546
3.814960733398549
55.02994315333619
0.2358011510930582
0.29411764705882354
12.917022187000107
0.4914370217892192
1.4827157610761283
0.3330773711958075
21.842105263157894
0.574792243767313
0.7735457063711911
3.1842105263157894
9160.052631578947
36308.57894736842
2378.2426900584796
0.7463450292397661
8.105263157894736
0.21329639889196675
0.4389792932445036
1.232424776491335
0.350818652064046
3.3974430315619837
0.04859335038363171
8736.559556786702
3.4394302699889234
139.9846547314578
0.1790085098867747
5.2539491499924775
474.16368286445015
0.2238473060746594
3.5959079283887467
49.43734015345269
185.537084398977
16.04894856493322
0.39933219664677466
0.057092308743142986
0.1775654817079811
0.03681877466163599
