1.0
1.0
1.0
40.0
30.0
1.0
238.69833333333332
139.0
255.0
1.0
1.0
1.0
40.0
30.0
1.0
0.0
0.0
0.0
40.0
30.0
1.0
1028.0
1.0
20.19260700389105
13.20330739299611
0.0
20.19260700389105
13.20330739299611
0.0
0.6974443088062677
0.0
0.0
47.38563606645825
40.0
30.0
49.4064773081425
49.4064773081425
988.9166666666666
33.048842193716325
0.2257401572766745
2126.4169824901664
2.150248907885902
1028.0
237.0
255.0
62904666.0
1.1832268974973672
10.0
4.94891258031117
255.0
6.3394979484927845
247.2295719844358
249.0
218.0
37.0
4.411372412995722
247.36877195499315
-1.4898819561517784
62904666.0
0.467304576905025
68.84807491407892
6.372285776727664
2.484770565905297
2.0102604997131306
-0.3468504988176668
0.9941452888234875
0.20138808407350164
0.6631348440103868
0.19773499732486122
0.7211173816564638
0.16109000643206792
0.3321507575034315
1.8991915930155252
-0.33457634027363714
0.7250378452559788
0.9014978100124335
0.9800297955964332
0.9017413491290095
0.9507489050062168
0.1945385464198008
0.42469836250052373
1.688765427302985
0.29888334322424726
104.24161750790262
0.41490347193717725
0.4209615502875964
5.698368400699589
31.03131590511597
206.03674708431112
5.668105125684917
0.2737111461198853
4.335410533116979
37.58861964358431
0.14537547575168613
0.24343385214007782
12.503108077467333
0.3233946330710808
1.4002215977364523
0.13401820035289888
10.28
0.4112
0.6304000000000001
3.32
8015.76
56818.16
1322.8044444444445
0.6422222222222222
3.8
0.152
0.36991558247066136
0.5058414699521063
0.337628492444912
3.5377968115985903
0.024319066147859923
6324.9056
3.5977938515496506
228.08560311284046
0.2218731547790277
3.853271813350694
480.3891050583658
0.3186725007191631
6.385214007782102
53.59143968871595
356.8424124513619
9.776102464332038
0.2070903588413316
0.036350335755068706
0.17025915230806257
0.015461541746688588
