1.0
1.0
1.0
40.0
30.0
1.0
250.94
190.0
255.0
1.0
1.0
1.0
40.0
30.0
1.0
0.0
0.0
0.0
40.0
30.0
1.0
1105.0
2.0
19.510407239819006
13.7131221719457
0.0
19.510407239819006
13.7131221719457
0.0
0.7427373626677168
0.0
0.0
44.49578040037501
40.0
30.0
49.4064773081425
49.4064773081425
1068.0833333333333
33.04867858441642
0.22234346950780048
2272.635772587691
2.1277700921473275
1105.0
250.0
255.0
71106964.0
0.44412604507959896
1.0
12.066626329403226
255.0
2.031994430908462
253.65067873303167
255.0
237.0
18.0
0.5867462418328235
253.67339960105863
-3.0801543999001293
71106964.0
0.8324260355029585
11.526843430724188
3.7525608137971433
1.9260096535145321
0.5965199024736142
-0.33622642268748104
0.22305901720503774
0.05093629349290587
0.6235029347692951
0.05093629349290587
0.2884906511246603
0.04821050959975587
0.8147918350512722
0.6144519359599554
-0.3812658579963526
0.4958272733386606
0.9745318532535471
0.9898127413014188
0.9745318532535471
0.9830212355023646
0.05093629349290587
0.9005415067680791
0.5635156424670498
0.06849882767448591
55.42273549730221
0.5033751109979463
0.24831244450102685
2.5976670227737513
251.721602793119
998.0589337456931
65.13727005497546
0.6005832443065622
3.9804191361577255
13.960671820427141
0.1226884259801317
0.0995475113122172
131.67773380306448
0.28455914534794985
0.4433935676187356
0.2448505397802534
4.333333333333333
0.7222222222222222
0.1388888888888889
1.5
168079.16666666666
671083.6666666666
42328.041666666664
0.875
1.0
0.16666666666666666
0.005993734259016743
0.005994231272462945
0.005993610005655192
2.5849625007211543
0.005429864253393665
134161.80555555556
1.5505095834545042
643.3312217194571
0.5822002006510923
2.354014045576463
919.8307692307692
0.08378698224852071
3.723076923076923
69.65339366515838
271.23981900452486
19.256787330316744
0.3192307692307692
0.018525740353121305
0.060026007554018754
0.00815067355289694
