1.0
1.0
1.0
40.0
30.0
1.0
245.275
183.0
255.0
1.0
1.0
1.0
40.0
30.0
1.0
0.0
0.0
0.0
40.0
30.0
1.0
1112.0
1.0
18.578237410071942
15.362410071942445
0.0
18.578237410071942
15.362410071942445
0.0
0.7156855139562563
0.0
0.0
46.17941343583883
40.0
30.0
49.4064773081425
49.4064773081425
1074.6666666666667
33.04993723902676
0.22169332093566885
2288.656952346798
2.1296435660795265
1112.0
242.0
255.0
68940618.0
0.9943901572390846
8.0
5.250116294647871
255.0
4.591157289995343
248.9208633093525
250.0
225.0
30.0
3.433764111107073
248.99188467316264
-1.4075703277844174
68940618.0
0.5038834040681124
35.362442420164584
2.5669081452841382
1.5513485491067494
0.8353794464431135
-0.1493265944767609
0.8151699148296566
0.17427500407221946
0.6477032207680699
0.17427500407221946
0.6607346426540972
0.14262037639009434
0.36265716415896765
1.6514579317608977
-0.33582448361226513
0.6899436888471534
0.9128624979638902
0.9651449991855561
0.9128624979638902
0.9419083319759269
0.17427500407221946
0.46421104707063965
1.4771829276886783
0.247361229725469
120.60197392859772
0.5010044107947413
0.24949779460262933
2.433984731024113
44.72116084009285
122.46785558103227
25.284487154858
0.6415038172439718
4.259237208500444
31.1245423137146
0.12475796809688258
0.2165017985611511
19.840460277757806
0.2552930158571216
0.5779605514858719
0.17462613194993398
6.846153846153846
0.5266272189349113
0.23668639053254437
2.8461538461538463
28700.46153846154
65082.846153846156
19604.865384615383
0.5384615384615384
1.1538461538461537
0.08875739644970414
0.11076081777991045
0.3642911930124022
0.047378223971787495
3.546593564294935
0.011690647482014389
21383.63313609467
3.373923525209258
269.0953237410072
0.24199219760881943
3.1835793954764244
560.318345323741
0.24805829796594378
2.6321942446043165
56.007194244604314
152.21492805755395
31.955260791366907
0.5919514388489209
0.02629891735704407
0.06666863136474947
0.01620648885511772
