1.0
1.0
1.0
40.0
30.0
1.0
231.09583333333333
126.0
255.0
1.0
1.0
1.0
40.0
30.0
1.0
0.0
0.0
0.0
40.0
30.0
1.0
920.0
1.0
19.83695652173913
13.126086956521739
0.0
19.83695652173913
13.126086956521739
0.0
0.7160926196720893
0.0
0.0
49.69737247551496
40.0
30.0
49.4064773081425
49.4064773081425
871.5
35.58792164681109
0.2283270866537235
1932.4352464178191
2.2173668920456904
920.0
227.9
253.0
54307368.0
1.1345367723655024
12.0
2.8968253344450217
255.0
7.44351134215501
242.78478260869565
245.0
218.0
37.0
5.346854310398841
242.9603832440321
-0.8488558124762782
54307368.0
0.5269352551984876
85.29715973534972
5.187976091543559
2.245165518559345
1.8192828102734666
0.2615910181226051
0.8216224088265524
0.23288749428411187
0.5581739537963961
0.22862363082223275
0.7831948014668246
0.17965032457435143
0.37404089856601336
1.9022527188595206
-0.2401082660880935
0.6293090888827579
0.8861145709350715
0.9769080442698292
0.8863988284991968
0.9430572854675358
0.22489275029308847
0.5640623518715858
1.658594862570193
0.2636274757776661
108.1591285267941
0.4027336289234868
0.44705045744809235
5.097043240672335
24.074886615034703
116.10041733450407
5.696682102316878
0.3250990732636766
4.093849586142131
50.5808614780681
0.1852205613276316
0.2910326086956522
11.449302213020413
0.4031256072103283
1.7361218681599095
0.18808289284044583
16.161290322580644
0.5213319458896982
0.8636836628511966
3.6774193548387095
12582.516129032258
51775.3870967742
3110.965053763441
0.6890681003584229
4.419354838709677
0.1425598335067638
0.34776994431979125
0.4221037108827223
0.3395106016172417
3.517766471258456
0.03369565217391304
11701.766909469305
3.6440618176793556
165.82608695652175
0.18024574669187146
4.3031143667296785
484.7804347826087
0.2834959829867675
5.185869565217391
48.81521739130435
252.19891304347826
10.976539855072463
0.2554649758454106
0.04443190757583226
0.1746960720379134
0.022732444494728474
