1.0
1.0
1.0
40.0
30.0
1.0
247.5725
159.0
255.0
1.0
1.0
1.0
40.0
30.0
1.0
0.0
0.0
0.0
40.0
30.0
1.0
1131.0
1.0
19.24314765694076
14.528735632183908
0.0
19.24314765694076
14.528735632183908
0.0
0.7180891802393523
0.0
0.0
46.318747360664
40.0
30.0
49.4064773081425
49.4064773081425
1091.1666666666667
33.26099132193288
0.21956467904903057
2334.4381622492674
2.1393965134405994
1131.0
242.0
255.0
70695796.0
0.9482871751671524
9.0
3.534908675771944
255.0
5.094692536748697
249.93987621573828
253.0
230.0
25.0
3.7134564093854814
250.0146697729554
-1.1721316815324114
70695796.0
0.5354142285451167
37.393378941352964
2.862196504655783
1.6431943828613753
0.9425801455200016
-0.40982454971488314
0.7831915095364381
0.1347732878566845
0.7062942626365641
0.1347732878566845
0.5667059956226133
0.11601534750878116
0.4250022537946575
1.4969109394474773
-0.4074553107161482
0.7277776260798212
0.9326133560716577
0.9730453424286631
0.9326133560716577
0.9550755707144385
0.1347732878566845
0.5758077389330329
1.3621376515907933
0.22949119934828066
102.75152997277972
0.5007499041213792
0.24962504793931037
2.456720807207066
68.82978843160846
228.79574926460532
28.838298223359253
0.6358197981982335
4.389159994305967
24.940237394310238
0.11826162056838196
0.1814765694076039
34.79200473496293
0.24957400063490418
0.5400933163640498
0.1769441717026177
7.571428571428571
0.5408163265306123
0.22959183673469388
2.9285714285714284
35434.78571428572
113241.07142857143
15983.214285714286
0.5178571428571429
1.4285714285714286
0.10204081632653061
0.2442805630856873
0.9135005427780978
0.07697556816258468
3.4677201004744953
0.01237842617152962
28908.454081632655
3.050589271037791
349.1396993810787
0.3086999994527663
3.08056921685386
605.5534924845269
0.23229288572744167
2.8992042440318304
60.05570291777188
183.12201591511936
29.28912466843501
0.5251989389920424
0.025219880744648124
0.0697390851991974
0.014090079631010801
