1.0
1.0
1.0
40.0
30.0
1.0
241.93583333333333
179.0
255.0
1.0
1.0
1.0
40.0
30.0
1.0
0.0
0.0
0.0
40.0
30.0
1.0
982.0
2.0
18.76272912423625
15.966395112016293
0.0
18.76272912423625
15.966395112016293
0.0
0.7217182806013548
0.0
0.0
44.04063337743257
40.0
30.0
48.25971404805462
48.25971404805462
941.0
31.784930197755276
0.2270515103417146
2045.2801885274146
2.173517734885669
982.0
237.0
255.0
60624225.0
0.9865262970687828
12.0
2.2315435296162374
255.0
6.238583712528154
248.36354378818737
251.0
231.0
24.0
5.044511250980312
248.46622172867322
-0.7689566275094968
60624225.0
0.5093101488711264
51.0134570953331
2.6983657689194933
1.5881275268363162
0.9022973647970478
-0.27122419492277017
0.8368531127455926
0.13203362317891149
0.7273356184761615
0.13203362317891149
0.5588641822517325
0.11396459514400166
0.40159203689374634
1.5327486117241307
-0.43175375561801366
0.7512148006557258
0.9339831884105443
0.9735932753642178
0.9339831884105443
0.9559887922736962
0.13203362317891149
0.5221107152468605
1.4007149885452195
0.24222168398112603
95.6754658293913
0.5113047537600028
0.24434762311999855
2.27809561101742
57.83917732234106
170.56218128581398
29.65842633147284
0.6804760972456448
4.317458844747899
23.87848986671553
0.12316211548977724
0.19068228105906315
26.75752416188631
0.2949043298645547
0.4762151207773811
0.2495766321363481
7.5
0.625
0.1875
1.75
31362.666666666668
98675.66666666667
14534.416666666666
0.8125
1.1666666666666667
0.09722222222222222
0.03951424420467615
0.04157016457623358
0.03900026411178679
3.4182958340544856
0.012219959266802444
24665.97222222222
3.184009420343844
292.3788187372709
0.29773810462043876
3.412284667808745
500.142566191446
0.24534492556443688
2.704684317718941
59.28105906313645
168.4969450101833
31.977087576374746
0.5738289205702648
0.02524064667543113
0.0587557779768768
0.016861863850069707
