1.0
1.0
1.0
40.0
30.0
1.0
222.64583333333334
136.0
255.0
1.0
1.0
1.0
40.0
30.0
1.0
0.0
0.0
0.0
40.0
30.0
1.0
898.0
1.0
19.43207126948775
15.425389755011135
0.0
19.43207126948775
15.425389755011135
0.0
0.683940110939985
0.0
0.0
45.73538286376876
40.0
30.0
49.4064773081425
49.4064773081425
854.6666666666666
31.2802628297287
0.23251173877595172
1873.1407758053053
2.191662374187175
898.0
223.0
253.0
51926888.0
1.3041641339854335
17.0
3.064810280640039
255.0
9.514377408842217
240.1826280623608
242.0
206.0
49.0
7.078563778938969
240.46838111539395
-0.8657358232030922
51926888.0
0.46236377795745065
137.3474933160054
4.993815418739484
2.184313817703095
3.389279585959788
0.016907145842055882
1.1141128330138015
0.22421240735904183
0.6637992357300454
0.2217401182316537
0.7658331840882007
0.17372416574517088
0.3310720652565522
2.0913984794084746
-0.32403438142601376
0.7381492388797508
0.889377169796912
0.9776928649161291
0.8895419890720712
0.9446885848984561
0.21957686524518913
0.5216997338412426
1.8598518470379783
0.33458131009321085
90.42399448066877
0.3616635305838951
0.5302664638144108
4.717745745662844
26.324337569454002
130.85344205445108
6.655261611274877
0.3928776178063789
4.255386188605552
48.78308512284812
0.18807077231897837
0.27839643652561247
12.254454043095105
0.3911366385267473
1.495625515469993
0.2077962128053109
8.8
0.44
0.64
3.2
11210.8
57289.0
2535.25
0.6722222222222223
2.0
0.1
0.1596611687079956
0.22078686565923925
0.1502643198282326
3.884183719779183
0.022271714922048998
9194.79
3.8029895896806996
164.82628062360803
0.18354819668553232
4.0864777456461026
415.20267260579067
0.3632224046507706
5.011135857461024
49.957683741648104
255.76169265033408
12.589829250185597
0.2991215045780747
0.03551592001149218
0.1463499337291627
0.016700502616198577
