1.0
1.0
1.0
40.0
30.0
1.0
241.21833333333333
206.0
255.0
1.0
1.0
1.0
40.0
30.0
1.0
0.0
0.0
0.0
40.0
30.0
1.0
917.0
2.0
20.34896401308615
12.752453653217012
0.0
20.34896401308615
12.752453653217012
0.0
0.6914639951743063
0.0
0.0
46.7299782104356
40.0
30.0
49.4064773081425
49.4064773081425
859.0833333333334
32.31209742779608
0.22329008646444728
1957.2135404888584
2.2782580740970317
917.0
238.0
255.0
55632781.0
0.9062218640806046
11.0
1.8124502410862098
255.0
4.963687240527585
246.24100327153764
246.0
236.0
19.0
4.65269874139597
246.3092474214513
0.0342587254962393
55632781.0
0.5635809244739793
33.61367314829899
1.9349939027477543
1.3397769508468838
0.9021948260021445
0.4136805633069429
0.7285760586521987
0.16867389958579412
0.6244636582513345
0.16867389958579412
0.6470911311130322
0.13872477459777338
0.41265024628323016
1.5555776214114987
-0.3178025805373499
0.657179292522275
0.9156630502071029
0.9662652200828411
0.9156630502071029
0.9437753668047352
0.16867389958579412
0.5758860993602192
1.3869037218257048
0.22431248955949823
125.59751158354926
0.5374188774474344
0.23129056127628284
2.0904864144794937
29.674317274966782
51.6600649531797
24.17788035541355
0.7273783963801266
3.9761947289396753
37.742766079707785
0.15432342574839825
0.254907306434024
12.38445879996229
0.2780440667482409
0.5903982851469093
0.19995551214857385
8.285714285714286
0.5918367346938775
0.20408163265306123
3.142857142857143
27424.928571428572
35492.57142857143
25408.01785714286
0.4642857142857143
1.7142857142857142
0.12244897959183673
0.23660380124199204
0.9340670842026633
0.062237980501824226
3.1820058147602106
0.015267175572519083
23134.67857142857
3.4642811811470184
176.9607415485278
0.19297790790461047
3.1020574653729565
516.8037077426391
0.21820953776301033
1.965103598691385
51.55398037077426
98.1308615049073
39.909760087241004
0.7587241003271538
0.03005988185289868
0.06813388359705932
0.020541381416858517
