1.0
1.0
1.0
40.0
30.0
1.0
224.55833333333334
130.0
255.0
1.0
1.0
1.0
40.0
30.0
1.0
0.0
0.0
0.0
40.0
30.0
1.0
764.0
1.0
17.00261780104712
15.285340314136125
0.0
17.00261780104712
15.285340314136125
0.0
0.8034826455555278
0.0
0.0
42.166412898071556
38.0
30.0
49.4064773081425
49.4064773081425
715.75
33.87998098892927
0.23787678834852602
1626.695615004558
2.272714795675247
764.0
225.0
252.0
44196256.0
1.0848839953175928
14.0
2.333872824796937
255.0
7.841890299059783
240.32984293193718
243.0
219.0
36.0
5.990125416032973
240.51715659761373
-0.5900552060046412
44196256.0
0.5764233436583427
90.06921411145528
4.660570471915037
2.1301490131635625
1.8863988824087126
0.2762380312308587
0.7171962058640968
0.22513335484460772
0.5225174079970397
0.2243814751453596
0.7664506207251529
0.17374182881622754
0.43311099618635673
1.8138678643680404
-0.21642999045851424
0.5890589245201212
0.8878844503972451
0.9775213666555045
0.8879345757105283
0.9439422251986225
0.22372358040851748
0.6356441055938542
1.5860550195586538
0.23558239017717614
92.24657782728958
0.39507378072464017
0.4647912054034977
4.382091594512079
23.209664343876764
105.21359121359353
5.799731997174164
0.4018832876971203
3.906293541458009
50.02894043350749
0.21148990817809915
0.3043193717277487
11.63067375359775
0.44676333215090014
1.6151802559546546
0.2568051845465618
24.23076923076923
0.621301775147929
0.5443786982248522
2.4615384615384617
6868.102564102564
28439.02564102564
1697.252136752137
0.8055555555555556
11.051282051282051
0.28336620644312954
0.5410954215180012
0.7776754176197046
0.5121336659915154
2.9118528591112547
0.051047120418848166
6484.344510190665
3.5676240119077685
132.54450261780104
0.17348756887146735
4.824250979962172
440.3874345549738
0.25999835530824267
4.602094240837697
47.92931937172775
222.81675392670158
11.676919720767888
0.29435718440954045
0.06062294299142966
0.18397369452919815
0.039220512037846836
