1.0
1.0
1.0
40.0
30.0
1.0
214.95
141.0
250.0
1.0
1.0
1.0
40.0
30.0
1.0
0.0
0.0
0.0
40.0
30.0
1.0
916.0
1.0
22.036026200873362
15.996724890829695
0.0
22.036026200873362
15.996724890829695
0.0
0.7384157057157272
0.0
0.0
47.19170027653099
40.0
30.0
49.4064773081425
49.4064773081425
868.1666666666666
34.84709266361971
0.22939832063623203
1918.503643399196
2.2098333385285422
916.0
214.0
240.0
47998873.0
0.884137047407096
12.0
3.1640641849683804
250.0
7.941286398047331
228.68449781659388
230.0
200.0
50.0
5.385237399561724
228.91159074093616
-0.6723784842396835
47998873.0
0.5968135619076675
103.91683391811749
3.2405048467384736
1.7675889879053677
1.0483660276676998
-0.5248557049966512
0.6078038940843742
0.1435599823483712
0.6163379939016229
0.1435599823483712
0.589278827739149
0.12224967436769614
0.5096407737599764
1.3968553509441777
-0.3194175624072512
0.6343410158464944
0.9282200088258145
0.9856440017651629
0.9282200088258145
0.9641100044129072
0.1435599823483712
0.6862911225346262
1.2532953685958073
0.18784096910818632
95.85624445593837
0.49187101544669565
0.2805502085785
2.427482980506337
56.90764702597639
210.04655289095905
18.66930887841505
0.661172902355932
3.995861808117959
34.222708293145345
0.1697169573863664
0.21315502183406115
32.03376542530941
0.37048083306959834
0.703221056097329
0.30356788284506836
8.076923076923077
0.621301775147929
0.3668639053254438
2.076923076923077
34382.61538461538
131925.6923076923
9998.213675213676
0.8162393162393162
1.4615384615384615
0.11242603550295859
0.03639735408004992
0.07646200284351526
0.03172307223106393
3.3927474104487807
0.014192139737991267
29417.786982248526
2.9910607326938186
249.04585152838428
0.2718841173890658
3.8410642436261706
546.6812227074236
0.20516866573863962
3.203056768558952
57.05458515283843
199.93231441048036
21.366690926734595
0.45408782144590004
0.02843373429146849
0.07574344438365675
0.017482364776939405
