1.0
1.0
1.0
40.0
30.0
1.0
197.12
132.0
252.0
1.0
1.0
1.0
40.0
30.0
1.0
0.0
0.0
0.0
40.0
30.0
1.0
616.0
2.0
17.150974025974026
15.082792207792208
0.0
17.150974025974026
15.082792207792208
0.0
0.6325380265882221
0.0
0.0
45.89680966779453
40.0
30.0
49.4064773081425
49.4064773081425
564.0833333333334
29.031477413961987
0.24806044481712677
1330.9307271571117
2.359457634197864
616.0
204.5
245.0
32402490.0
1.2078331077014868
23.0
2.1489192872694374
252.0
12.859925788497216
228.85714285714286
233.0
197.0
55.0
10.005215794306702
229.35004862697284
-0.6078585968618199
32402490.0
0.5011964496542417
225.85296846011133
7.381281716066607
2.687598802892322
2.5332099530520864
-0.8473352521703353
0.8895639348393746
0.2578548559032945
0.5483837067230972
0.24448721893493996
0.830429858171718
0.19690271255847663
0.40091740745630516
1.8987422781022607
-0.23187197840809654
0.6175004419687028
0.8790931542293655
0.9850679667757184
0.8799843300272558
0.9515481441119571
0.23279053658762977
0.5986674779410106
1.6220902386617975
0.28685469768566724
82.14212309033921
0.3910936459483335
0.49435404492314
5.589060667963295
20.237994195293485
167.70414153949164
2.763573086049015
0.29562667959315575
3.6189595518830835
59.70727651052105
0.27895971023816435
0.3405032467532467
10.8965181865542
0.5386259820112105
2.342016549570234
0.21631994943748944
17.095238095238095
0.4070294784580499
0.7057823129251699
3.4047619047619047
3496.1428571428573
30496.071428571428
416.1507936507936
0.638558201058201
15.761904761904763
0.37528344671201813
0.6280536958174296
1.3712585253984553
0.5161806116730036
3.0781876751618324
0.06818181818181818
3281.0317460317456
3.541141395824849
100.22402597402598
0.16270134086692528
5.8783837915331425
308.737012987013
0.3485595167819193
7.154220779220779
45.26623376623377
370.35227272727275
6.136566558441558
0.194106240981241
0.08208083783657763
0.3289236880568726
0.04425739459561148
