1.0
1.0
1.0
40.0
30.0
1.0
240.32
145.0
255.0
1.0
1.0
1.0
40.0
30.0
1.0
0.0
0.0
0.0
40.0
30.0
1.0
1129.0
1.0
18.480070859167405
15.054030115146148
0.0
18.480070859167405
15.054030115146148
0.0
0.7529913009573906
0.0
0.0
44.767566159205145
40.0
30.0
49.4064773081425
49.4064773081425
1094.5
33.70958788291594
0.22141792306482688
2319.611193040244
2.119334118812466
1129.0
232.8
255.0
67796579.0
1.1310796384352986
14.0
4.34590406800026
255.0
7.489796734923795
244.87599645704162
247.0
207.0
48.0
5.815384943269887
245.05124823270629
-1.0887859596292
67796579.0
0.4906581539429533
85.86061957837539
5.7757110892540435
2.3602370307261458
1.8443938625419172
0.1358083190275966
0.9666596531623933
0.14676061336696852
0.7363026217510861
0.14441226139989466
0.5956007283069785
0.12484115580189731
0.38484321801124277
1.7304644667134352
-0.4366839622168132
0.7816143558807864
0.9280287044967601
0.9854323241387066
0.9281852612945649
0.9640143522483801
0.14235745342870504
0.5208247722506449
1.5767708013247885
0.27835506663234044
86.77647353124324
0.41704631481881765
0.421466611902176
5.932591133539423
62.851847827933625
361.8079707649965
12.896493207600926
0.2614642796368698
4.643277057514437
24.47276657326156
0.11561928394965451
0.18356953055801595
29.173264255998212
0.281099043639898
1.460516006434917
0.10823464986571558
7.666666666666667
0.36507936507936506
0.7256235827664399
5.523809523809524
16115.095238095239
89073.42857142857
3360.0621693121698
0.39814814814814814
2.4285714285714284
0.11564625850340136
0.2892898080963977
1.3769791277927628
0.1432283655582576
4.201841232302564
0.018600531443755536
13224.75283446712
3.2760281536196905
347.40212577502217
0.30770781733837216
3.425273469157198
553.9530558015944
0.2879602962716561
5.8724534986713905
60.147918511957485
350.4375553587245
12.37424958173408
0.2168831807892924
0.02925942133242104
0.16148545213446727
0.008994295233922063
