1.0
1.0
1.0
40.0
30.0
1.0
243.64666666666668
186.0
255.0
1.0
1.0
1.0
40.0
30.0
1.0
0.0
0.0
0.0
40.0
30.0
1.0
950.0
2.0
16.88736842105263
15.274736842105263
0.0
16.88736842105263
15.274736842105263
0.0
0.8622787449502605
0.0
0.0
42.331932101910155
40.0
30.0
49.4064773081425
49.4064773081425
901.4166666666666
36.50192528415473
0.2264817261087871
1992.5138427642466
2.2104248972146583
950.0
242.0
255.0
59892407.0
0.7219280948873616
3.0
5.182733863367987
255.0
3.808571745152358
251.03263157894736
253.0
234.0
21.0
2.0927021696252495
251.08691512575564
-1.8000027420876021
59892407.0
0.6800000000000002
27.2568299168975
3.4502046998403983
1.8299155235458036
1.0151858500729898
-0.5880083313966777
0.4854819933798129
0.07908374159402451
0.7188296576463491
0.07908374159402451
0.3968048265600692
0.07260603642416583
0.6451110960889155
1.017589803397614
-0.4521670789624971
0.6664478766278454
0.9604581292029877
0.984183251681195
0.9604581292029877
0.9736387528019919
0.07908374159402451
0.7903736527487912
0.9385060618035899
0.14114143374345933
73.88318389845924
0.5045515619393763
0.24772421903031186
2.4281769091002228
112.2951330908592
432.47948857361814
32.24904422016944
0.6429557727249443
4.136825589919464
21.130349007926533
0.1406248155537404
0.15447368421052632
65.0553690903537
0.34043466295038716
0.6097721454544949
0.2731002923243603
6.636363636363637
0.6033057851239669
0.1983471074380165
1.8181818181818181
50975.27272727273
200796.9090909091
13519.863636363636
0.7954545454545454
1.3636363636363635
0.12396694214876033
0.16066792404715732
0.19203679195698384
0.1528257070697007
3.277613436819112
0.011578947368421053
43516.59504132231
2.375462506512537
398.97473684210524
0.41997340720221604
3.401245429362881
646.0
0.16000000000000003
3.4
63.68421052631579
232.10105263157894
21.58
0.4
0.024991339459760516
0.068332164239965
0.014156133264709393
