1.0
1.0
1.0
40.0
30.0
1.0
252.20166666666665
232.0
255.0
1.0
1.0
1.0
40.0
30.0
1.0
0.0
0.0
0.0
40.0
30.0
1.0
922.0
3.0
20.637744034707158
13.276572668112799
0.0
20.637744034707158
13.276572668112799
0.0
0.736699912960973
0.0
0.0
46.377464983168665
40.0
30.0
49.4064773081425
49.4064773081425
859.5
34.166274416450925
0.2230446234818948
1960.000969546213
2.2803967068600497
922.0
252.0
255.0
59605410.0
-3.203426503814917e-16
1.0
5.486873667801727
255.0
1.0216355089614717
254.25596529284164
255.0
250.0
5.0
0.6137937394161983
254.25961163436844
-1.8893250919279023
59605410.0
1.0
1.8542214651728537
1.0
1.0
0.0
0.0
0.0
0.0
1.0
0.0
-3.203426503814917e-16
0.0
1.0
-3.203426503814917e-16
0.0
0.0
1.0
1.0
1.0
1.0
0.0
1.0
-3.203426503814917e-16
0.0
99.25
1.0
0.0
1.0
188.19664906040356
188.19664906040356
188.19664906040356
1.0
3.963199627405072
8.344901748240414
0.08311675208224903
0.107646420824295
86.13023852537887
0.1926384795094867
0.1926384795094867
0.1926384795094867
3.0
1.0
0.0
1.0
272459.3333333333
272459.3333333333
272459.3333333333
1.0
1.6666666666666667
0.5555555555555556
0.00823086056379471
0.00823086056379471
0.00823086056379471
0.9182958340544889
0.0032537960954446853
178005.55555555556
1.491089932530636
485.587852494577
0.5266679528140749
2.2540454825640763
922.0
0.0
1.0
68.4945770065076
68.4945770065076
68.4945770065076
1.0
0.018527040023850787
0.018527040023850787
0.018527040023850787
