1.0
1.0
1.0
40.0
30.0
1.0
254.03833333333333
247.0
255.0
1.0
1.0
1.0
40.0
30.0
1.0
0.0
0.0
0.0
40.0
30.0
1.0
909.0
5.0
18.773377337733773
14.077007700770077
0.0
18.773377337733773
14.077007700770077
0.0
0.7295562244418389
0.0
0.0
49.147039281246556
40.0
30.0
49.4064773081425
49.4064773081425
835.5833333333334
35.855528420520976
0.22013674891422588
1948.8784593009616
2.332356787834002
909.0
254.0
255.0
58989128.0
-3.203426503814917e-16
1.0
2.2459621098610403
255.0
0.3812456053086078
254.74367436743674
255.0
254.0
1.0
0.3812456053086078
254.74404851345457
-1.1162267286985281
58989128.0
1.0
0.19062280265430284
1.0
1.0
0.0
0.0
0.0
0.0
1.0
0.0
-3.203426503814917e-16
0.0
1.0
-3.203426503814917e-16
0.0
0.0
1.0
1.0
1.0
1.0
0.0
1.0
-3.203426503814917e-16
0.0
115.5
1.0
0.0
1.0
122.94022788316266
122.94022788316266
122.94022788316266
1.0
3.882119625744241
10.960298808124895
0.09193567671627827
0.12706270627062705
48.98094287044182
0.2395446131761565
0.2395446131761565
0.2395446131761565
5.0
1.0
0.0
1.0
72247.0
72247.0
72247.0
1.0
1.0
0.2
0.004484681319888038
0.004484681319888038
0.004484681319888038
2.321928094887361
0.005500550055005501
39195.76
1.6434981580119845
437.18041804180416
0.48094655450143475
2.6938971124835254
909.0
0.0
1.0
66.43014301430144
66.43014301430144
66.43014301430144
1.0
0.020549864274031337
0.020549864274031337
0.020549864274031337
