1.0
1.0
1.0
40.0
30.0
1.0
241.71916666666667
198.0
255.0
1.0
1.0
1.0
40.0
30.0
1.0
0.0
0.0
0.0
40.0
30.0
1.0
788.0
3.0
21.873096446700508
14.050761421319796
0.0
21.873096446700508
14.050761421319796
0.0
0.7487514630367106
0.0
0.0
45.361371925313975
40.0
30.0
46.14108798023731
46.14108798023731
717.75
33.96439359443121
0.2271886514524542
1706.395216264262
2.377422802179397
788.0
242.0
254.0
48898152.0
0.9901449533317466
6.0
2.5663519980137806
255.0
3.532608415573705
249.06852791878174
250.0
239.0
16.0
2.8052701415012717
249.10538409634347
-0.7855468396102208
48898152.0
0.5068154294107037
18.36078615784998
2.7091811211374264
1.6062574011537996
0.8049372336230658
-0.26510208917496814
0.7354823007008684
0.21918216464794468
0.5405572299721477
0.21918216464794468
0.7546071303425419
0.17018699990428263
0.35248076742131085
1.7119691144558196
-0.22951588960249697
0.5921611972229166
0.8904089176760277
0.9561635670704112
0.8904089176760277
0.9269392784506851
0.21918216464794468
0.49666631882982715
1.4927869498078754
0.23866611633720325
134.7933827976651
0.5215259994310217
0.2392370002844891
2.1940517968914834
19.08674648943901
59.873491337881234
8.890060277328457
0.7014870507771291
3.536492962484416
59.654444815622284
0.22461845473280967
0.32868020304568524
9.02444266995344
0.46560511733691295
0.8280641644783608
0.3749903555515509
16.666666666666668
0.5555555555555556
0.2222222222222222
2.0
4443.333333333333
12489.733333333334
2431.733333333333
0.75
5.2
0.17333333333333334
0.36525134616496213
0.6026909704110799
0.3058914401034326
3.589898095464282
0.03807106598984772
3753.395555555555
3.7400750992422145
122.08883248730965
0.15493506660826098
4.743397150145585
399.3705583756345
0.24659228529464813
2.6751269035532994
45.32741116751269
136.12690355329948
22.627538071065988
0.5812182741116751
0.05238445130120106
0.10603166230066005
0.03897264855133631
