1.0
1.0
1.0
40.0
30.0
1.0
251.88833333333332
207.0
255.0
1.0
1.0
1.0
40.0
30.0
1.0
0.0
0.0
0.0
40.0
30.0
1.0
1100.0
3.0
18.702727272727273
14.684545454545454
0.0
18.702727272727273
14.684545454545454
0.0
0.7007470160865096
0.0
0.0
46.452384445292054
40.0
30.0
49.4064773081425
49.4064773081425
1061.25
32.5513697901418
0.22217380339331613
2264.6603521351444
2.133955573272221
1100.0
252.0
255.0
71049944.0
0.29787115240147155
0.0
16.727387520275855
255.0
1.3300000000000056
254.13636363636363
255.0
241.0
14.0
0.3601014370245186
254.1473159052013
-3.6166829127644045
71049944.0
0.9001057851239669
5.56685950413223
3.8556331549043756
1.9597792296726992
0.2579864969164868
-0.15313338859748915
0.10699770499648648
0.047409068227443694
0.38381677065651043
0.047409068227443694
0.2746090470633557
0.04511814778866458
0.8776784655993705
0.4414925234612814
-0.18398029037378907
0.2863139789038514
0.9762954658862782
0.9905181863545114
0.9762954658862782
0.9841969772575189
0.047409068227443694
0.9360746955589772
0.39408345523383803
0.038601693305982544
57.872989887250455
0.530299962463328
0.23485001876833597
2.853483021266804
239.45292358692558
954.7116274311744
60.63824762586337
0.536629244683299
3.962422203432755
14.125773549290392
0.13076835009411558
0.09863636363636363
124.15607784800328
0.33259291439303146
0.48363884585009836
0.2948314315287648
16.11111111111111
0.8950617283950617
0.05246913580246913
1.1666666666666667
60338.333333333336
241299.0
15098.166666666666
0.9583333333333334
3.2222222222222223
0.17901234567901234
0.30517366227835885
0.305173815780102
0.305173623902923
2.705229002742294
0.016363636363636365
56603.76543209877
1.4694550002676778
641.9018181818182
0.5835471074380165
2.6191537190082643
990.1163636363636
0.04994710743801652
3.841818181818182
70.03818181818181
277.9818181818182
18.052272727272726
0.28954545454545455
0.024035273798071417
0.06715302701046749
0.013255835494972399
