1.0
1.0
1.0
40.0
30.0
1.0
253.45833333333334
242.0
255.0
1.0
1.0
1.0
40.0
30.0
1.0
0.0
0.0
0.0
40.0
30.0
1.0
936.0
1.0
19.557692307692307
14.438034188034187
0.0
19.557692307692307
14.438034188034187
0.0
0.7495323329398431
0.0
0.0
46.44805042689338
40.0
30.0
49.4064773081425
49.4064773081425
851.4166666666666
34.81431559697687
0.21025618628736983
2066.1575757722912
2.426729070105461
936.0
253.0
255.0
60571466.0
-3.203426503814917e-16
1.0
2.289916971946674
255.0
0.6263514500693989
254.38675213675214
255.0
253.0
2.0
0.6263514500693989
254.38770548290006
-0.692313614050269
60571466.0
1.0
0.485038169333041
1.0
1.0
0.0
0.0
0.0
0.0
1.0
0.0
-3.203426503814917e-16
0.0
1.0
-3.203426503814917e-16
0.0
0.0
1.0
1.0
1.0
1.0
0.0
1.0
-3.203426503814917e-16
0.0
143.5
1.0
0.0
1.0
84.08684443581096
84.08684443581096
84.08684443581096
1.0
3.7688567284173793
13.723952773731359
0.09171759205136203
0.1533119658119658
33.06181088530577
0.14015612189688922
0.14015612189688922
0.14015612189688922
1.0
1.0
0.0
1.0
876096.0
876096.0
876096.0
1.0
1.0
1.0
1.1414274234787056e-06
1.1414274234787056e-06
1.1414274234787056e-06
-3.203426503814917e-16
0.0010683760683760685
0.0
2.0308881559907945
300.4764957264957
0.321021897143692
2.1538278910073783
936.0
0.0
1.0
62.58119658119658
62.58119658119658
62.58119658119658
1.0
0.01940550450553757
0.01940550450553757
0.01940550450553757
