1.0
1.0
1.0
40.0
30.0
1.0
240.86
193.0
255.0
1.0
1.0
1.0
40.0
30.0
1.0
0.0
0.0
0.0
40.0
30.0
1.0
882.0
3.0
21.84013605442177
15.214285714285714
0.0
21.84013605442177
15.214285714285714
0.0
0.7040127690340926
0.0
0.0
46.84386027993965
40.0
30.0
49.4064773081425
49.4064773081425
828.6666666666666
32.978675787926456
0.22895890033525257
1863.4303887137514
2.2487092381903677
882.0
240.0
254.0
54866350.0
0.9292187360651818
7.0
3.161798987960919
255.0
4.521197443452057
249.3514739229025
252.0
234.0
21.0
3.2961244600334916
249.41280246159383
-1.1415093444305906
54866350.0
0.5482540710917776
30.588484222109102
2.980302256971724
1.6844990754940468
0.9499117602448783
-0.47478616490072506
0.7173569042802146
0.14638993902083414
0.6607080992441657
0.14638993902083414
0.5975608891090438
0.12440731525227247
0.44371926309720305
1.4782716847153967
-0.35600915104280806
0.6836225979509034
0.926805030489583
0.9707220121958331
0.926805030489583
0.951203353659722
0.14638993902083414
0.6113041059836299
1.331881745694563
0.2159367108252622
101.60566493528218
0.5060253855964962
0.24698730720175188
2.3435740938528005
45.15575752680918
155.2745002564772
17.626071844392172
0.6641064765367999
4.024336488857543
34.641229883704796
0.16692322537353813
0.22789115646258504
23.90542067486522
0.3930039759153342
0.7257594412569609
0.30981510957992753
6.636363636363637
0.6033057851239669
0.1983471074380165
1.8181818181818181
32452.545454545456
118932.72727272728
10832.5
0.7954545454545454
1.1818181818181819
0.10743801652892562
0.21842999879670633
0.232067222855612
0.21502069278197988
3.277613436819112
0.012471655328798186
26023.421487603307
3.2298265522366445
227.88208616780045
0.25836971220839056
4.161460502568374
483.56009070294783
0.2258729644541112
2.9659863945578233
55.66893424036281
179.3968253968254
24.736961451247165
0.5085034013605442
0.031920242387288335
0.07611383916966467
0.020871843191694252
