1.0
1.0
1.0
40.0
30.0
1.0
234.59916666666666
177.0
255.0
1.0
1.0
1.0
40.0
30.0
1.0
0.0
0.0
0.0
40.0
30.0
1.0
744.0
7.0
21.926075268817204
14.75268817204301
0.0
21.926075268817204
14.75268817204301
0.0
0.7663307155850495
0.0
0.0
47.28856355787444
40.0
30.0
48.60041152089147
48.60041152089147
671.9166666666666
36.238678750295016
0.22838402852205725
1624.4088154176682
2.417574821407915
744.0
235.0
254.0
44652328.0
0.8937312149070522
12.0
1.8844270434569488
255.0
5.988951034801712
244.88440860215053
245.0
232.0
23.0
4.8735217145566425
244.9827950948252
-0.2062598126012337
44652328.0
0.5718327263267431
48.19631604809805
1.9648983958826414
1.3523859145471309
0.8716856192170137
0.3764175713895005
0.7282034126902222
0.18451869551750263
0.5961543573244499
0.18451869551750263
0.6833228422008181
0.14910006659264044
0.3945388793034972
1.6044015311920192
-0.28640259636456156
0.6356178788135157
0.9077406522412488
0.9630962608964995
0.9077406522412488
0.9384937681608325
0.18451869551750263
0.5553547376941177
1.419882835674517
0.2281805270519312
135.92364356490427
0.5883838478194681
0.205808076090266
1.8702738266049246
17.67892503290091
34.360750521410395
13.508468660773538
0.7824315433487689
3.590940664445766
43.84231156323019
0.1830619981450781
0.3111559139784946
6.370236666170667
0.33888075335611195
0.5784990669273644
0.2789761749632988
7.533333333333333
0.5022222222222222
0.24888888888888888
2.6
14155.733333333334
17887.933333333334
13222.683333333332
0.6
1.8
0.12
0.28777208398724624
0.8924861136306329
0.13659357657639956
3.5898980954642834
0.020161290322580645
11695.573333333332
3.60245816958808
124.50537634408602
0.1673459359463522
3.2821424442132043
425.44354838709677
0.2140836368366285
1.9314516129032258
45.67204301075269
90.02284946236558
34.584341397849464
0.7671370967741935
0.03668017694931418
0.0742825060380584
0.027279594677128115
