1.0
1.0
1.0
40.0
30.0
1.0
248.87083333333334
222.0
255.0
1.0
1.0
1.0
40.0
30.0
1.0
0.0
0.0
0.0
40.0
30.0
1.0
820.0
4.0
18.23780487804878
13.359756097560975
0.0
18.23780487804878
13.359756097560975
0.0
0.672345754674231
0.0
0.0
49.85813121508494
40.0
30.0
49.4064773081425
49.4064773081425
762.6666666666666
33.52190285845312
0.2313468834835477
1744.925869453045
2.287927276380741
820.0
250.0
255.0
52626231.0
0.44536223793704555
2.0
4.483232835340926
255.0
1.6198720999405152
253.32560975609755
254.0
247.0
8.0
1.0097337842525098
253.33442420603814
-1.5245644448565636
52626231.0
0.8318143961927424
4.465929506246281
3.7906900724968087
1.9413343426792646
0.3585215196420947
-0.2132785641622501
0.15422410476407367
0.06662591108197005
0.39460629609521924
0.06662591108197005
0.35313998123871837
0.062181414297556845
0.8273935777794214
0.5873130287616208
-0.17481497278980596
0.32524761441202
0.966687044459015
0.986674817783606
0.966687044459015
0.9777913629726767
0.06662591108197005
0.9080213871382796
0.5206871176796511
0.05521250396151093
72.99460025799279
0.519006959802468
0.240496520098766
2.745975885112955
81.72976388668675
323.9478132762539
21.175251539294962
0.5635060287217613
3.670955084702973
25.570238609070465
0.1844963374666073
0.17073170731707318
45.130986292209116
0.42715323483139334
0.6691589881157508
0.366651796510304
17.333333333333332
0.7222222222222222
0.1388888888888889
1.5
22788.583333333332
91055.08333333333
5721.958333333333
0.875
6.083333333333333
0.2534722222222222
0.4931456852336879
0.7570348030095818
0.42717340578971447
2.85538854220753
0.02926829268292683
21621.222222222223
2.0378925176594103
344.01463414634145
0.41953004164187985
4.40029744199881
682.0878048780488
0.08409280190362879
3.7219512195121953
62.68048780487805
247.8170731707317
16.396341463414632
0.3195121951219512
0.0403853813318462
0.09696482879511335
0.02624051946602941
