1.0
1.0
1.0
40.0
30.0
1.0
238.46416666666667
190.0
255.0
1.0
1.0
1.0
40.0
30.0
1.0
0.0
0.0
0.0
40.0
30.0
1.0
765.0
2.0
18.166013071895424
15.963398692810458
0.0
18.166013071895424
15.963398692810458
0.0
0.7279422673239485
0.0
0.0
48.14263615260834
40.0
30.0
47.16990566028302
47.16990566028302
711.3333333333334
35.045059715881614
0.23607249456273585
1632.3784102523152
2.2948150097267788
765.0
240.0
254.0
47531087.0
0.9320084414929422
6.0
3.182573931294151
255.0
4.242976632918965
249.2065359477124
251.0
235.0
20.0
3.021531384342971
249.26319397231723
-1.1546016271590809
47531087.0
0.5463830150796702
28.242310222563965
2.999030061172352
1.7014360881252562
0.8266825460782188
-0.4181605213404348
0.6268700973041906
0.21055640640683268
0.4957186710435058
0.21055640640683268
0.7367906349998372
0.16490407849508576
0.4163826696494026
1.5797915430452303
-0.20253517710910204
0.5349749802317405
0.8947217967965837
0.9578887187186336
0.8947217967965837
0.9298145311977224
0.21055640640683268
0.5961578849218397
1.3692351366383981
0.2093566259277558
117.77099207587972
0.5167578206949872
0.24162108965250645
2.2294454416515106
24.866615251122752
87.02136754601855
9.327927177398802
0.6926386395871224
3.498179432841927
45.910621593661304
0.19423107703065093
0.2983660130718954
12.504340175211606
0.406781729665634
0.5951556480607638
0.3596882500668514
12.142857142857142
0.8673469387755102
0.06632653061224489
1.2142857142857142
18713.214285714286
72070.57142857143
5373.875
0.9464285714285714
1.4285714285714286
0.10204081632653061
0.23810694499893323
0.23810780558067499
0.23810672985349776
3.4677201004744953
0.018300653594771243
15727.372448979591
3.3678878647223733
131.22222222222223
0.17153231663035584
4.038521936007519
417.9830065359477
0.22680849246016488
2.9568627450980394
47.77124183006536
162.29281045751634
19.140849673202613
0.5107843137254902
0.03790886622138567
0.07922722381133525
0.02757927682389828
