1.0
1.0
1.0
40.0
30.0
1.0
254.1725
244.0
255.0
1.0
1.0
1.0
40.0
30.0
1.0
0.0
0.0
0.0
40.0
30.0
1.0
1078.0
2.0
19.415584415584416
14.851576994434136
0.0
19.415584415584416
14.851576994434136
0.0
0.7736397889485036
0.0
0.0
44.960283261956434
40.0
30.0
49.4064773081425
49.4064773081425
1028.25
34.78306405384492
0.21827821582858317
2257.0414836567043
2.195031834336693
1078.0
254.0
255.0
69858922.0
-3.203426503814917e-16
1.0
3.24912020656599
255.0
0.56542556304019
254.56586270871986
255.0
253.0
2.0
0.4101395191916049
254.56668046937094
-1.1990179336690414
69858922.0
1.0
0.41634856000082604
1.0
1.0
0.0
0.0
0.0
0.0
1.0
0.0
-3.203426503814917e-16
0.0
1.0
-3.203426503814917e-16
0.0
0.0
1.0
1.0
1.0
1.0
0.0
1.0
-3.203426503814917e-16
0.0
80.75
1.0
0.0
1.0
332.8169700647249
332.8169700647249
332.8169700647249
1.0
4.230171342357704
5.248399406688242
0.06541348496544978
0.07490723562152134
94.24443585730117
0.0902455023482968
0.0902455023482968
0.0902455023482968
2.0
1.0
0.0
1.0
578890.0
578890.0
578890.0
1.0
1.0
0.5
0.12500043186246734
0.12500043186246734
0.12500043186246734
0.9999999999999993
0.0018552875695732839
288369.0
1.202313104831153
660.9146567717996
0.6130933736287566
1.473914106037085
1078.0
0.0
1.0
72.04638218923934
72.04638218923934
72.04638218923934
1.0
0.015979924102190866
0.015979924102190866
0.015979924102190866
