1.0
1.0
1.0
40.0
30.0
1.0
240.06583333333333
200.0
255.0
1.0
1.0
1.0
40.0
30.0
1.0
0.0
0.0
0.0
40.0
30.0
1.0
786.0
2.0
16.866412213740457
12.416030534351146
0.0
16.866412213740457
12.416030534351146
0.0
0.6771603976713343
0.0
0.0
46.69952219791289
40.0
30.0
47.80167361086848
47.80167361086848
719.25
31.623067022599997
0.2272154612481598
1708.5701889278666
2.375488618599745
786.0
240.0
254.0
48274549.0
0.9935966641574536
10.0
1.9295361239629678
255.0
4.590181872333264
247.76972010178116
248.0
237.0
18.0
3.8251720188657123
247.82655481659876
-0.37616136427350483
48274549.0
0.504431883663863
28.16707294964681
2.377356349612249
1.4942767288295924
0.7893420841115915
0.017048371742373225
0.7887692549330756
0.21094767375305487
0.5780126908221974
0.21094767375305487
0.7363891246656795
0.16487684332639313
0.33526469233054157
1.7361452261470394
-0.2635201018788085
0.6306229286659926
0.8945261631234727
0.9578104652493891
0.8945261631234727
0.9296841087489817
0.21094767375305487
0.40063464230620693
1.5251975523939847
0.24992923217153262
134.4524558707389
0.5352699178067223
0.23236504109663886
2.1025609581338385
17.783654450248925
45.918471880840514
10.749950092601026
0.7243597604665404
3.6542295566790486
50.215850558925794
0.19318208308321524
0.3199745547073792
6.975301803456797
0.37797675133798603
0.7025673763487729
0.29682909508528926
8.384615384615385
0.6449704142011834
0.1775147928994083
3.3076923076923075
15015.23076923077
22621.384615384617
13113.692307692309
0.4230769230769231
1.4615384615384615
0.11242603550295859
0.17485892645048468
0.6734240213996104
0.05021765271320322
3.3927474104487807
0.01653944020356234
11359.633136094675
3.666784350856561
128.15776081424937
0.16305058627767094
3.3990961417684806
396.4834605597964
0.24778405816806842
2.3587786259541983
44.87531806615776
114.67684478371501
27.424936386768447
0.6603053435114504
0.035778925708913285
0.08125725044989252
0.024409344523668483
