1.0
1.0
1.0
40.0
30.0
1.0
243.4525
202.0
255.0
1.0
1.0
1.0
40.0
30.0
1.0
0.0
0.0
0.0
40.0
30.0
1.0
782.0
8.0
18.043478260869566
16.09462915601023
0.0
18.043478260869566
16.09462915601023
0.0
0.6912668531243008
0.0
0.0
47.25083891208595
40.0
30.0
49.4064773081425
49.4064773081425
717.0833333333334
32.662938722240916
0.2304869763868232
1680.9346109023834
2.3441272900439976
782.0
243.0
255.0
49073028.0
0.9108783787500359
6.0
2.4867454370715074
255.0
3.558296976079434
250.47058823529412
252.0
241.0
14.0
2.909167913067366
250.50595349526705
-0.8777354522068764
49073028.0
0.5604914933837429
17.717165638633965
3.1075452532535803
1.732336547327826
0.8804521784497743
-0.47873318578864665
0.6050720231090556
0.1789287774597952
0.5431973027097786
0.1789287774597952
0.6766508000226361
0.14669518655490382
0.46130441316067083
1.4749150567926237
-0.23977152611769503
0.5730644764979229
0.9105356112701024
0.964214244508041
0.9105356112701024
0.9403570741800683
0.1789287774597952
0.6428721585979283
1.295986279332829
0.1960002001422127
116.87687815115864
0.5198700269319665
0.24006498653401673
2.2078826552689352
27.150796392737572
97.51038169694895
9.560900066684724
0.6980293361827662
3.48721459223911
50.93247154693061
0.22290744460312384
0.28804347826086957
14.571048937474718
0.46930335638919496
0.7214201922829822
0.40627414741574813
25.0
0.78125
0.109375
1.375
8445.125
33029.84375
2298.9453125
0.90625
4.4375
0.138671875
0.3438696040427953
0.372522305420664
0.3367064286983282
3.620657328518193
0.04092071611253197
7847.93359375
3.3430247768510863
153.49104859335037
0.1962801132907294
5.058267541421105
438.30434782608694
0.21975425330812853
3.0217391304347827
49.890025575447574
172.76342710997443
19.171675191815858
0.4945652173913043
0.0490431631589834
0.09445558779067183
0.03769005700106129
