1.0
1.0
1.0
40.0
30.0
1.0
239.55083333333334
195.0
255.0
1.0
1.0
1.0
40.0
30.0
1.0
0.0
0.0
0.0
40.0
30.0
1.0
741.0
5.0
14.472334682860998
15.944669365721998
0.0
14.472334682860998
15.944669365721998
0.0
0.7972890505554355
0.0
0.0
43.19389997239633
40.0
30.0
49.4064773081425
49.4064773081425
679.5833333333334
34.43802349877833
0.233836413832882
1598.5778659984658
2.3522911578150323
741.0
240.0
255.0
45904589.0
0.9975695368398005
10.0
1.9826110348400001
255.0
5.014243800095067
248.82995951417004
250.0
237.0
18.0
4.261983123840203
248.8965906164904
-0.5581540240649036
45904589.0
0.5016837224380374
33.164068689319066
2.652874419477377
1.5765896573993903
0.8691104932625363
-0.2263989979719805
0.8223244604618185
0.15378910544158822
0.6845304246278243
0.15378910544158822
0.6147352208412533
0.1293551226403592
0.3825880944079374
1.5940562760612045
-0.3775436545361691
0.7188948291008268
0.923105447279206
0.9692421789116823
0.923105447279206
0.9487369648528039
0.15378910544158822
0.49969510467859624
1.4402671706196166
0.2440283914758517
106.27048317050841
0.5396352237255775
0.23018238813721129
2.080646148432061
28.819429313915023
88.26245423524153
13.958673083583394
0.7298384628919847
3.820462119365615
34.807620368310786
0.17007592350415424
0.2658569500674764
13.159998081284622
0.37859512359496394
0.6425453613801059
0.31260756414867846
8.529411764705882
0.5017301038062284
0.2491349480968858
2.411764705882353
10338.64705882353
33153.82352941176
4634.85294117647
0.6470588235294118
1.9411764705882353
0.11418685121107267
0.19386137651069688
0.662194721212321
0.0767780403352908
3.734521664779747
0.022941970310391364
8438.712802768167
3.4995548744594593
147.79082321187585
0.19944780460442085
4.075675537853249
371.7476383265857
0.2491581387809813
2.5870445344129553
51.31578947368421
147.08906882591094
27.37246963562753
0.6032388663967612
0.03529735255925731
0.08264336691341703
0.023460848970717395
