1.0
1.0
1.0
40.0
30.0
1.0
238.09166666666667
187.0
255.0
1.0
1.0
1.0
40.0
30.0
1.0
0.0
0.0
0.0
40.0
30.0
1.0
799.0
5.0
18.518147684605758
15.177722152690864
0.0
18.518147684605758
15.177722152690864
0.0
0.7017760540787931
0.0
0.0
49.65968835600777
40.0
30.0
49.4064773081425
49.4064773081425
731.5833333333334
34.849980141261724
0.22757795715281987
1725.2940787079217
2.3583015086564596
799.0
237.0
254.0
48897233.0
0.9989138660642051
11.0
2.046753802221823
255.0
5.538496963507262
247.30037546933667
249.0
234.0
21.0
4.57724819272865
247.38237366170233
-0.5746990695136855
48897233.0
0.5007526617282867
40.56309122322804
2.4766530700469533
1.525526639419632
0.8021078645159199
-0.07022028081874729
0.7974122436612989
0.19985369642388626
0.5991287187843035
0.19985369642388626
0.7157365084709898
0.15862372884014103
0.3427433011172664
1.7132268419984393
-0.2833360841238148
0.649540468518677
0.9000731517880569
0.9600292607152227
0.9000731517880569
0.9333821011920379
0.19985369642388626
0.42559979120768904
1.5133731455745536
0.24931648502129627
131.93093531817811
0.5373141564916144
0.23134292175419277
2.092000415034052
20.37128963939278
58.10243550372754
10.938503173309089
0.726999896241487
3.6665166409019463
50.84224675179709
0.20057817809758874
0.3078848560700876
8.880859772080552
0.41951161745382953
0.7708713253959296
0.3316716904683045
9.0
0.5
0.25
2.5
8182.722222222223
16224.388888888889
6172.305555555556
0.625
1.7777777777777777
0.09876543209876543
0.2519388125514942
0.662580910660672
0.1492782880241997
3.947702779220085
0.02252816020025031
6212.348765432098
3.6925679287060857
134.29662077596996
0.16808087706629532
4.203580508175896
400.1013767209011
0.24962366913585662
2.44180225281602
46.934918648310386
125.60325406758449
27.267834793491865
0.639549436795995
0.04054075353545673
0.08898619849831184
0.028429392294742954
