1.0
1.0
1.0
40.0
30.0
1.0
253.5175
244.0
255.0
1.0
1.0
1.0
40.0
30.0
1.0
0.0
0.0
0.0
40.0
30.0
1.0
936.0
1.0
19.98076923076923
14.856837606837606
0.0
19.98076923076923
14.856837606837606
0.0
0.7345809439760907
0.0
0.0
47.07437340400652
40.0
30.0
47.20169488482379
47.20169488482379
859.0833333333334
34.57993765219809
0.21325649999452365
2049.299227439102
2.385448707854227
936.0
253.0
255.0
60622889.0
-3.203426503814917e-16
1.0
2.7045888343704636
255.0
0.6327571407699631
254.4946581196581
255.0
253.0
2.0
0.6327571407699631
254.49566558866735
-1.0548477581874243
60622889.0
1.0
0.5127919771349257
1.0
1.0
0.0
0.0
0.0
0.0
1.0
0.0
-3.203426503814917e-16
0.0
1.0
-3.203426503814917e-16
0.0
0.0
1.0
1.0
1.0
1.0
0.0
1.0
-3.203426503814917e-16
0.0
130.75
1.0
0.0
1.0
96.86449842908533
96.86449842908533
96.86449842908533
1.0
3.943297112184206
10.932857121500794
0.0803825112344824
0.13969017094017094
36.985952859243
0.13362620916501158
0.13362620916501158
0.13362620916501158
1.0
1.0
0.0
1.0
876096.0
876096.0
876096.0
1.0
1.0
1.0
1.1414274234787056e-06
1.1414274234787056e-06
1.1414274234787056e-06
-3.203426503814917e-16
0.0010683760683760685
0.0
1.8920003710663895
335.3247863247863
0.35825297684272045
2.0203767623639415
936.0
0.0
1.0
64.15384615384616
64.15384615384616
64.15384615384616
1.0
0.018643957988782725
0.018643957988782725
0.018643957988782725
