1.0
1.0
1.0
40.0
30.0
1.0
247.14
201.0
255.0
1.0
1.0
1.0
40.0
30.0
1.0
0.0
0.0
0.0
40.0
30.0
1.0
946.0
2.0
19.136363636363637
15.621564482029598
0.0
19.136363636363637
15.621564482029598
0.0
0.725235986539405
0.0
0.0
48.839244238362944
40.0
30.0
49.4064773081425
49.4064773081425
881.5
35.4199774770481
0.22025268286884692
2018.5730082944026
2.289929674752584
946.0
245.0
255.0
59781844.0
0.8841151220488472
6.0
2.7194759895991356
255.0
3.283172945840728
251.3551797040169
253.0
242.0
13.0
2.654004768221651
251.38484096377962
-0.9061831414924869
59781844.0
0.5781503515413737
14.911902346141984
3.148692359502551
1.741996000370922
0.9301073157997856
-0.5155036566005844
0.6109396221496017
0.15459128322042964
0.5952847692336648
0.15459128322042964
0.6174767790890323
0.1300072303798329
0.4872273169351513
1.4040456818738738
-0.29448213362706477
0.6134638003597529
0.9227043583897852
0.9690817433559141
0.9227043583897852
0.9484695722598568
0.15459128322042964
0.6647003587607072
1.2494543986534445
0.1913827263425079
119.70433952365408
0.5129448363523996
0.2435275818238002
2.2768850672495593
38.50703299541165
140.05364942473773
13.120378888080133
0.6807787331876102
3.7309593574960975
44.04287229007856
0.18253075326374607
0.24735729386892177
20.554553187283496
0.40919252943366224
0.6665744916518144
0.3448470388791241
10.157894736842104
0.5346260387811634
0.23268698060941828
2.1052631578947367
13028.842105263158
47782.10526315789
4340.526315789473
0.7236842105263158
1.9473684210526316
0.10249307479224377
0.26014507704540496
0.3456498837898974
0.2387688753592818
3.7216117239698967
0.0200845665961945
10549.850415512465
3.094799695815559
238.08879492600423
0.25167948723679096
4.428728506362608
546.9302325581396
0.21092482422931313
3.0930232558139537
53.72515856236787
186.3340380549683
20.572938689217757
0.47674418604651164
0.03591566554779456
0.08118739985815014
0.024597731970205667
