1.0
1.0
1.0
40.0
30.0
1.0
237.91083333333333
187.0
255.0
1.0
1.0
1.0
40.0
30.0
1.0
0.0
0.0
0.0
40.0
30.0
1.0
636.0
5.0
21.05817610062893
12.712264150943396
0.0
21.05817610062893
12.712264150943396
0.0
0.744803657392273
0.0
0.0
49.3759910877347
40.0
30.0
49.4064773081425
49.4064773081425
563.25
36.77541874951308
0.2328723366244078
1416.3383800987554
2.514582121790955
636.0
239.0
251.0
37718367.0
0.52791286014144
6.0
3.024724293788145
255.0
3.6449952533523184
243.48584905660377
242.0
238.0
17.0
2.710498922927898
243.52742862060947
0.8923961239162026
37718367.0
0.7895652861832998
20.249799750800996
1.3375111119213314
1.1291523322673183
0.7623679366456685
0.4449324595605718
0.3499772126917614
0.09989176976124628
0.5554393662897888
0.09989176976124628
0.4663430323352663
0.08963926111215324
0.6854262476613429
0.9524563892181681
-0.2837603651287004
0.5144006174359461
0.9500541151193769
0.9800216460477507
0.9500541151193769
0.9667027434129178
0.09989176976124628
0.8209017828520586
0.8525646194569221
0.11246724561325193
114.28290729893473
0.6740852270958626
0.16295738645206875
1.6153603884916876
28.313029787028945
33.530919924606934
27.00855725263445
0.8461599028770782
3.6483402828820664
29.3555300382708
0.16619686792671634
0.2665094339622642
11.750451365978945
0.34979087106763007
0.6379043664283625
0.277762497227447
7.142857142857143
0.5102040816326531
0.24489795918367346
2.2857142857142856
11238.142857142857
11662.857142857143
11131.964285714286
0.6785714285714286
2.142857142857143
0.15306122448979592
0.231035760695215
0.36444320955878323
0.19768389847932297
3.3787834934861722
0.0220125786163522
9174.38775510204
3.093723987953931
124.78616352201257
0.19620465962580594
3.881927138958111
502.1635220125786
0.10521735690835016
1.3584905660377358
51.0503144654088
62.37106918238994
48.22012578616352
0.910377358490566
0.034895071978826464
0.05527603669000793
0.029799830801031102
