1.0
1.0
1.0
40.0
30.0
1.0
238.66
178.0
255.0
1.0
1.0
1.0
40.0
30.0
1.0
0.0
0.0
0.0
40.0
30.0
1.0
993.0
1.0
17.12588116817724
14.553877139979859
0.0
17.12588116817724
14.553877139979859
0.0
0.8475551024281381
0.0
0.0
41.43817392205672
40.0
30.0
49.4064773081425
49.4064773081425
949.1666666666666
35.121135742943785
0.2258780848589318
2067.7832498724056
2.1785249340183377
993.0
234.0
253.0
59435436.0
0.7462105114442187
8.0
2.9149527198780185
255.0
5.0685817844752155
244.56596173212486
245.0
228.0
27.0
3.637828673408684
244.65162357611487
-0.5454137690857687
59435436.0
0.6653269766512617
41.90728046983466
1.5903132361920234
1.2196226698966406
0.9368246975249857
0.5383507265786276
0.5484392984299233
0.13710954699579683
0.6002617190882886
0.13710954699579683
0.5711679993777842
0.11743513942892864
0.5397904378582112
1.285269295813521
-0.3078778073853202
0.6025881793007711
0.9314452265021015
0.9725780906008407
0.9314452265021015
0.9542968176680676
0.13710954699579683
0.711822556605461
1.1481597488177244
0.17138721135643004
105.12144876641241
0.5367087544994996
0.2316456227502502
2.093683092133223
58.775035042983575
78.51450436546104
53.840167712364206
0.7265792269666943
4.189057362499237
26.82093271498622
0.1302118540219561
0.1971299093655589
27.753981054215537
0.2861427606809599
0.713589826498586
0.1792809942265533
8.2
0.82
0.09000000000000001
3.7
62457.9
66374.4
61478.775
0.325
1.0
0.1
0.10659087926819506
0.42636302649514135
0.026647842461458467
3.3219280948873595
0.010070493454179255
52597.41
2.9432206395677722
285.134944612286
0.28714495932757905
3.345776934006322
660.6696878147029
0.1673365116743691
1.6374622356495467
58.44612286002014
86.26183282980865
51.49219536757301
0.8406344410876133
0.025929654469672693
0.05299839396054569
0.019162469596954442
