1.0
1.0
1.0
40.0
30.0
1.0
229.71416666666667
170.0
255.0
1.0
1.0
1.0
40.0
30.0
1.0
0.0
0.0
0.0
40.0
30.0
1.0
737.0
2.0
21.08955223880597
14.75033921302578
0.0
21.08955223880597
14.75033921302578
0.0
0.717465570766842
0.0
0.0
48.486030366139765
40.0
30.0
49.4064773081425
49.4064773081425
679.4166666666666
34.7870574508609
0.2358599491573534
1584.6039034616351
2.3323006061007754
737.0
231.0
254.0
44279979.0
0.9411864371816829
12.0
2.5053596590567504
255.0
6.788296092008195
244.97829036635008
247.0
226.0
29.0
5.341440472991132
245.1150395881352
-0.7075177743382037
44279979.0
0.540209400757407
67.01988147335358
2.0561081877769425
1.386282185733188
0.8274433028787607
0.29236580727564054
0.7426530347254305
0.2054767388452432
0.5670278765001371
0.2054767388452432
0.7252486825111154
0.16156385440510662
0.36437125880955645
1.6776113599049036
-0.2568876278902725
0.6141169150882911
0.8972616305773784
0.9589046522309513
0.8972616305773784
0.9315077537182522
0.2054767388452432
0.5109794448441902
1.4721346210596609
0.23703244339266843
120.7769834173692
0.5386085339790291
0.23069573301048546
2.0835120887126792
19.432124737962784
38.449257737602004
14.67784148805298
0.7291219778218302
3.735374310025041
42.63671819999324
0.18253302633276344
0.30427408412483037
7.3564479371346945
0.3622142809085772
0.7293362267308331
0.27043379445301335
6.636363636363637
0.6033057851239669
0.1983471074380165
3.1818181818181817
18732.090909090908
24900.090909090908
17190.090909090908
0.45454545454545453
1.3636363636363635
0.12396694214876033
0.01972680016358239
0.07771608759572696
0.005229478305546246
3.277613436819112
0.014925373134328358
14243.09090909091
3.654285675957312
124.55223880597015
0.16899896717227972
3.50211444320276
398.13432835820896
0.2298952996212965
2.074626865671642
46.61194029850746
96.57394843962008
34.12143826322931
0.7313432835820896
0.03338878641561655
0.07069363957201555
0.0240625731265168
