1.0
1.0
1.0
40.0
30.0
1.0
233.61
154.0
255.0
1.0
1.0
1.0
40.0
30.0
1.0
0.0
0.0
0.0
40.0
30.0
1.0
788.0
6.0
17.09010152284264
16.81725888324873
0.0
17.09010152284264
16.81725888324873
0.0
0.6599039468879881
0.0
0.0
44.22746378001301
40.0
30.0
46.61544808322666
46.61544808322666
733.4166666666666
29.185877909276126
0.2352604283377456
1671.7413743111113
2.2793883072075145
788.0
236.0
254.0
47547130.0
0.910936154329685
11.0
2.3625877994606346
255.0
5.583614625473473
245.5482233502538
247.0
229.0
26.0
4.27017574872972
245.63997529296597
-0.47052629609728686
47547130.0
0.5604531165451313
45.06747146280503
1.9732797454379754
1.3592037575938614
0.8330310721668298
0.3431864748519128
0.7118781223147304
0.20866305468721758
0.5471544117232321
0.20866305468721758
0.7332754568455054
0.1638383546209522
0.375891056878074
1.659342665588799
-0.23861417251521677
0.5934221455333497
0.8956684726563912
0.9582673890625564
0.8956684726563912
0.930445648437594
0.20866305468721758
0.5364647150625299
1.4506796109015818
0.23013529425048693
128.67976732564833
0.5540428474899015
0.22297857625504924
2.007571217239409
22.213325914698913
42.45529302780447
17.152834136422523
0.7481071956901477
3.7895631890838737
43.90755159748295
0.1828091316265166
0.29473350253807107
9.676014890579792
0.38762730640306275
0.7946223410423843
0.28587854774323235
8.125
0.5078125
0.24609375
2.6875
15296.375
19302.3125
14294.890625
0.578125
1.875
0.1171875
0.252577621346351
0.5759140400336377
0.17174351667452925
3.624999999999995
0.02030456852791878
12870.8125
3.665156723375828
131.9238578680203
0.16741606328428973
3.9429964698910047
441.6370558375635
0.21977344172743435
1.9784263959390862
48.06091370558376
94.50380710659898
36.45019035532995
0.7553934010152284
0.03828783298194254
0.07994779116995547
0.027872843434939305
