1.0
1.0
1.0
40.0
30.0
1.0
232.15916666666666
157.0
255.0
1.0
1.0
1.0
40.0
30.0
1.0
0.0
0.0
0.0
40.0
30.0
1.0
913.0
3.0
19.41621029572837
17.46659364731654
0.0
19.41621029572837
17.46659364731654
0.0
0.6231777708094767
0.0
0.0
48.78924368709383
40.0
30.0
48.60041152089147
48.60041152089147
872.25
30.404372120403465
0.23262892962904247
1897.7881075764703
2.175738730382884
913.0
231.0
255.0
55032721.0
1.1708813594998366
17.0
2.2391092674066235
255.0
9.026844808288217
245.30449069003285
249.0
218.0
37.0
7.751169109312434
245.51334555937007
-0.6583566036343217
55032721.0
0.4700954570047591
102.50969505823753
6.44542535629539
2.4916210983639946
1.668950468260925
-0.22895101371721643
1.0438280161751388
0.09483552751827251
0.8334063836704295
0.09483552751827251
0.4495827804480251
0.08551120477028457
0.40963183376148066
1.5641514004185617
-0.5883897626453762
0.8519636798642146
0.9525822362408638
0.9905164472481727
0.9525822362408638
0.9762911181204319
0.09483552751827251
0.47424942454071717
1.4693158729002895
0.28466588592335285
54.86395490378583
0.37825839769416175
0.49633396626193615
5.208924551653544
93.82303962365847
650.2133524753888
16.007299098375157
0.3361806936370295
4.462747829659146
17.27278131065048
0.11907964248447118
0.15799561883899232
48.12313257031646
0.305214749886072
0.9773518727847429
0.18934415292006274
13.727272727272727
0.6239669421487604
0.5041322314049586
2.3636363636363638
16534.954545454544
109776.22727272728
2923.828282828283
0.8106060606060606
6.545454545454546
0.2975206611570248
0.5555741113153573
0.6488738513337485
0.5451333810271672
2.5135845592203063
0.024096385542168676
14812.704545454546
2.960444407923344
355.5016429353779
0.3893774840475114
3.486729952769357
429.197152245345
0.31233647124593167
6.391018619934282
63.332968236582694
421.3198247535597
11.283010831203603
0.20475842764999394
0.03436671426308546
0.13814642977186006
0.018668740858591534
