1.0
1.0
1.0
40.0
30.0
1.0
247.5
202.0
255.0
1.0
1.0
1.0
40.0
30.0
1.0
0.0
0.0
0.0
40.0
30.0
1.0
1021.0
1.0
18.904015670910873
15.168462291870714
0.0
18.904015670910873
15.168462291870714
0.0
0.7355874164783602
0.0
0.0
46.94143284867619
40.0
30.0
49.4064773081425
49.4064773081425
965.5833333333334
34.52952731495016
0.21943738359334589
2152.947049212159
2.2296853879818683
1021.0
245.0
255.0
64274147.0
0.9218452942883841
6.0
2.6635054752865246
255.0
3.4947646917187627
250.86875612144956
252.0
240.0
15.0
2.741296549407798
250.90267398325804
-0.8606568128494501
64274147.0
0.5531871827758118
17.019014025733828
2.982461435807501
1.691593631812936
0.8808669479502472
-0.4409991830687523
0.6684747655154049
0.18463891926261478
0.5667927766052526
0.18463891926261478
0.6862242081496248
0.14974140618291165
0.42370175142807853
1.5506321091646316
-0.2599756562920595
0.6026070845449216
0.9076805403686927
0.9630722161474771
0.9076805403686927
0.9384536935791286
0.18463891926261478
0.5992741721816287
1.3659931899020172
0.2132784211945049
131.9048069466191
0.5048546443040114
0.24757267784799433
2.3583054908124232
33.21756705366066
115.68832131825286
12.599878487512607
0.6604236272968942
3.892609349723676
45.94080917006695
0.17039554801452342
0.25612144955925564
16.532313531673992
0.3718958919066742
0.6497701398724645
0.3024273299152266
12.428571428571429
0.5918367346938775
0.20408163265306123
1.8571428571428572
20144.333333333332
72955.61904761905
6941.511904761905
0.7857142857142857
1.7619047619047619
0.08390022675736962
0.14529622871412398
0.15690880766739013
0.14239308397580747
3.880179922675733
0.02056807051909892
17780.521541950115
3.344024163766912
210.27326150832516
0.205948346237341
4.030902468341134
564.8041136141038
0.2234064086120941
2.98922624877571
52.34769833496572
172.64446620959842
22.27350636630754
0.5026934378060725
0.033037660379202284
0.0766404503906253
0.022136962876346533
