1.0
1.0
1.0
40.0
30.0
1.0
232.18666666666667
129.0
255.0
1.0
1.0
1.0
40.0
30.0
1.0
0.0
0.0
0.0
40.0
30.0
1.0
927.0
3.0
19.66774541531823
16.681769147788565
0.0
19.66774541531823
16.681769147788565
0.0
0.7408710551690263
0.0
0.0
45.35269452253333
40.0
30.0
49.4064773081425
49.4064773081425
874.0
33.600498645667784
0.22653009362969975
1951.4878053010787
2.2328235758593578
927.0
229.0
253.0
53987503.0
1.0088371673631982
12.0
2.286849800205363
255.0
7.246188595985939
241.16828478964402
241.0
222.0
33.0
5.5465325188645345
241.32746644873936
-0.25902923703388964
53987503.0
0.5927799480757661
76.80447418858203
4.951305517242902
2.1956744113093913
1.5562435051154435
0.4165804834749317
0.6928134951911152
0.1716067215709945
0.602871138159508
0.1716067215709945
0.6538694188044625
0.14063927099329054
0.4716222333950204
1.6125666433561945
-0.3011421865835059
0.6489043161290794
0.9141966392145027
0.9828393278429005
0.9141966392145027
0.9570983196072513
0.1716067215709945
0.6597854064236686
1.4409599217852007
0.21610505419052745
95.84851855295378
0.41765331217000984
0.42614939272799335
4.922873366651853
36.55385463692426
169.7810467157912
8.684463756657575
0.3317820080047299
4.205905267928367
39.29775753625632
0.16742590932152226
0.2464940668824164
18.325609514544336
0.38382545723477507
1.665427437919651
0.18478466325675452
14.03225806451613
0.45265348595213317
0.6888657648283039
3.2903225806451615
12415.645161290322
52040.354838709674
3041.689964157706
0.6783154121863799
5.645161290322581
0.18210197710718
0.39429925475487304
0.5535269900962726
0.3698233466039105
3.4309936991328813
0.03344120819848975
11521.44224765869
3.31921750837476
212.05501618122977
0.22875406276292318
4.337940416301556
549.5070118662352
0.23417806218572862
4.930960086299892
53.73139158576052
261.8824163969795
12.367253985376964
0.2557832913819969
0.042812577715971925
0.1650532272020239
0.021960027341450954
