1.0
1.0
1.0
40.0
30.0
1.0
229.13166666666666
164.0
255.0
1.0
1.0
1.0
40.0
30.0
1.0
0.0
0.0
0.0
40.0
30.0
1.0
780.0
8.0
24.383333333333333
12.938461538461539
0.0
24.383333333333333
12.938461538461539
0.0
0.7408499510954022
0.0
0.0
45.4538930956567
40.0
30.0
49.4064773081425
49.4064773081425
720.25
33.674514477012906
0.23435469485699126
1658.0564442609054
2.302056847290393
780.0
230.0
252.0
45932785.0
0.7543532419191032
9.0
2.773134492725124
255.0
5.945384615384614
242.55
244.0
224.0
31.0
4.153090706181413
242.66888118882466
-0.5443963222971546
45932785.0
0.6961834319526627
57.68339743589745
4.828479111863581
2.175283166754137
1.0072140210851916
0.5418018267567317
0.4996630439257346
0.11323767295563378
0.6303344536982174
0.11323767295563378
0.5068536611549774
0.10003278100993816
0.598817501293835
1.190217214119014
-0.34247811683516677
0.6188006543503246
0.943381163522183
0.9886762327044366
0.943381163522183
0.9716905817610916
0.11323767295563378
0.7594158821973314
1.076979541163381
0.15322517922034207
90.16324269490525
0.5291120756527208
0.282914001398846
5.163371746502154
50.50662429207077
223.55024635669633
12.071898902777203
0.2571323992243597
4.112388012893515
26.15878668825627
0.1492773158175605
0.21762820512820513
27.083029602392834
0.34362573601434554
1.8037741961932574
0.11251139597995062
10.310344827586206
0.3555291319857313
0.7395957193816884
5.310344827586207
11941.034482758621
48906.1724137931
2953.8113026819924
0.42049808429118773
6.586206896551724
0.22711058263971462
0.4585952320757993
1.6274876036525385
0.31005101722859457
3.495574960495604
0.03717948717948718
11217.609988109394
2.9610382080333455
215.82051282051282
0.2766929651545036
4.066265614727153
543.0230769230769
0.1584664694280079
4.814102564102564
56.758974358974356
265.2371794871795
13.14227207977208
0.23593304843304844
0.04165975351441622
0.1889187896906151
0.017061012987090476
