1.0
1.0
1.0
40.0
30.0
1.0
226.39583333333334
155.0
255.0
1.0
1.0
1.0
40.0
30.0
1.0
0.0
0.0
0.0
40.0
30.0
1.0
804.0
5.0
22.220149253731343
17.101990049751244
0.0
22.220149253731343
17.101990049751244
0.0
0.6345419597328933
0.0
0.0
50.991905948244316
40.0
30.0
49.4064773081425
49.4064773081425
748.6666666666666
32.35650393091432
0.2325542273295623
1714.5581441550846
2.2901489013647613
804.0
225.0
253.0
46107737.0
1.0898010926227046
14.0
2.147669115953711
255.0
7.924890473008093
239.28233830845772
240.0
220.0
35.0
5.9826591104959395
239.4742816922932
-0.11916237919882429
46107737.0
0.5743205613722433
91.89416567659215
4.6274475193849
2.1094292783051074
2.5692521762636464
0.39209901335190545
0.8289047996594752
0.11792788378350964
0.7509844354926889
0.11792788378350964
0.5219862843783689
0.10382045919097752
0.5084648833250633
1.5456127841308742
-0.48755092765750185
0.7931872063351788
0.9410360581082453
0.988207211621649
0.9410360581082453
0.9705180290541227
0.11792788378350964
0.6923417100520197
1.4276849003473653
0.23670817086074622
70.11266692491917
0.4030188825442755
0.4493484432489008
3.960596993495547
50.2763305768029
227.58440693428196
12.460623348803738
0.44914321252793055
4.247469252540014
29.23015974648963
0.16576246531029465
0.21548507462686567
26.937556420976442
0.3950930767143012
1.1335198072257597
0.26147532026237225
15.74074074074074
0.5829903978052127
0.5377229080932784
2.5185185185185186
13150.074074074075
54492.666666666664
3257.1008230452676
0.7849794238683127
6.333333333333333
0.2345679012345679
0.46455586160058276
0.779597953800303
0.39868694221898066
3.0776944460470097
0.033582089552238806
12263.358024691353
3.2308360148229744
228.5870646766169
0.28431226949827976
4.4287331996732755
461.75373134328356
0.26191802183114277
4.597014925373134
57.37064676616915
275.12189054726366
14.10889994472084
0.29560530679933666
0.042845241111462096
0.13821188468247075
0.024904345657145804
