1.0
1.0
1.0
40.0
30.0
1.0
233.23166666666665
181.0
255.0
1.0
1.0
1.0
40.0
30.0
1.0
0.0
0.0
0.0
40.0
30.0
1.0
702.0
6.0
19.985754985754987
14.357549857549857
0.0
19.985754985754987
14.357549857549857
0.0
0.652527174772712
0.0
0.0
50.098307651321505
40.0
30.0
49.4064773081425
49.4064773081425
640.25
32.69050715261096
0.23679682786486209
1517.0782044418281
2.369509104946237
702.0
234.0
255.0
42389264.0
0.9815598753617145
16.0
1.541423184191259
255.0
7.521951932208342
245.5897435897436
246.0
231.0
24.0
6.759294081115116
245.73067971168547
-0.2367618806248468
42389264.0
0.5127271694223261
69.24479509094891
2.3404263131277467
1.4652479641589258
0.8964071805244076
0.1162209694225324
0.8842537589425602
0.11063515869806033
0.7776960158550663
0.11063515869806033
0.49792672265983906
0.09785679954612043
0.4046987416335693
1.493820240796671
-0.5007586680123147
0.791705116060112
0.9446824206509699
0.9778729682603879
0.9446824206509699
0.9631216137673133
0.11063515869806033
0.4794344564920442
1.383185082098611
0.24872222941015515
97.38742013554801
0.5903359207900846
0.20483203960495772
1.8632727439611079
33.69775208470485
86.37531940505731
20.528360254616736
0.784181814009723
3.885880428425726
24.046957027227762
0.14056708990374442
0.2353988603988604
13.416781623144544
0.3037092528926626
0.4589185058389722
0.26490693965608514
6.636363636363637
0.6033057851239669
0.1983471074380165
1.8181818181818181
11664.545454545454
23828.454545454544
8623.568181818182
0.7954545454545454
1.5454545454545454
0.14049586776859505
0.3148897618986592
0.3319654699168211
0.3106208348941186
3.0271691184406153
0.01566951566951567
7591.7851239669435
3.3417035628084175
163.5954415954416
0.23304193959464614
3.52196816584281
359.9344729344729
0.24363641528883695
2.2606837606837606
54.17094017094017
132.52564102564102
34.582264957264954
0.6848290598290598
0.03178420620384906
0.05795095079817302
0.025242520055268076
