1.0
1.0
1.0
40.0
30.0
1.0
245.41333333333333
182.0
255.0
1.0
1.0
1.0
40.0
30.0
1.0
0.0
0.0
0.0
40.0
30.0
1.0
1171.0
1.0
19.051238257899232
14.63535439795047
0.0
19.051238257899232
14.63535439795047
0.0
0.7684816790983466
0.0
0.0
45.307171070309
40.0
30.0
49.4064773081425
49.4064773081425
1135.4166666666667
34.817730899307094
0.2191622827293291
2401.532596693817
2.1151112778220775
1171.0
239.0
254.0
71179635.0
0.921395284106165
8.0
2.6368478003081695
255.0
4.653998822964016
246.48249359521776
247.0
227.0
28.0
3.6401082882132445
246.54683447245068
-0.35845701754760556
71179635.0
0.5534876801379188
31.72193946942952
1.912879353469382
1.334700914543983
0.8804080638071358
0.4077816994971007
0.7082528167411427
0.18244678032513315
0.5902228249090008
0.18244678032513315
0.6801030825477611
0.14807273965962484
0.40657746180723714
1.5806038084851597
-0.28123046892302206
0.6278412163396305
0.9087766098374335
0.9635106439349734
0.9087766098374335
0.9391844065582889
0.18244678032513315
0.5740756952934505
1.3981570281600266
0.22267489926656897
129.00666178292204
0.5014401193550337
0.24927994032248313
2.421223138515977
39.45772376840369
63.58924561657338
33.42484330636127
0.6446942153710058
4.225151504690209
33.20774272952991
0.12412613615148325
0.21968403074295476
15.975898365289186
0.25035906902797916
0.670297913707345
0.1453743578581376
13.133333333333333
0.8755555555555555
0.06222222222222222
3.8
41765.8
46317.4
40627.9
0.3
1.0
0.06666666666666667
0.09590364378439077
0.3836142438631006
0.023975993764713332
3.9068905956085147
0.012809564474807857
35671.39555555556
3.314720301968235
264.9590093936806
0.2262673009339715
3.1948096651135724
648.134073441503
0.2232561599310406
2.009393680614859
55.64901793339026
102.04526046114432
44.04995730145175
0.7476515798462853
0.026859016553137365
0.06272931575926065
0.017891441751606545
