1.0
1.0
1.0
40.0
30.0
1.0
245.3275
218.0
255.0
1.0
1.0
1.0
40.0
30.0
1.0
0.0
0.0
0.0
40.0
30.0
1.0
914.0
2.0
22.061269146608314
15.446389496717725
0.0
22.061269146608314
15.446389496717725
0.0
0.711498696345298
0.0
0.0
43.50598386574503
40.0
30.0
49.4064773081425
49.4064773081425
866.8333333333334
30.95445080369716
0.2274077538216209
1933.3148709750135
2.2303190205441417
914.0
244.0
253.0
56570992.0
0.9839696167755656
5.0
2.2270635302400867
255.0
2.798744547496036
248.76148796498907
249.0
242.0
13.0
2.1500685737359113
248.78477512220064
-0.14569988985104623
56570992.0
0.511070199043328
11.586438048542249
2.246414080655275
1.453095335703079
0.7802136442001961
0.12354112600961564
0.7653341724285385
0.2257438529079229
0.5445988551728864
0.2257438529079229
0.7641469361544682
0.17322831581015574
0.33123267152161356
1.7558824559348392
-0.2328226405980251
0.5992483561532943
0.8871280735460386
0.9548512294184155
0.8871280735460386
0.9247520490306924
0.2257438529079229
0.43403273784295976
1.5301386030269168
0.24776950633411537
139.7224429394955
0.5232199160232747
0.23839004198836267
2.177686130555124
22.230168599871405
53.560829667960064
14.39750333284924
0.705578467361219
3.8274602434930936
48.35836531892254
0.17493682258461352
0.29212253829321666
9.382842757893592
0.3556922213480769
0.7278881330158998
0.26264324343112116
9.235294117647058
0.5432525951557093
0.22837370242214533
2.9411764705882355
15696.0
33708.882352941175
11192.779411764706
0.5147058823529411
2.411764705882353
0.14186851211072665
0.3331476499149484
1.0918343759428264
0.14347596840797894
3.6168746059562173
0.018599562363238512
12805.356401384084
3.682930864104307
155.35886214442013
0.16997687324334806
3.437866592609972
467.1181619256017
0.24446490047833602
2.2768052516411377
47.83369803063457
112.18927789934355
31.74480306345733
0.6807986870897156
0.03648668610202814
0.08648372758820684
0.023987425730483455
