1.0
1.0
1.0
40.0
30.0
1.0
229.25333333333333
123.0
255.0
1.0
1.0
1.0
40.0
30.0
1.0
0.0
0.0
0.0
40.0
30.0
1.0
1002.0
1.0
19.836327345309382
13.862275449101796
0.0
19.836327345309382
13.862275449101796
0.0
0.7270420387742307
0.0
0.0
46.72661232054763
40.0
30.0
49.4064773081425
49.4064773081425
946.6666666666666
33.97221148654403
0.22072657296786838
2112.325754904166
2.231330022786091
1002.0
220.10000000000002
252.0
57362965.0
1.2163707376823465
14.0
2.8523991348782727
255.0
8.79174584961813
239.00898203592814
241.0
210.0
45.0
6.08051891099577
239.26652098417836
-0.7680681488343547
57362965.0
0.5163146760371473
123.17457002163337
4.523874627952184
2.08352166150269
3.039151368685291
0.11583156577131207
0.9517466002724986
0.22067443718231128
0.623067211756811
0.2173619257803086
0.7606869753982491
0.17234602055673126
0.38463159477318226
1.9877026493482037
-0.29269492884118375
0.6969274319920385
0.891650288250046
0.9780854414233998
0.8918711223435127
0.945825144125023
0.2144634783035563
0.5928500922782667
1.7568520126899145
0.29310525936370246
107.11415599616926
0.3750561432756897
0.5004634592725858
4.211980828486236
29.691600028446423
130.7008605219919
7.931440942679377
0.43743236903228255
4.1196926495479635
62.703103298461755
0.21335341154908927
0.2844311377245509
16.24078748161762
0.43960124168862935
1.5370366649521934
0.24983462707982246
17.210526315789473
0.45290858725761773
0.7513850415512465
3.5
12112.368421052632
50199.13157894737
3030.2097953216376
0.6673976608187134
6.368421052631579
0.16759002770083103
0.39850300493978613
1.3715546394021398
0.2762400413363398
3.9751767772172553
0.03792415169660679
11417.074792243768
3.738697627210324
187.06387225548903
0.18669049127294313
4.682610826251688
517.3473053892216
0.3163463492177322
4.498003992015968
49.902195608782435
229.7694610778443
13.635756265247283
0.32731758704812597
0.04775863600966372
0.17978313293418202
0.02543276953378873
