1.0
1.0
1.0
40.0
30.0
1.0
243.81
203.0
255.0
1.0
1.0
1.0
40.0
30.0
1.0
0.0
0.0
0.0
40.0
30.0
1.0
987.0
2.0
19.95339412360689
14.343465045592705
0.0
19.95339412360689
14.343465045592705
0.0
0.7258511271598437
0.0
0.0
48.01911610528928
40.0
30.0
49.4064773081425
49.4064773081425
940.9166666666666
34.854729550243626
0.22571313299804888
2057.2863112173927
2.186470262563875
987.0
243.0
251.0
60412407.0
0.7428941103800165
3.0
3.5159858560888426
255.0
2.4056996270667623
247.38297872340425
248.0
238.0
17.0
1.6641053466825377
247.40273333576184
-0.5813965746844646
60412407.0
0.667343140666558
9.774299941796544
1.5792021307076263
1.2183970866410663
0.8923298899117652
0.5127229970679709
0.5307860224258902
0.1519782584311441
0.5556140166438801
0.1519782584311441
0.6085823412436654
0.1278315214401677
0.5307863381313153
1.3138697100483123
-0.2654236204001716
0.5646941360817385
0.924010870784428
0.9696043483137713
0.924010870784428
0.9493405805229519
0.1519782584311441
0.7056137841433618
1.1618914516171683
0.17069107021425858
112.76821235110708
0.5343163311476685
0.23284183442616568
2.1076075477391267
49.577863589019195
62.53882828041867
46.33762241616933
0.7230981130652183
4.148662211875881
29.612561658213835
0.13362742870569577
0.2135258358662614
24.07303893863715
0.2983070209386436
0.7171362665970895
0.19359970952403213
12.5
0.78125
0.109375
3.625
38119.1875
39276.8125
37829.78125
0.34375
1.75
0.109375
0.21785983673857
0.8245640363844716
0.06618378682709466
3.4056390622295627
0.016210739614994935
34313.83984375
3.0200571836651324
253.56940222897668
0.2569092221164911
3.491351090005943
658.6676798378926
0.1663284296667211
1.6322188449848025
56.66160081053698
82.00506585612969
50.32573454913881
0.8419452887537994
0.02963565418850192
0.06435010340396431
0.020957041884636325
