1.0
1.0
1.0
40.0
30.0
1.0
241.50333333333333
202.0
255.0
1.0
1.0
1.0
40.0
30.0
1.0
0.0
0.0
0.0
40.0
30.0
1.0
975.0
2.0
22.277948717948718
14.644102564102564
0.0
22.277948717948718
14.644102564102564
0.0
0.7845701619361533
0.0
0.0
42.35973634989274
40.0
30.0
49.4064773081425
49.4064773081425
934.1666666666666
33.23418520760811
0.2282244874559078
2024.9056636527494
2.1676064196104363
975.0
240.0
251.0
58776937.0
0.6606291830917244
5.0
2.8153517361480396
255.0
3.3765869822485204
245.49025641025642
246.0
235.0
20.0
2.335312757968737
245.52807975610028
-0.16932175013039444
58776937.0
0.7161109796186719
18.571956344510195
1.4759930352178723
1.175318831259176
0.9573451316940549
0.5564740285148195
0.4783928062916075
0.09992691711931137
0.6546322296577773
0.09992691711931137
0.4652381553910196
0.08948818821619078
0.6213519500783498
1.088950018514142
-0.37420590112639535
0.6225583287783862
0.9500365414403442
0.9800146165761378
0.9500365414403442
0.9666910276268962
0.09992691711931137
0.7747177101811683
0.9890231013948309
0.14457993085272972
85.66761471886909
0.5513149994415656
0.22434250027921718
2.021549204203952
82.65879641863796
100.61686140445131
78.16928017218464
0.744612698949012
4.412243524300639
16.297473828831098
0.10128161686983161
0.1592307692307692
38.411284276849614
0.21538792732131795
0.563716113353114
0.12830588081336886
7.7272727272727275
0.7024793388429752
0.1487603305785124
3.4545454545454546
55868.818181818184
58966.181818181816
55094.47727272727
0.38636363636363635
1.1818181818181819
0.10743801652892562
0.2032267385512907
0.8126401660749636
0.0508733816703725
3.277613436819112
0.011282051282051283
48012.4132231405
2.64009218439059
334.745641025641
0.3433288625904011
2.787572386587771
698.2082051282051
0.14194451019066404
1.5138461538461538
62.48102564102564
85.99179487179487
56.60333333333333
0.8715384615384615
0.023017056224199077
0.04553754917921584
0.01738693298544489
