1.0
1.0
1.0
40.0
30.0
1.0
234.98666666666668
186.0
255.0
1.0
1.0
1.0
40.0
30.0
1.0
0.0
0.0
0.0
40.0
30.0
1.0
809.0
4.0
21.742892459826948
13.840543881334982
0.0
21.742892459826948
13.840543881334982
0.0
0.6702815096706484
0.0
0.0
45.47853985419521
40.0
30.0
49.4064773081425
49.4064773081425
756.5
30.483424351086715
0.23372648994385178
1717.8377506282868
2.2707703246903987
809.0
235.0
249.0
47965338.0
0.43725325651378066
8.0
2.505336303323353
255.0
4.403620578748657
243.4363411619283
244.0
231.0
24.0
3.389400757406994
243.49468943376868
-0.49252531325519683
47965338.0
0.8358149434437364
28.411584140716073
1.2433045479520712
1.0937519909013325
0.6363071746954951
0.36722358494123003
0.263946335160474
0.07590284950385272
0.55318331485259
0.07590284950385272
0.3858264317661088
0.06997647163531914
0.7600989360325175
0.7652667840219777
-0.29501479035872935
0.4777102562459272
0.9620485752480736
0.9848194300992295
0.9620485752480736
0.9746990501653823
0.07590284950385272
0.8682965843467412
0.6893639345181253
0.08496229616608167
89.91490664981029
0.6429397814481912
0.1785301092759044
1.6990953812206575
77.32476528824368
82.27951549710397
76.08607773602861
0.8252261546948356
4.146202093477069
17.62498324251325
0.12146042077919306
0.17274412855377008
40.26822411285958
0.2814632899465352
0.5985263400738293
0.20219752741471164
7.461538461538462
0.5739644970414202
0.21301775147928992
3.076923076923077
40961.92307692308
41202.61538461538
40901.75
0.4807692307692308
2.076923076923077
0.15976331360946747
0.2852833195871742
0.8382482287310606
0.14704209230120258
3.392747410448781
0.016069221260815822
37089.254437869815
2.5095840513226975
257.6576019777503
0.31848900120859125
3.123580363677479
676.1742892459827
0.08209252827813182
1.2707045735475897
61.15822002472188
70.26946847960446
58.880407911001235
0.9323238566131026
0.02665892745414789
0.047752544168791454
0.021385523275486998
