1.0
1.0
1.0
40.0
30.0
1.0
235.67416666666668
190.0
255.0
1.0
1.0
1.0
40.0
30.0
1.0
0.0
0.0
0.0
40.0
30.0
1.0
810.0
1.0
20.622222222222224
13.976543209876544
0.0
20.622222222222224
13.976543209876544
0.0
0.7497685685575465
0.0
0.0
46.4444378504263
40.0
30.0
49.4064773081425
49.4064773081425
756.5
34.82257968457406
0.23264749369183066
1725.8049135884155
2.2813019346839596
810.0
235.0
254.0
48747754.0
0.8640513874571851
8.75
2.4746200899085187
255.0
5.263337905807043
245.23703703703703
246.0
231.0
24.0
4.163846072677982
245.32103934575
-0.5000586055302555
48747754.0
0.5912330437433317
41.2080109739369
1.8223429536130098
1.30963907850222
0.8305988108236896
0.4089860468244267
0.641785123374655
0.21314856378730018
0.5024478971171357
0.21314856378730018
0.7366490829831074
0.1651936989398508
0.40733945747917166
1.597800069589426
-0.21068977511570075
0.5414078044707591
0.8934257181063499
0.9573702872425399
0.8934257181063499
0.9289504787375666
0.21314856378730018
0.58378663960413
1.3846515058021263
0.2137334217904888
130.35557142557695
0.5430060598217836
0.2284969700891082
2.060102339842176
22.160271557866878
35.32980049031147
18.86788932475573
0.734974415039456
3.7394683659932983
43.83139939097684
0.175004914311388
0.2962962962962963
8.948043092905099
0.33640745765290714
0.7363304799578285
0.2364267020766767
7.7272727272727275
0.7024793388429752
0.1487603305785124
3.4545454545454546
32002.18181818182
37523.27272727273
30621.909090909092
0.38636363636363635
1.5454545454545454
0.14049586776859505
0.0852102443218557
0.2726583370832982
0.03834822113149507
3.277613436819112
0.013580246913580247
26579.867768595046
3.52749616219487
136.5037037037037
0.1685230909922268
3.3294924554183813
478.89876543209874
0.2043834781283341
1.8592592592592592
47.28148148148148
81.82962962962964
38.644444444444446
0.7851851851851852
0.03273060839562163
0.06946900341069213
0.023546009641853997
