1.0
1.0
1.0
40.0
30.0
1.0
247.9775
230.0
255.0
1.0
1.0
1.0
40.0
30.0
1.0
0.0
0.0
0.0
40.0
30.0
1.0
682.0
2.0
21.71407624633431
16.80058651026393
0.0
21.71407624633431
16.80058651026393
0.0
0.6607740126804729
0.0
0.0
49.00773588905863
40.0
30.0
49.4064773081425
49.4064773081425
629.1666666666666
32.38303829579809
0.24182785128755713
1468.3230320025232
2.333758461460964
682.0
249.0
255.0
43400046.0
0.702757964456359
4.0
1.8796021799847606
255.0
2.0093308451079714
252.25219941348973
253.0
248.0
7.0
1.7606953892668167
252.26262324221554
-0.4963609932561791
43400046.0
0.6914371221437723
5.258976100996723
3.4984983655961437
1.8564821147172839
0.663809660346655
-0.396297691946608
0.34961486525420615
0.14189595711141684
0.41955010980391116
0.14189595711141684
0.5878546071642774
0.12153934100965037
0.6327052478075381
1.0867757550065467
-0.1660810056094709
0.4157628547798
0.9290520214442917
0.9716208085777166
0.9290520214442917
0.9527013476295277
0.14189595711141684
0.7855341361615755
0.9448797978951301
0.12287770559140576
85.42376182034273
0.5011153387659457
0.2494423306170271
2.469090705676285
42.17829085431636
163.0288581126353
11.965649039736626
0.6327273235809288
3.478991310878555
43.15900761122352
0.24872423310427663
0.25
25.045556598657576
0.5092838375281128
0.8522260761118989
0.4235482778821662
21.322580645161292
0.6878251821019771
0.15608740894901144
1.5806451612903225
8116.5161290322585
32189.677419354837
2098.2258064516127
0.8548387096774194
5.838709677419355
0.18834547346514047
0.40083251343346415
0.462005243124708
0.38553933101065324
3.2532590215739488
0.045454545454545456
7632.516129032258
2.849554974196842
178.82697947214075
0.26220964731985447
5.598240469208211
471.5601173020528
0.1542814389281138
3.4281524926686218
54.598240469208214
208.87390029325513
16.029325513196483
0.39296187683284456
0.05265198802449186
0.10779296466604454
0.0388667438641037
