1.0
1.0
1.0
40.0
30.0
1.0
237.255
195.0
255.0
1.0
1.0
1.0
40.0
30.0
1.0
0.0
0.0
0.0
40.0
30.0
1.0
825.0
4.0
22.684848484848484
14.136969696969697
0.0
22.684848484848484
14.136969696969697
0.0
0.8514342270034242
0.0
0.0
42.92926587161464
40.0
30.0
49.4064773081425
49.4064773081425
759.25
36.55144630322269
0.22728037320991146
1770.8375576984781
2.3323510802745844
825.0
235.4
253.0
49593841.0
0.7568336324184028
8.0
2.260079098349644
255.0
4.9907393939393945
245.10666666666665
246.0
233.0
22.0
3.677465754042332
245.1810487510539
-0.36500863316129795
49593841.0
0.6588429752066116
36.46862222222223
1.654061512110013
1.2364153698970946
1.0303656402862145
0.5870222474070605
0.6116756540328057
0.11036919516254202
0.6947831452736694
0.11036919516254202
0.4962303385600388
0.09757052293581384
0.5414070524665124
1.255270390920487
-0.4094616859688912
0.6845819484386926
0.9448154024187291
0.9779261609674916
0.9448154024187291
0.9632102682791528
0.11036919516254202
0.7084000325216343
1.1449011957579454
0.18051121229883693
111.53254191083823
0.6085723505244054
0.1957138247377973
1.803033903014391
41.576763385467395
62.398279947970394
36.37138424484164
0.7992415242464023
4.014270032206828
26.417093580988734
0.13738477951136105
0.2224242424242424
18.162360679934864
0.2876957449973138
0.598493057690097
0.20999641682411802
6.666666666666667
0.5555555555555556
0.2222222222222222
3.0
31571.416666666668
34926.416666666664
30732.666666666668
0.5
1.1666666666666667
0.09722222222222222
0.0355493427214859
0.13700556990650276
0.010185285925231696
3.4182958340544856
0.014545454545454545
26844.854166666664
3.1148726697737064
206.12484848484848
0.24984830119375573
3.527090541781451
543.5454545454545
0.1705785123966942
1.6545454545454545
55.664242424242424
89.13333333333334
47.2969696969697
0.8363636363636363
0.026695904051856432
0.050512084564465515
0.02074185892370416
