1.0
1.0
1.0
40.0
30.0
1.0
239.10416666666666
190.0
252.0
1.0
1.0
1.0
40.0
30.0
1.0
0.0
0.0
0.0
40.0
30.0
1.0
988.0
4.0
22.403846153846153
15.238866396761134
0.0
22.403846153846153
15.238866396761134
0.0
0.8215831345032265
0.0
0.0
41.28547931373351
40.0
30.0
49.4064773081425
49.4064773081425
943.0
33.91945350404529
0.22649159311830286
2053.2405519108393
2.1773494718036472
988.0
238.0
248.0
58500650.0
0.19621588939488327
4.0
3.64502567947252
252.0
2.950773656345785
243.30161943319837
244.0
232.0
20.0
1.9410198673097934
243.33348353756477
-0.7544107564364418
58500650.0
0.9411152452916782
15.506191709419923
1.0786524821602697
1.031034774189983
0.25632330336201903
0.14432287543478833
0.09138171531705688
0.02890368081935968
0.5207980446490749
0.02890368081935968
0.18751247020232856
0.028020449881950234
0.9118368520498414
0.33713921074081216
-0.3116548788174448
0.336160307907988
0.9855481595903202
0.9942192638361281
0.9855481595903202
0.9903654397268802
0.02890368081935968
0.9545133854003369
0.30823552992145276
0.03007134903410414
71.43315980192322
0.7375584629776171
0.1312207685111915
1.4707062452944526
228.79015859607887
231.58853162433968
228.09056533901366
0.882323438676387
4.305290554495901
9.1657531018357
0.09465145545176526
0.09741902834008097
105.21624032043626
0.20823641236598564
0.4534933779790177
0.1469221709627276
4.555555555555555
0.5061728395061729
0.24691358024691357
2.6666666666666665
99693.11111111111
99818.44444444444
99661.77777777778
0.5833333333333334
1.6666666666666667
0.18518518518518517
0.37289830882969055
1.1281669377046246
0.184081151610957
2.9477027792200867
0.009109311740890687
87641.95061728393
1.5716449219769468
542.2064777327935
0.5487919815109246
2.149695126948483
929.8218623481781
0.029442377354160863
1.091093117408907
69.72874493927125
72.46761133603239
69.04402834008097
0.9772267206477733
0.020759917861656582
0.03174619288223611
0.0180133491065117
