1.0
1.0
1.0
40.0
30.0
1.0
249.6675
199.0
255.0
1.0
1.0
1.0
40.0
30.0
1.0
0.0
0.0
0.0
40.0
30.0
1.0
1037.0
1.0
18.767598842815815
13.939247830279653
0.0
18.767598842815815
13.939247830279653
0.0
0.6427588011832709
0.0
0.0
46.5658990479701
40.0
30.0
49.4064773081425
49.4064773081425
1002.4166666666666
29.930641448094477
0.22666598539081872
2136.9611383674464
2.1318092659746744
1037.0
250.0
255.0
66632660.0
0.4606874138296204
1.0
9.603777203205187
255.0
1.9756195315282534
253.46576663452265
255.0
240.0
15.0
0.6826968734020017
253.48612777040623
-2.73162520674163
66632660.0
0.8241794212033267
10.32211640841423
3.758929642038491
1.928445291500107
0.5608828868000839
-0.3178495088945299
0.2126946231977408
0.052812464923659395
0.58984913909298
0.052812464923659395
0.29388594896600534
0.049747697878270374
0.8174987580610296
0.6053226962853537
-0.3578949395595984
0.46994333212061945
0.9735937675381704
0.9894375070152681
0.9735937675381704
0.982395845025447
0.052812464923659395
0.9020390590382772
0.5525102313616946
0.06637677203035006
53.96947496947497
0.5082732523208714
0.2458633738395643
2.417124542124542
247.48003795721186
978.6688419068853
64.6828369697935
0.6457188644688645
3.655479671057531
18.693173010564315
0.1686336753236426
0.10245901639344263
125.70776059415928
0.36887299158581144
0.4172230009300646
0.3567854892497482
1.6666666666666667
0.5555555555555556
0.2222222222222222
2.0
293892.3333333333
1169988.3333333333
74868.33333333333
0.75
1.0
0.3333333333333333
0.00034901212314077226
0.000350153550564251
0.00034872676628490266
1.5849625007211552
0.0028929604628736743
174406.88888888888
1.5115963889655455
621.2854387656702
0.5991180701694023
2.7534027854624785
854.6740597878496
0.08791028939833676
3.7078109932497587
69.6711668273867
271.8254580520733
19.132594021215045
0.32304725168756027
0.020043192443947828
0.05983897460016186
0.010094246904894319
