1.0
1.0
1.0
40.0
30.0
1.0
228.04666666666665
145.0
255.0
1.0
1.0
1.0
40.0
30.0
1.0
0.0
0.0
0.0
40.0
30.0
1.0
816.0
3.0
19.658088235294116
12.322303921568627
0.0
19.658088235294116
12.322303921568627
0.0
0.8374610607006799
0.0
0.0
41.32453013540472
40.0
30.0
49.4064773081425
49.4064773081425
767.1666666666666
34.60768484015325
0.23531987412096803
1722.2069338419647
2.244892809700584
816.0
229.0
252.0
47792058.0
0.9120140466820089
9.0
3.054346443384244
255.0
6.420222991157246
241.87254901960785
243.0
221.0
34.0
4.546340967309294
242.0097075106942
-0.7535781061494972
47792058.0
0.6508914840445982
66.36856016916573
4.666027958672084
2.1381024982273034
1.2528789163542586
0.4337197681734698
0.5416616429317568
0.1634908018880471
0.5363618181498481
0.16279828111242384
0.6400255184216286
0.13640491610976674
0.5436874471745106
1.4501064110717348
-0.25278491107364315
0.5803170580859051
0.9186701115213505
0.9836828823085317
0.9187162795730586
0.9593350557606752
0.16219232543375345
0.7235837531247067
1.284028357782141
0.17628811120495097
81.16407322068808
0.4082520743193301
0.4434807653655599
4.646857059968861
39.01550937415335
167.26729817914173
9.622682218729677
0.3643179658879972
4.069285088943946
35.96227008232637
0.17840207882510595
0.24234068627450978
20.661674732959494
0.40712212026387623
1.4813581100899225
0.23074484728200997
21.29268292682927
0.5193337299226651
0.6400951814396194
2.926829268292683
9821.317073170732
39657.51219512195
2446.3875338753387
0.7350948509485095
12.804878048780488
0.3123140987507436
0.5744367580064765
0.7446774887000971
0.5338593145759358
2.8590504949169264
0.05024509803921569
9425.209994051162
3.1275197492824973
187.50735294117646
0.22978842272202998
4.6433042579777
531.1274509803922
0.19915417147251055
4.642156862745098
54.504901960784316
248.22303921568627
12.899986383442265
0.26647603485838783
0.05537784384587169
0.16021391947982894
0.035699673516525955
