1.0
1.0
1.0
40.0
30.0
1.0
241.1225
172.0
255.0
1.0
1.0
1.0
40.0
30.0
1.0
0.0
0.0
0.0
40.0
30.0
1.0
992.0
1.0
18.95766129032258
16.234879032258064
0.0
18.95766129032258
16.234879032258064
0.0
0.669497508997478
0.0
0.0
47.39809211267939
40.0
30.0
48.82622246293481
48.82622246293481
948.9166666666666
31.73290460067186
0.2262976463917459
2063.5870974496997
2.1746768393252305
992.0
238.0
255.0
60736181.0
0.962229012622545
8.0
3.0523807842202646
255.0
4.919875130072842
247.35987903225808
247.0
230.0
25.0
4.0327404129939834
247.43885893547588
-0.7381910754216808
60736181.0
0.5259515641259105
39.0791564369797
2.12867226734664
1.394632579703644
0.9430672800546702
0.3329630502780492
0.8451309017391646
0.11045094352858494
0.7688448243549888
0.11045094352858494
0.4986851678116987
0.09789941814753587
0.4243096592185894
1.462310460475308
-0.4889235964611264
0.7801540118353598
0.9447745282357075
0.977909811294283
0.9447745282357075
0.9631830188238051
0.11045094352858494
0.5501419485320633
1.3518595169467236
0.23889546131693734
87.78484826823737
0.5173772849418268
0.24131135752908664
2.2220321830911125
61.96390965261269
123.62161711284845
46.54948278755374
0.6944919542272219
4.514267258068129
16.77116837814213
0.09610547224106838
0.17111895161290322
23.85394037335083
0.19088230561612632
0.4338050814799891
0.13015161165016062
5.0
0.625
0.1875
3.25
52532.5
72413.125
47562.34375
0.4375
1.0
0.125
0.04790921620322538
0.1499691770045167
0.022394226002902543
2.9999999999999973
0.008064516129032258
37156.5
3.0992206941368257
307.54637096774195
0.3100265836368366
2.765084384755463
521.7439516129032
0.23702421793704476
2.158266129032258
60.997983870967744
130.6179435483871
43.592993951612904
0.7104334677419355
0.0217846748541113
0.048778480552914116
0.015036223429410593
