1.0
1.0
1.0
40.0
30.0
1.0
239.29666666666665
157.0
255.0
1.0
1.0
1.0
40.0
30.0
1.0
0.0
0.0
0.0
40.0
30.0
1.0
1119.0
1.0
19.925826630920465
14.115281501340483
0.0
19.925826630920465
14.115281501340483
0.0
0.7522505472960797
0.0
0.0
46.36516937377517
40.0
30.0
49.4064773081425
49.4064773081425
1073.6666666666667
34.8782240368978
0.2178850107843026
2327.2145144476744
2.167539131742634
1119.0
229.0
254.0
65908063.0
1.123202706906564
16.0
2.2135610908495464
255.0
8.03624454043849
242.50848972296694
244.0
219.0
36.0
6.545789500869477
242.69131274051412
-0.537034765736612
65908063.0
0.517828777609269
88.70569199967096
5.396229240392607
2.282692813089326
1.886046332900392
0.30301474228235614
0.9200723994161898
0.17791684793720905
0.6764725348317757
0.17595990077478244
0.6704902585824006
0.14568505236634738
0.3878423709786848
1.8050210085088692
-0.36754369785025953
0.7389448409158019
0.9122157443288513
0.9822986358445449
0.9123462074730132
0.9561078721644256
0.17424757200765914
0.5585821111899161
1.6216982498004437
0.2744973118383497
106.86727357717598
0.416357120911105
0.425851911690184
5.036975450497188
39.772446930796775
210.0038283003047
8.731080588726364
0.3217646864110354
4.3732823671138625
37.514187870958274
0.14225409307288897
0.22810545129579982
18.454965587410463
0.3357557231862537
1.241382163634226
0.16866082708212965
14.62962962962963
0.541838134430727
0.6200274348422496
2.814814814814815
17931.962962962964
78838.70370370371
4290.257201646091
0.7520576131687243
5.148148148148148
0.1906721536351166
0.41731056887347534
0.7142830783838152
0.384273143837374
3.1517685201210837
0.024128686327077747
16214.32098765432
3.435378202692246
266.44235924932974
0.23810755965087557
3.871018183763909
579.4504021447722
0.2807610203480223
5.412868632707775
55.35388739946381
305.09472743521
11.779763677887
0.23935061066428356
0.03699070696692936
0.14923466713995034
0.017840752864288146
