1.0
1.0
1.0
40.0
30.0
1.0
239.56583333333333
156.0
255.0
1.0
1.0
1.0
40.0
30.0
1.0
0.0
0.0
0.0
40.0
30.0
1.0
952.0
2.0
19.44327731092437
15.370798319327731
0.0
19.44327731092437
15.370798319327731
0.0
0.7722882108134539
0.0
0.0
45.19414431992525
40.0
30.0
49.4064773081425
49.4064773081425
903.8333333333334
34.90290485608009
0.2266612350274871
1994.4926630051484
2.206704034304055
952.0
235.0
254.0
57963771.0
0.9757666663533232
8.0
2.9089594684689457
255.0
5.325180072028814
246.66071428571428
248.0
230.0
25.0
3.842803128904624
246.75152294490556
-0.8840050087832415
57963771.0
0.5167030047313043
44.80610369147659
2.234657630305353
1.4374146946942186
0.8617781517697347
0.18953060640290434
0.8289614879853109
0.15517290755460467
0.6849174977184377
0.15517290755460467
0.6146002307414464
0.12971426838233943
0.37821853384770265
1.6011066293435903
-0.3805517088399389
0.7192309172993876
0.9224135462226977
0.968965418489079
0.9224135462226977
0.9482756974817985
0.15517290755460467
0.48499885152847916
1.445933721788986
0.24603359888497894
115.85395125396393
0.5456673953504917
0.22716630232475415
2.0467771329220956
38.3932824075288
91.20681119472756
25.18990021072911
0.7383057167694761
4.142778110141303
27.490538469388433
0.12422567588537502
0.22295168067226892
14.806211418763063
0.23973887833909358
0.4295063885614422
0.19229700078350637
4.555555555555555
0.5061728395061729
0.24691358024691357
2.6666666666666665
29133.555555555555
53217.22222222222
23112.63888888889
0.5833333333333334
1.2222222222222223
0.13580246913580246
0.23150188302942343
0.9033957328966127
0.06352842056262614
2.947702779220087
0.009453781512605041
17944.617283950618
3.3442329276780725
223.92436974789916
0.2352146741049361
3.005697867382247
491.9012605042017
0.24164849763434787
2.225840336134454
55.081932773109244
127.08508403361344
37.08114495798319
0.6935399159663865
0.026317046163703575
0.05910272194195138
0.01812062721914163
