1.0
1.0
1.0
40.0
30.0
1.0
247.4225
185.0
255.0
1.0
1.0
1.0
40.0
30.0
1.0
0.0
0.0
0.0
40.0
30.0
1.0
1170.0
1.0
19.86837606837607
14.503418803418803
0.0
19.86837606837607
14.503418803418803
0.0
0.7566952771775021
0.0
0.0
45.461264982811166
40.0
30.0
49.4064773081425
49.4064773081425
1133.0
34.400324507008165
0.21858274273962208
2404.481979683192
2.1222259308766036
1170.0
243.0
254.0
72079799.0
0.9191481646269928
5.0
4.062374873428124
255.0
2.947527211629776
248.17521367521368
248.0
234.0
21.0
2.180008501805676
248.2069012174436
-0.7039475406288649
72079799.0
0.554987216012857
15.729129227847174
1.9511546263234867
1.3431994737025428
0.9195100014248003
0.41881101692131856
0.7446722433235208
0.1568875895682835
0.6525131914260782
0.1568875895682835
0.6173809676424682
0.1306468186460103
0.41857326490808755
1.531127517152186
-0.3501714186544761
0.6806116579270628
0.9215562052158581
0.9686224820863432
0.9215562052158581
0.9477041368105722
0.1568875895682835
0.5783567315133153
1.3742399275839028
0.22538995822295108
118.76976495449966
0.5135412908879633
0.24322935455601835
2.26144690540879
62.83003241670164
101.52261329552557
53.156887196995655
0.6846382736478025
4.406677891570707
27.655630464239923
0.11277918642409461
0.19722222222222222
29.2887543150349
0.24588815355258964
0.6052657093538538
0.15604376460227368
7.7272727272727275
0.7024793388429752
0.1487603305785124
3.4545454545454546
57900.0
66522.27272727272
55744.431818181816
0.38636363636363635
1.1818181818181819
0.10743801652892562
0.19392490970663878
0.5029719155219124
0.11666315825282032
3.4594316186372938
0.009401709401709401
46586.77685950413
3.1457862616991767
330.24444444444447
0.2822602089268756
3.110617283950617
649.3350427350427
0.22250639199357145
2.0025641025641026
58.2
111.54102564102564
44.86474358974359
0.7493589743589744
0.025419924554183813
0.056262614859175705
0.017709251977935842
