1.0
1.0
1.0
40.0
30.0
1.0
252.68333333333334
231.0
255.0
1.0
1.0
1.0
40.0
30.0
1.0
0.0
0.0
0.0
40.0
30.0
1.0
1030.0
1.0
17.02233009708738
13.423300970873786
0.0
17.02233009708738
13.423300970873786
0.0
0.7489069299716318
0.0
0.0
43.02863744083406
40.0
30.0
48.60041152089147
48.60041152089147
994.6666666666666
32.22444476667744
0.22708830512635034
2121.9789183381995
2.1333568213855894
1030.0
253.0
255.0
66680018.0
0.1270226535107709
0.0
9.41273978592165
255.0
0.8708530492977626
254.43300970873787
255.0
249.0
6.0
0.32142139674190234
254.4363998200691
-2.6565180924273615
66680018.0
0.965659345838439
1.7251239513620513
3.9551495598418076
1.9879544900359014
0.06653202584651673
-0.04186667732110256
0.030171833376901023
0.017427820531793578
0.2608233341204281
0.017427820531793578
0.12646522271264538
0.01711752903386017
0.9590826440117926
0.17522646514721646
-0.13298155291121325
0.14549890286246703
0.9912860897341031
0.9965144358936413
0.9912860897341031
0.9941907264894022
0.017427820531793578
0.9792405797700048
0.15779864461542317
0.01189991347717365
48.719680464778506
0.6674342019259679
0.166282899037016
3.3499806732728934
395.42113524023705
1580.516328156113
99.14733701126806
0.41250483168177665
3.954023478558493
8.026899290182023
0.11944149820692052
0.06966019417475729
153.3637280219438
0.2388795932944423
0.3875895638603346
0.20170210065296923
5.0
0.625
0.1875
1.75
126023.0
504053.0
31515.5
0.8125
1.75
0.21875
0.4175589588825114
0.42341870590041586
0.41609402212803526
2.4056390622295645
0.007766990291262136
109446.4375
1.0175628194764113
718.1883495145631
0.6972702422471486
1.8544858139315679
994.6291262135923
0.01717032708078047
3.9475728155339804
73.13398058252427
292.18058252427187
18.372330097087378
0.26310679611650484
0.01988618207980783
0.06380848236453877
0.008905607008625097
