1.0
1.0
1.0
40.0
30.0
1.0
252.85666666666665
228.0
255.0
1.0
1.0
1.0
40.0
30.0
1.0
0.0
0.0
0.0
40.0
30.0
1.0
1045.0
1.0
17.94354066985646
15.225837320574163
0.0
17.94354066985646
15.225837320574163
0.0
0.7462852868273083
0.0
0.0
43.98109609590969
40.0
30.0
49.4064773081425
49.4064773081425
1006.25
32.82244491491537
0.2245062885971598
2163.0150587015232
2.14958018256052
1045.0
253.0
255.0
67481038.0
-3.203426503814917e-16
1.0
9.243313201132354
255.0
0.5607472356402109
254.11483253588517
254.0
250.0
5.0
0.4843587408949033
254.1164220999132
-2.0458897136181324
67481038.0
1.0
0.807866120281129
1.0
1.0
0.0
0.0
0.0
0.0
1.0
0.0
-3.203426503814917e-16
0.0
1.0
-3.203426503814917e-16
0.0
0.0
1.0
1.0
1.0
1.0
0.0
1.0
-3.203426503814917e-16
0.0
61.0
1.0
0.0
1.0
482.5171883468835
482.5171883468835
482.5171883468835
1.0
3.6754311611198314
6.978556910569106
0.12999487876484456
0.05837320574162679
109.42077708328745
0.05073029517301883
0.05073029517301883
0.05073029517301883
1.0
1.0
0.0
1.0
1092025.0
1092025.0
1092025.0
1.0
1.0
1.0
9.157299512373801e-07
9.157299512373801e-07
9.157299512373801e-07
-3.203426503814917e-16
0.0009569377990430622
0.0
0.9111273886059174
733.1416267942584
0.7015709347313477
1.192450722281999
1045.0
0.0
1.0
74.00478468899522
74.00478468899522
74.00478468899522
1.0
0.014901929095224834
0.014901929095224834
0.014901929095224834
