1.0
1.0
1.0
40.0
30.0
1.0
237.23833333333334
186.0
255.0
1.0
1.0
1.0
40.0
30.0
1.0
0.0
0.0
0.0
40.0
30.0
1.0
951.0
2.0
22.426919032597265
14.442691903259727
0.0
22.426919032597265
14.442691903259727
0.0
0.7927473467104947
0.0
0.0
43.02941384138161
40.0
30.0
49.4064773081425
49.4064773081425
910.1666666666666
34.11145365326311
0.2297446796681673
1976.9056636527466
2.1720259992522397
951.0
235.0
254.0
56478151.0
0.6819596987061978
9.0
2.3545275677483333
255.0
5.182776224263352
243.61198738170347
244.0
229.0
26.0
3.9431821823425732
243.69688426101771
0.03631641201760331
56478151.0
0.7036978066145438
41.37100246461471
1.5134052041308261
1.184012712186953
1.0579217557507496
0.6126868983408811
0.523341478852722
0.07726586486006445
0.7428048692888363
0.07726586486006445
0.3880060351376299
0.07089169269716772
0.628804635446439
1.0448939933952117
-0.48307775018085436
0.6924083468142965
0.9613670675699677
0.9845468270279871
0.9613670675699677
0.9742447117133117
0.07726586486006445
0.7773543553830149
0.9676281285351478
0.15015183592819661
74.67425967414854
0.5635516059149172
0.21822419704254142
1.9680028091604513
100.41245701607798
136.64212976126151
91.3550388297821
0.7579992977098873
4.516856394959486
12.736891293835367
0.09146517418629234
0.13958990536277602
38.88729478640684
0.2423016847532453
0.6887896816825031
0.13067968552093087
5.888888888888889
0.654320987654321
0.1728395061728395
3.3333333333333335
69178.11111111111
75984.11111111111
67476.61111111111
0.4166666666666667
1.8888888888888888
0.20987654320987653
0.11042395955158398
0.40465824762127744
0.036865387534160604
2.641604167868591
0.00946372239747634
58012.666666666664
2.4937239127955717
394.198738170347
0.41450971416440274
2.832854010555052
669.2166140904311
0.14815109669272813
1.5425867507886435
64.97896950578338
94.4553101997897
57.60988433228181
0.8643533123028391
0.02188618288184534
0.043341405057174175
0.016522377338013136
