1.0
1.0
1.0
40.0
30.0
1.0
235.80916666666667
162.0
255.0
1.0
1.0
1.0
40.0
30.0
1.0
0.0
0.0
0.0
40.0
30.0
1.0
909.0
1.0
19.356435643564357
13.305830583058306
0.0
19.356435643564357
13.305830583058306
0.0
0.7097501149786737
0.0
0.0
49.03348010550688
40.0
30.0
49.4064773081425
49.4064773081425
862.4166666666666
34.80151814268802
0.23004458157529661
1904.6574363036964
2.208511859662224
909.0
237.0
252.0
54862988.0
0.7759536725166651
5.0
4.533120071292262
255.0
4.3992636887451155
245.59735973597358
246.0
226.0
29.0
2.648619490434837
245.67320230793027
-1.206083697878887
54862988.0
0.6470740583409277
37.25922295199816
1.6112937719549816
1.2267567060822508
0.9439195929724985
0.5400463133661817
0.5633667588516992
0.13795269258354267
0.6062094438526133
0.13795269258354267
0.5755362692705408
0.11836936632680796
0.5309709079555711
1.3049239592789617
-0.3100026631387838
0.6113304220041494
0.9310236537082286
0.9724094614832914
0.9310236537082286
0.9540157691388191
0.13795269258354267
0.7042669476259777
1.1669712666954193
0.17532986285881047
97.99811088789934
0.519130960219054
0.24043451989047304
2.2085711782843567
49.74056554869426
65.39778545172808
45.82626057293582
0.6978572054289108
4.189434610828409
25.958580178054873
0.13237292529316028
0.20764576457645767
23.997745583935025
0.3023534889183337
0.8285249365727129
0.17081062700473892
10.571428571428571
0.7551020408163265
0.12244897959183672
3.5714285714285716
34700.5
37045.21428571428
34114.32142857143
0.35714285714285715
1.5714285714285714
0.11224489795918367
0.06375829035070148
0.25354461477175716
0.01631170924543756
3.3248629576173534
0.015401540154015401
30484.780612244896
3.080811217842025
225.28602860286028
0.2478394154046868
3.3967427545834896
588.1903190319032
0.17646297082953621
1.6864686468646866
57.25522552255226
85.47964796479648
50.1991199119912
0.8283828382838284
0.026380645686135757
0.05672843438601859
0.01879369851116505
