1.0
1.0
1.0
40.0
30.0
1.0
243.64416666666668
198.0
255.0
1.0
1.0
1.0
40.0
30.0
1.0
0.0
0.0
0.0
40.0
30.0
1.0
970.0
1.0
19.397938144329895
14.80618556701031
0.0
19.397938144329895
14.80618556701031
0.0
0.667944695088732
0.0
0.0
47.44186436676481
40.0
30.0
49.4064773081425
49.4064773081425
925.4166666666666
31.6885416288997
0.2272577911352386
2020.8010298431514
2.183666128601334
970.0
243.0
254.0
60382198.0
0.9672170699884707
5.0
4.258650005653436
255.0
3.494543522159636
249.45773195876288
251.0
235.0
20.0
2.3948883863728274
249.49887506719105
-1.2760456877313382
60382198.0
0.5225507492826017
20.528625783823994
2.8351780380716494
1.633772367080898
0.937269655687666
-0.3889161864397189
0.7959069819512509
0.1322781263420884
0.7144062564186098
0.1322781263420884
0.5583331445519721
0.1139461176278484
0.421961328225482
1.497308441596331
-0.4192748757718878
0.7349016714816234
0.9338609368289559
0.9735443747315823
0.9338609368289559
0.9559072912193038
0.1322781263420884
0.5676333039098536
1.3650303152542427
0.23204627707333486
97.43051453569868
0.5166777837079696
0.24166110814601516
2.227220940012127
59.74486083673988
196.10814149079744
25.6540406732255
0.6931947649969683
4.201564664345099
24.530154973562567
0.12368717944944468
0.1943298969072165
28.355985160022716
0.26820586781569694
0.478275758245528
0.21568839520823913
4.25
0.53125
0.234375
2.125
53591.0
181055.75
21724.8125
0.71875
1.0
0.125
0.13842934545709215
0.5368679487584641
0.038819694631749196
2.9999999999999973
0.008247422680412371
38889.4375
3.1181755449068413
278.4762886597938
0.28708895738123075
3.2202104368158144
506.87422680412374
0.2387246253586991
2.818556701030928
58.65360824742268
178.12164948453608
28.78659793814433
0.545360824742268
0.025080963809731606
0.06370675375915925
0.015424516322374694
