1.0
1.0
1.0
40.0
30.0
1.0
239.05166666666668
159.0
255.0
1.0
1.0
1.0
40.0
30.0
1.0
0.0
0.0
0.0
40.0
30.0
1.0
1023.0
1.0
18.89149560117302
14.56891495601173
0.0
18.89149560117302
14.56891495601173
0.0
0.7149011940106678
0.0
0.0
47.594741604311785
40.0
30.0
49.4064773081425
49.4064773081425
970.8333333333334
34.025537601551704
0.22040637442379873
2151.24443565611
2.2158740968131605
1023.0
235.0
253.0
61311429.0
0.7207535223492663
6.5
3.6649050742404348
255.0
4.82935876597782
244.72434017595307
246.0
226.0
29.0
3.0226103747415434
244.8121130060496
-0.8931064525734534
61311429.0
0.680704500305295
42.96799993120115
1.5684895006122863
1.2072985501391191
1.0068876477771067
0.5820865089437607
0.5504826051394633
0.10681229961014327
0.6752133962017178
0.10681229961014327
0.4865776365860212
0.09490052651755312
0.5764520211076436
1.1852642666539825
-0.39037184478138814
0.6564295328992047
0.9465938501949284
0.9786375400779713
0.9465938501949284
0.9643959001299522
0.10681229961014327
0.7392953000558091
1.0784519670438397
0.16432372618740163
104.3104588549033
0.5638856143470363
0.21805719282648184
1.9647974064640732
63.400998444054004
82.51558877531099
58.62235086123975
0.7588006483839816
4.400920864519119
20.417159156048044
0.10661237571079707
0.18084066471163243
29.1133165782995
0.24484962320204023
0.5576090020356036
0.1666597784936494
9.181818181818182
0.8347107438016529
0.08264462809917356
3.727272727272727
62012.454545454544
65115.0
61236.818181818184
0.3181818181818182
1.3636363636363635
0.12396694214876033
0.23817020427425648
0.9526804105032127
0.05954265271701742
3.095795255000931
0.010752688172043012
53363.454545454544
2.9053208257189764
298.62463343108504
0.29191068761591893
2.9998499802681056
696.3607038123167
0.15964774984735253
1.598240469208211
60.05180840664712
89.04301075268818
52.80400782013685
0.8504398826979472
0.025211575868897936
0.051194294116401126
0.01871589630702214
