1.0
1.0
1.0
40.0
30.0
1.0
245.80916666666667
179.0
255.0
1.0
1.0
1.0
40.0
30.0
1.0
0.0
0.0
0.0
40.0
30.0
1.0
1107.0
1.0
18.14814814814815
14.53297199638663
0.0
18.14814814814815
14.53297199638663
0.0
0.7767398493696341
0.0
0.0
43.82084773747287
40.0
30.0
49.4064773081425
49.4064773081425
1070.75
34.037398670854344
0.2219843252987096
2280.099874202833
2.12944186243552
1107.0
244.0
253.0
68582833.0
0.9999852839658534
5.0
5.81929477605848
255.0
3.048495694231258
248.87353206865401
250.0
230.0
25.0
2.2322154882461684
248.9051600130462
-1.265193175733684
68582833.0
0.5000102003428947
15.743716792783712
2.4607546454218614
1.5129010989572569
0.8448111675580092
-0.039089507925183786
0.8433980191488306
0.155897302899818
0.687972150728632
0.155897302899818
0.6196170062790711
0.1307231288328058
0.36962921014286987
1.6190071706338554
-0.3801575912738905
0.7247348904604356
0.9220513485500911
0.9688205394200364
0.9220513485500911
0.9480342323667272
0.155897302899818
0.4349524475073478
1.4631098677340373
0.2498238305121622
111.13991749469676
0.5051618220560978
0.24741908897195108
2.3508457752439376
49.30686570960113
130.0524613875566
29.12046679011226
0.6622885561890156
4.374191057145558
26.398149676923598
0.11555808792203409
0.19873532068654018
20.511537975699337
0.25325424552435527
0.5589135493818826
0.17683941955997343
6.666666666666667
0.5555555555555556
0.2222222222222222
2.0
37481.416666666664
111750.41666666667
18914.166666666668
0.75
1.3333333333333333
0.1111111111111111
0.18930989155158343
0.4593107332315767
0.12180968113158513
3.4182958340544856
0.01084010840108401
28971.354166666664
3.2760401012410103
305.3703703703704
0.2758539931078323
3.1651370232461735
553.5112917795844
0.24999489982855264
2.5067750677506777
58.07497741644083
148.9205058717254
35.36359530261969
0.6233062330623306
0.025681593323869746
0.0616435355884801
0.01669110775771716
