1.0
1.0
1.0
40.0
30.0
1.0
208.84
107.0
255.0
1.0
1.0
1.0
40.0
30.0
1.0
0.0
0.0
0.0
40.0
30.0
1.0
872.0
1.0
21.543577981651374
15.130733944954128
0.0
21.543577981651374
15.130733944954128
0.0
0.7313691869017005
0.0
0.0
46.29654960613932
40.0
30.0
48.82622246293481
48.82622246293481
815.6666666666666
33.85986984179635
0.2275393956927436
1855.393370856535
2.2746955915691074
872.0
209.0
247.0
46214151.0
1.4443527391394424
19.0
2.821634204515039
255.0
11.57653238363774
229.76032110091742
231.0
192.0
63.0
8.155831195613903
230.2126833759512
-0.5147824255345148
46214151.0
0.44375210419998323
208.07443475927957
7.902744708022221
2.7724222252840964
4.773892616312454
-0.34001539532145153
1.2303004399289899
0.36485595022387163
0.5425549842791705
0.3228395989002473
0.9861392578283787
0.25819944606937134
0.29274124710202176
2.4361711755258497
-0.21514449192011081
0.6563630730913372
0.8427818356822387
0.9792793503043068
0.8455829257704803
0.9368326252640713
0.2860752914920761
0.4972548037963642
2.0288282609546644
0.3987890975382154
110.0357739749093
0.3363354207244945
0.6642771623657494
6.767179842132438
14.647978492237417
123.79389955040287
2.049954897050719
0.26440022434120186
3.944066071035632
92.01807800135836
0.27780873928735417
0.37413990825688076
7.102969228155646
0.5344540110900148
3.048610213881891
0.1898540203642005
21.774193548387096
0.3511966701352758
1.059573361082206
4.5
2759.7419354838707
23578.75806451613
345.3687275985663
0.5775089605734768
16.677419354838708
0.26899063475546303
0.5313946335715489
1.4971261243302727
0.41866381215223586
3.631356093607055
0.07110091743119266
2561.931321540063
4.1118056854593314
119.94266055045871
0.1375489226496086
5.380686600454507
386.95183486238534
0.4519177152596583
7.75802752293578
41.46330275229358
350.58371559633025
5.682387232415903
0.18722923037716616
0.07996886059044753
0.39564693822653085
0.03933421034316161
