1.0
1.0
1.0
40.0
30.0
1.0
224.7875
151.0
254.0
1.0
1.0
1.0
40.0
30.0
1.0
0.0
0.0
0.0
40.0
30.0
1.0
1056.0
1.0
18.41003787878788
15.835227272727273
0.0
18.41003787878788
15.835227272727273
0.0
0.7289340659329294
0.0
0.0
44.89087047707182
40.0
30.0
49.4064773081425
49.4064773081425
1017.25
32.722484740120464
0.22401653229670218
2183.5133588073477
2.1464864672473314
1056.0
223.5
237.0
56065145.0
0.582329606024952
5.25
5.3324857696814085
254.0
4.290163710973371
230.33617424242425
230.0
208.0
46.0
2.6329776034514496
230.4169988764113
-0.287210726295696
56065145.0
0.777038854453627
37.240206575700185
3.665010642532169
1.898259892993539
0.8237853497033241
-0.39794171232376796
0.3255897602444276
0.07912172466134657
0.6086399543200894
0.07912172466134657
0.396502353111422
0.07261023999518315
0.7284898056787359
0.8806106680730087
-0.348918458846959
0.5519758829165087
0.9604391376693266
0.9920878275338654
0.9604391376693266
0.9802195688346633
0.07912172466134657
0.8489072047806404
0.8014889434116625
0.10117787122644353
67.83711001787
0.48455206530505357
0.2906414693382592
2.8456154667867324
152.80893378303148
601.6776993948497
40.69954891776335
0.5669732476043267
4.300659073581452
16.218808655165248
0.11454958224931877
0.1321022727272727
85.68172336083174
0.2855428179293709
0.5541196692273594
0.23445497645865793
3.857142857142857
0.5510204081632653
0.5306122448979592
2.5714285714285716
122084.57142857143
486447.4285714286
30999.571428571428
0.7658730158730158
1.2857142857142858
0.1836734693877551
0.020760817779676533
0.05250735367756688
0.017233354881041683
2.5216406363433164
0.006628787878787879
99326.69387755099
2.0003010512015376
503.43939393939394
0.47674185032139577
2.822529269972452
820.5530303030303
0.11354668847566575
3.664772727272727
65.91666666666667
252.8314393939394
19.31423611111111
0.3401199494949495
0.020869909411576078
0.06613305810013399
0.009967106246170606
