1.0
1.0
1.0
40.0
30.0
1.0
209.895
137.0
255.0
1.0
1.0
1.0
40.0
30.0
1.0
0.0
0.0
0.0
40.0
30.0
1.0
812.0
1.0
20.582512315270936
13.16256157635468
0.0
20.582512315270936
13.16256157635468
0.0
0.7634825975858522
0.0
0.0
45.65646040039828
40.0
30.0
49.4064773081425
49.4064773081425
749.4166666666666
34.85791298307168
0.22817790366908744
1748.6092451226227
2.3332937775460327
812.0
207.10000000000002
238.0
40692254.0
1.0606472425474711
16.0
2.4441382187288814
255.0
9.216706302021402
223.57389162561577
224.0
203.0
52.0
6.687171573450748
223.86070066113126
0.11345846461392002
40692254.0
0.4930264019995632
128.3282838700284
2.520808519058478
1.5360709395629961
1.2665806841341858
0.053188956672619254
0.8548433573984774
0.21002677013655008
0.6052977141613017
0.21002677013655008
0.7346623007827391
0.16432844390105186
0.33125810621752394
1.8186257639437198
-0.2876434986065871
0.6678105824630278
0.8949866149317249
0.978997322986345
0.8949866149317249
0.9474933074658625
0.21002677013655008
0.4134484690569571
1.6085989938071699
0.2662175318837568
133.00786773666673
0.5307858408594658
0.26170231572775204
2.144812495210711
20.10791095695922
55.87243228845152
11.239632217338013
0.7294249792404726
3.7212856162528154
50.25681890308463
0.19392905551873982
0.30880541871921185
8.529419059925484
0.39213007472205
0.7029301142062042
0.3201537228788744
6.166666666666667
0.5138888888888888
0.3055555555555556
3.6666666666666665
17982.333333333332
36517.0
13353.203703703703
0.4259259259259259
1.1666666666666667
0.09722222222222222
0.1956546083091053
0.5410239208253113
0.11120192492684144
3.584962500721152
0.014778325123152709
13403.555555555557
3.6964196167008017
135.25615763546799
0.1665716227037783
3.7589786211749865
400.3374384236453
0.2670229804168992
2.4729064039408866
46.39408866995074
125.49507389162562
26.869252873563223
0.6413519430760811
0.036047803551725384
0.08141526033191966
0.025137912456078947
