1.0
1.0
1.0
40.0
30.0
1.0
209.79666666666665
140.0
255.0
1.0
1.0
1.0
40.0
30.0
1.0
0.0
0.0
0.0
40.0
30.0
1.0
870.0
1.0
18.67241379310345
13.935632183908046
0.0
18.67241379310345
13.935632183908046
0.0
0.6871043815892457
0.0
0.0
46.35581704476093
40.0
30.0
49.4064773081425
49.4064773081425
807.0833333333334
31.851285003604673
0.22346474832643776
1875.947533169063
2.324354197008648
870.0
205.0
239.0
43190358.0
1.079172902302676
20.0
2.2361447270512933
255.0
10.734358567842515
222.44597701149425
222.0
200.0
55.0
8.14724837759793
222.80953672402
0.13083608399417374
43190358.0
0.4917188532170697
161.87696657418417
2.453390045194927
1.508979414750936
1.2880066279421907
0.13643475513673778
0.8968596417643507
0.19147351357384323
0.6479489943355292
0.19080506437598233
0.7010842320570374
0.1541350310761838
0.341804116773059
1.8037204984593074
-0.32440178910717266
0.7041287116416517
0.9046643127317948
0.9808835001440553
0.9047088760116524
0.9523321563658974
0.19022017132785396
0.4149173879727746
1.610022859667665
0.2720832888345485
124.31104786638292
0.49687567224654794
0.31532237804345375
2.3610376649319305
24.49704225705352
62.40538856155625
15.09768176440825
0.6987338696381847
3.9426695919076344
50.50694947393426
0.1956738558476731
0.2876436781609195
11.443582973061094
0.41969171729689575
0.9961645701705849
0.30782303793122107
5.4
0.36
0.5333333333333333
4.533333333333333
18340.533333333333
31047.466666666667
15166.540740740742
0.412962962962963
1.5333333333333334
0.10222222222222223
0.1759403927593905
0.9318717369690891
0.08880940855881775
3.7735572622751814
0.017241379310344827
14976.533333333333
3.7385408901437605
150.82758620689654
0.17336504161712246
4.136895230545647
427.79540229885055
0.2745884528999868
2.4459770114942527
49.01149425287356
123.37931034482759
30.52809706257982
0.6525542784163473
0.03612239142144725
0.0975197152935248
0.024054598696651927
