1.0
1.0
1.0
40.0
30.0
1.0
207.83916666666667
118.0
255.0
1.0
1.0
1.0
40.0
30.0
1.0
0.0
0.0
0.0
40.0
30.0
1.0
736.0
4.0
18.543478260869566
15.38586956521739
0.0
18.543478260869566
15.38586956521739
0.0
0.6796704077217163
0.0
0.0
45.423977734436825
40.0
30.0
49.4064773081425
49.4064773081425
678.9166666666666
30.87333346710684
0.23605009329694934
1582.5505635493898
2.3309938336311133
736.0
210.0
247.0
38712956.0
1.2602104397473772
20.0
2.242128944717388
255.0
10.981185018903592
228.95108695652175
229.0
202.0
53.0
8.385328770060442
229.34499122501018
-0.006972522417987649
38712956.0
0.459516038516068
180.5247814272212
3.396358808216638
1.7829729670797265
3.5568028001357086
0.21766930462923473
1.0919505603474402
0.2228920719287545
0.6608306637426484
0.2228920719287545
0.7624954545772579
0.17251217248388134
0.32646681474717
2.0533835326659444
-0.3366968276356693
0.748527594847247
0.8885539640356228
0.9777107928071245
0.8885539640356228
0.9442769820178114
0.2228920719287545
0.5126409881735134
1.830491460737191
0.32871065806904864
111.72568316763426
0.47386583793414894
0.34777666313537203
2.5271040603291097
19.469934794759936
73.05305950800883
7.452077773253002
0.6730769539802329
3.6598552527556736
54.54536687337098
0.2255011442026449
0.3209918478260869
9.26317943145382
0.46462761837403393
0.8672549038831915
0.3761581307329507
9.105263157894736
0.4792243767313019
0.4598337950138504
2.6315789473684212
9766.736842105263
37236.68421052631
3045.5073099415204
0.7090643274853801
2.0526315789473686
0.10803324099722991
0.1765705311080576
0.7118276153481802
0.10125918402463517
3.7216117239698967
0.025815217391304348
8266.193905817176
3.8600794178529876
114.53804347826087
0.15562234168241965
4.579623995746692
338.20380434782606
0.3453726813563327
3.2622282608695654
45.95108695652174
172.6236413043478
18.508491847826086
0.5114356884057971
0.043046090001519925
0.11248204110045788
0.028972272963871653
