1.0
1.0
1.0
40.0
30.0
1.0
218.48833333333334
124.0
255.0
1.0
1.0
1.0
40.0
30.0
1.0
0.0
0.0
0.0
40.0
30.0
1.0
969.0
1.0
20.28998968008256
15.801857585139318
0.0
20.28998968008256
15.801857585139318
0.0
0.827139309555819
0.0
0.0
42.86746049661284
40.0
30.0
48.82622246293481
48.82622246293481
923.0
35.4573616775797
0.22631808300367073
2025.6574363037012
2.1946451097548225
969.0
215.0
244.0
52398531.0
1.0864476007478572
12.0
3.646863897449184
255.0
8.867318237924687
232.2549019607843
235.0
197.0
58.0
5.890431383994569
232.53999955532134
-0.7715920931783656
52398531.0
0.5812967737744167
132.51190837532124
8.288432429255371
2.8514003609454623
2.740250779176516
-0.37867130886105604
0.7926733505339316
0.161021763453209
0.6613003387744099
0.15761986839903136
0.6331746253016902
0.13541581337902484
0.49454032662851444
1.6592249406582786
-0.3634579954197691
0.7164624960560957
0.921530255305902
0.9905881650037085
0.9217570483095139
0.9685894228219997
0.15464321022662592
0.686062678417532
1.4913675753366402
0.23842377849678514
83.07387893927832
0.389704576900712
0.5028240852095796
6.963008536319081
52.18050581500931
456.13015481469154
6.337281863116678
0.2133566838294146
4.324693604694231
38.661561566998806
0.17672522335594337
0.2195562435500516
29.411485233981796
0.4048089668316368
2.197726367051785
0.1224934819015579
7.3478260869565215
0.31947069943289225
1.2173913043478262
5.217391304347826
22475.869565217392
199077.30434782608
2592.9580314009663
0.5314009661835748
6.043478260869565
0.2627599243856333
0.5136021798459908
1.556619299225452
0.4182965549216174
3.2831565207100164
0.023735810113519093
20700.896030245745
3.1327771400797633
274.514963880289
0.28329717634704743
4.332840235110936
563.2765737874097
0.26900797796713605
8.20639834881321
56.80185758513932
491.33126934984523
7.17954506363949
0.14779698429079233
0.039154787321036284
0.23361889817655462
0.014602525727324
