1.0
1.0
1.0
40.0
30.0
1.0
217.01833333333335
124.0
255.0
1.0
1.0
1.0
40.0
30.0
1.0
0.0
0.0
0.0
40.0
30.0
1.0
789.0
2.0
22.858048162230673
16.1191381495564
0.0
22.858048162230673
16.1191381495564
0.0
0.7216857382190371
0.0
0.0
44.63974074336007
40.0
30.0
48.60041152089147
48.60041152089147
735.5833333333334
32.215864252278244
0.23434807247781997
1681.553382915922
2.2860134354810313
789.0
219.0
255.0
45691324.0
1.4535922443379465
22.0
2.444743205756891
255.0
11.591946295787611
240.25602027883397
244.0
207.0
48.0
9.343279377964691
240.64584625681587
-0.7282120591893584
45691324.0
0.3892479129218131
187.4680404355837
5.473006128418038
2.2779806759324037
4.339575835710535
-0.422431065256331
1.4084027407477309
0.27376814212125444
0.673088726716154
0.2656292834000409
0.8389397969435406
0.19809467389784696
0.2589657565233914
2.3085128896120644
-0.3252141578590415
0.7503677501271281
0.867999244172101
0.9729988254211615
0.8685418347535151
0.9339996220860505
0.25850778201897895
0.3732872919115351
2.021569441417803
0.4205427207172463
96.97894751225786
0.36054909481962844
0.5358850069770689
4.181486725917761
17.507828823475375
110.31712583393617
3.887999741717415
0.4576758393267014
3.86487463366958
63.948742286449175
0.22919051979974242
0.34125475285171103
8.035121511194378
0.4693002362834447
1.4267525782168002
0.2900737080946872
15.0
0.5769230769230769
0.6331360946745562
2.769230769230769
6315.576923076923
33245.230769230766
1390.3002136752136
0.7713675213675214
2.3076923076923075
0.08875739644970414
0.17477862593168397
0.5657999001342605
0.13132166702034576
3.8731406795131282
0.032953105196451206
5394.6878698224855
4.052211350281815
116.26489226869455
0.1473572779070907
4.628007729859716
307.11660329531054
0.47193909924323835
5.313054499366286
43.9404309252218
267.7363751584284
9.899626813124911
0.31745528798760736
0.047452282079334114
0.18131264866881833
0.025670801010766124
