1.0
1.0
1.0
40.0
30.0
1.0
206.59333333333333
131.0
255.0
1.0
1.0
1.0
40.0
30.0
1.0
0.0
0.0
0.0
40.0
30.0
1.0
781.0
4.0
19.59282970550576
13.458386683738796
0.0
19.59282970550576
13.458386683738796
0.0
0.6265255115127986
0.0
0.0
48.36007460007476
40.0
30.0
49.4064773081425
49.4064773081425
720.5
30.298820475608935
0.23106039363410594
1682.0850040185348
2.334607916750222
781.0
206.0
241.0
38915893.0
1.0988423453882104
16.0
2.5522383883791924
255.0
10.172106085471036
222.85659411011522
222.0
200.0
55.0
7.182718676780213
223.22250803220874
0.2979816555237215
38915893.0
0.4969055398623846
163.22655382885134
2.4158015208380466
1.4916325354299802
2.1141736521317673
0.4516777998462882
0.9752205561149975
0.212216570243631
0.6428065222082988
0.212216570243631
0.7413995578524011
0.16618367199057255
0.32541808060849986
1.9152583148450488
-0.30733057977019124
0.7036212702324709
0.8938917148781845
0.9787783429756368
0.8938917148781845
0.9469458574390922
0.212216570243631
0.4379177344595878
1.703041744601419
0.2968592815896571
125.644972660565
0.5152596454538709
0.30737308499215593
2.2598486490472554
19.75172675786787
46.87286093958568
13.161660239376316
0.7228776035589817
3.790142830410394
48.70251535756762
0.19523755930283884
0.3120998719590269
8.74508844626767
0.3949060623184275
0.8460911255289754
0.3024842761910671
6.375
0.3984375
0.46484375
3.3125
11234.3125
23779.875
8109.032986111111
0.5607638888888888
1.5
0.09375
0.21201338017481292
0.6710050843620001
0.10208798499221361
3.749999999999995
0.020486555697823303
8851.65234375
3.8414673056194695
126.06530089628681
0.16141523802341462
3.8428194589490143
388.0832266325224
0.28727410440995405
2.358514724711908
46.13444302176696
112.15108834827144
30.247723716033576
0.6831341584862712
0.03894960552153712
0.0924644802436553
0.027227898818274403
