1.0
1.0
1.0
40.0
30.0
1.0
213.34583333333333
140.0
255.0
1.0
1.0
1.0
40.0
30.0
1.0
0.0
0.0
0.0
40.0
30.0
1.0
832.0
2.0
16.669471153846153
14.278846153846153
0.0
16.669471153846153
14.278846153846153
0.0
0.7743965937587598
0.0
0.0
45.0862116921682
40.0
30.0
49.4064773081425
49.4064773081425
772.8333333333334
34.91460875990142
0.22877729576360684
1780.1711809706574
2.3034347823644477
832.0
210.0
241.0
42468683.0
1.2087093478691817
17.0
2.6628281752574052
255.0
9.530264769785502
225.62379807692307
225.0
206.0
49.0
7.143975628718226
225.92939194410002
0.42480694276649816
42468683.0
0.4611946421967456
137.9918855746117
2.769783949752461
1.591117957988451
3.40510937254955
0.5464528006498574
1.149646645186552
0.1973113465931527
0.707206971499081
0.1973113465931527
0.7119929105721396
0.1573854036736757
0.3120979283506225
1.9905418669144161
-0.3779365800181743
0.7742014705081227
0.9013443267034237
0.9802688653406847
0.9013443267034237
0.9506721633517119
0.1973113465931527
0.3973765356081898
1.7932305203212644
0.3367394979449261
116.81643149592065
0.4870508272097648
0.32084653125129137
2.4269302378048505
23.144206421373603
63.34738945265261
13.913348690019227
0.6839868165364811
3.913114113116654
44.5507349289857
0.17981559713349754
0.28846153846153844
10.118991335115206
0.3845753216339402
0.7224713314657799
0.30668777504085853
5.769230769230769
0.4437869822485207
0.40236686390532544
2.769230769230769
16160.0
36553.692307692305
11166.27777777778
0.6431623931623931
1.1538461538461537
0.08875739644970414
0.1122535959579338
0.3442885334915991
0.0543146330728604
3.700439718141088
0.015625
12064.0
3.8460776343686645
146.88221153846155
0.17654111963757396
3.8884985207100593
383.7139423076923
0.33204858542899407
2.7211538461538463
48.67548076923077
140.34134615384616
28.19090544871795
0.6164529914529915
0.03420026577671667
0.08202688738868055
0.02346467615590673
