1.0
1.0
1.0
40.0
30.0
1.0
217.23166666666665
126.0
255.0
1.0
1.0
1.0
40.0
30.0
1.0
0.0
0.0
0.0
40.0
30.0
1.0
761.0
1.0
20.202365308804204
16.11300919842313
0.0
20.202365308804204
16.11300919842313
0.0
0.7701208503425581
0.0
0.0
45.11226280947711
40.0
30.0
46.647615158762406
46.647615158762406
701.3333333333334
34.74189419571147
0.23182609267213478
1646.6632619215993
2.3479038905726224
761.0
216.0
252.0
42479891.0
1.4434810286111135
23.0
1.8154968766636803
255.0
11.36835307301928
235.90407358738503
237.0
211.0
44.0
9.477635782747603
236.2649879830889
-0.2343862782029905
42479891.0
0.40335094047703324
170.41261152677941
4.539449739015098
2.0663499113649744
4.522137783390658
0.06625392750041831
1.3736267049756883
0.29523441679730367
0.646522834603942
0.2913305245875644
0.877202309268206
0.2084734791096449
0.2524751490709008
2.3927728980463887
-0.28637766160088196
0.7355295291264574
0.8547251269271917
0.9706567379607192
0.8549853864078409
0.9273625634635959
0.2879146189040425
0.434619381857236
2.087507896110864
0.41721528044324796
109.52879903753922
0.37788272107020243
0.5040232932031524
3.679500102340662
12.40358517275066
61.57065042508148
3.7658332366876377
0.516473428155052
3.7267276034194428
76.33610330032805
0.2558878939421747
0.38107752956636004
5.1141194067842335
0.49672548596275556
1.4210605844996749
0.3303629210922764
12.448275862068966
0.4292508917954816
0.6492271105826397
3.2758620689655173
4364.862068965517
17901.620689655174
1361.7835249042143
0.6609195402298851
4.172413793103448
0.14387633769322236
0.3588864764471198
0.4339961231632164
0.3452527761752745
3.7102495290881077
0.03810775295663601
3676.252080856124
4.122476616606562
107.95137976346912
0.14185463832256126
4.414193234229116
306.95006570302235
0.45058286610224807
4.40341655716163
39.83311432325887
199.6622864651774
11.639582420791356
0.39297707694553946
0.05612973358906029
0.16990540767823167
0.036046144606023
