1.0
1.0
1.0
40.0
30.0
1.0
210.0025
119.0
255.0
1.0
1.0
1.0
40.0
30.0
1.0
0.0
0.0
0.0
40.0
30.0
1.0
817.0
1.0
18.468788249694004
14.097919216646266
0.0
18.468788249694004
14.097919216646266
0.0
0.6786896949576167
0.0
0.0
47.854055740239794
40.0
30.0
46.647615158762406
46.647615158762406
760.6666666666666
32.478054492828136
0.2298106868892636
1753.517726509516
2.3052380278389784
817.0
207.0
252.0
44226358.0
1.5112089554427517
25.0
2.13432963618109
255.0
13.386611614573422
232.12239902080785
235.0
198.0
57.0
10.816887208569627
232.66419821486707
-0.47423967003939227
44226358.0
0.40170699442238006
251.82100379182276
8.656543221512962
2.895070914321775
5.635604691566255
-0.08779362757197967
1.4582993375419528
0.3580857300837809
0.6064897906085018
0.33558320228544614
0.969237266564702
0.2422539128281425
0.23395477898484768
2.592859562109662
-0.23650308313413013
0.6969549816837565
0.8344586516371104
0.9793332369562189
0.8359588201569993
0.9336334438028553
0.3158934904619031
0.4194479537050977
2.193866571907945
0.45409626690643345
115.1611865701787
0.35101822505084934
0.6028710580614504
7.818777393723797
12.550424548001686
113.34360304109389
1.6675662549536314
0.19507992206196018
3.876442538390833
98.99333551201674
0.2934007610254023
0.40085679314565487
5.838963698278893
0.5427801465636956
3.96005334935367
0.12531519422379553
14.409090909090908
0.3274793388429752
1.1172520661157024
5.9772727272727275
4442.613636363636
39790.27272727273
513.7015467171717
0.4067234848484848
8.636363636363637
0.1962809917355372
0.44980749638752743
1.5276036938449693
0.2821072702511216
4.166914223108269
0.05385556915544676
4097.836260330579
4.341730408120827
108.77723378212974
0.1331422690111747
4.829916298246114
328.19461444308445
0.48061915627074003
8.474908200734394
38.39045287637699
347.29742962056304
5.097264721882224
0.15989222086223312
0.06978210530324827
0.4496332938520165
0.022887195695581324
