1.0
1.0
1.0
40.0
30.0
1.0
233.08583333333334
159.0
255.0
1.0
1.0
1.0
40.0
30.0
1.0
0.0
0.0
0.0
40.0
30.0
1.0
1082.0
1.0
19.61460258780037
13.330868761552681
0.0
19.61460258780037
13.330868761552681
0.0
0.6950259504330296
0.0
0.0
47.1836569495304
40.0
30.0
49.4064773081425
49.4064773081425
1039.5833333333333
32.79386601625339
0.22116959569871855
2243.872826612883
2.158434783114597
1082.0
227.10000000000002
247.0
61018990.0
0.5856270899463349
9.0
3.082869487498502
255.0
5.733368411342041
237.35859519408504
238.0
216.0
39.0
3.868226267175414
237.47553624370008
-0.34122129990917693
61018990.0
0.807611358441443
55.52760172337802
4.037611230611969
1.997429008039632
0.8618584439469974
0.012664286493328888
0.28713900088375033
0.09560216765675443
0.5004883190737196
0.09560216765675443
0.45285445058199464
0.08621712240523692
0.737219285937313
0.9603403134661237
-0.2565385691392089
0.48956796090846494
0.9521989161716227
0.9904397832343246
0.9521989161716227
0.9760994580858113
0.09560216765675443
0.8565026338898051
0.8647381458093698
0.0956852921351262
74.50101491567398
0.4513809909525663
0.38130482521341336
3.905311627988833
116.77509597886265
468.92176326059683
29.751890090031836
0.4262504300517101
4.3594346435972176
23.05793403064694
0.13752845910910422
0.15134011090573013
67.64215185009229
0.33726160467909677
1.1052795258668922
0.21239259081707856
10.263157894736842
0.5401662049861495
0.7700831024930748
3.263157894736842
49486.73684210526
198041.0
12389.45760233918
0.7266081871345029
2.1578947368421053
0.11357340720221606
0.2634354481834328
0.40933375044462755
0.2472245023545509
3.471354487013925
0.01756007393715342
46243.73407202216
2.222950063681619
450.80591497227357
0.4166413262220643
3.319737188269823
873.8354898336414
0.10418937341337497
4.041589648798522
63.99260628465804
259.6275415896488
16.59342267406038
0.2888940234134319
0.026975550814561464
0.09304774621733407
0.013188369314041234
