1.0
1.0
1.0
40.0
30.0
1.0
214.885
148.0
248.0
1.0
1.0
1.0
40.0
30.0
1.0
0.0
0.0
0.0
40.0
30.0
1.0
896.0
1.0
18.984375
15.1328125
0.0
18.984375
15.1328125
0.0
0.6844658899009445
0.0
0.0
47.72816778305403
40.0
30.0
47.80167361086848
47.80167361086848
839.75
32.66830283496967
0.22474563970169956
1915.253177105438
2.2807420983690836
896.0
210.0
236.0
45268908.0
0.99507408681843
16.0
1.9891701570787148
248.0
8.388995735012754
224.56026785714286
226.0
206.0
42.0
6.700774881304307
224.77396384240896
-0.23487989868311898
45268908.0
0.503410495057398
96.020921356824
2.6341580870298875
1.576709120528244
0.8262023379315679
-0.2108754557889658
0.7844495953284227
0.19193854910968938
0.6067678525025209
0.19193854910968938
0.7015635183545345
0.15424136246236936
0.3575645653185746
1.6802880343890336
-0.2904250743311052
0.6543653129270822
0.9040307254451554
0.9616122901780622
0.9040307254451554
0.9360204836301036
0.19193854910968938
0.48073984597339925
1.4883494852793446
0.24409703610952804
129.03474376142623
0.5205364565192361
0.2397317717403819
2.1998548505420543
23.977459884485953
70.19910361621854
12.422048951552803
0.7000362873644864
3.8049261357616895
42.08905495650757
0.16562535682864465
0.27706473214285715
10.016649856642829
0.365062566473354
0.5748496656082582
0.3126157916896279
10.882352941176471
0.6401384083044983
0.17993079584775087
1.7058823529411764
13522.117647058823
31151.70588235294
9114.720588235294
0.8235294117647058
1.588235294117647
0.09342560553633218
0.22761632410199276
0.22780208302925994
0.22756988437017597
3.5724694587701307
0.018973214285714284
10744.207612456747
3.588450058198021
164.25223214285714
0.1833172233737245
3.8727628746811225
451.05580357142856
0.24829475247130106
2.6238839285714284
49.888392857142854
142.1484375
26.823381696428573
0.5940290178571429
0.03572221107978575
0.07289595632193023
0.02642877476924963
