1.0
1.0
1.0
40.0
30.0
1.0
212.11416666666668
132.0
254.0
1.0
1.0
1.0
40.0
30.0
1.0
0.0
0.0
0.0
40.0
30.0
1.0
784.0
1.0
20.28061224489796
14.941326530612244
0.0
20.28061224489796
14.941326530612244
0.0
0.7202291871497479
0.0
0.0
47.81248857100606
40.0
30.0
49.4064773081425
49.4064773081425
721.3333333333334
34.4359497791023
0.2292922988662665
1696.3624756892934
2.351703986630259
784.0
212.0
239.0
40411903.0
1.0630594721299655
15.0
2.6057872876683352
254.0
8.164768586005831
226.80739795918367
228.0
206.0
48.0
5.83984938311168
227.03698959168997
-0.007664418234620789
40411903.0
0.5122767857142857
104.19887384162848
3.0013661476437483
1.6946076170567366
1.3464665846093953
-0.25800893587731366
0.7531879630106848
0.2346794660432435
0.5243342337005996
0.23391727092129228
0.7832433691463205
0.1788835840699999
0.3656508060272942
1.8282358123289868
-0.2146681664316636
0.5884328707029203
0.883117584051549
0.9765672316320735
0.8831683970596791
0.9415587920257745
0.23325035018958495
0.5431470496619062
1.590923624881531
0.246966857263482
125.42403323270479
0.4802519074684673
0.312318117406665
2.496348043305673
18.758867499001298
62.52245614567373
7.922464236411353
0.6609678516787999
3.579631964297596
60.290278574209765
0.22534679541159947
0.3335459183673469
9.127488855717502
0.45749497049040966
0.883650987271668
0.37143213585772755
10.7
0.535
0.5475
2.65
10688.5
38892.25
3640.7291666666665
0.7541666666666667
2.0
0.1
0.11593230454464738
0.1827462593414581
0.10839548251211137
3.821928094887357
0.025510204081632654
9151.86
3.6543485658015307
122.51530612244898
0.1562695231153686
4.392570803831737
401.625
0.26238904362765514
2.9655612244897958
44.482142857142854
146.22066326530611
19.338045634920633
0.5270337301587302
0.04237040407385555
0.09697860587923757
0.03001276027405955
