1.0
1.0
1.0
40.0
30.0
1.0
213.66333333333333
118.0
255.0
1.0
1.0
1.0
40.0
30.0
1.0
0.0
0.0
0.0
40.0
30.0
1.0
881.0
1.0
19.38365493757094
11.980703745743474
0.0
19.38365493757094
11.980703745743474
0.0
0.6918453302174961
0.0
0.0
46.32197205945165
40.0
30.0
49.4064773081425
49.4064773081425
823.5
32.047640055796954
0.2253853110893759
1885.0993842009307
2.289131006922806
881.0
209.0
247.0
46274658.0
1.2005048545537358
18.0
2.3357907142514582
255.0
10.873929506893544
228.7922814982974
229.0
201.0
54.0
8.033558088469208
229.1836620809012
-0.1662144646441584
46274658.0
0.48369474889874653
179.24289161655886
3.2724490701343703
1.7577655108533357
2.5909939258515124
-0.0581177151295323
0.9803316022662909
0.24963935668290488
0.5942273648733134
0.24437576592708615
0.8113337995293279
0.18840261448723114
0.32991645144794696
2.0668704797175135
-0.2600844918531393
0.6703396005973334
0.8783384761120387
0.9752789992896704
0.8786893821624266
0.9391692380560194
0.23977012401574474
0.5142372073518862
1.8045533587911173
0.30749273973729896
120.32048526192568
0.42215383782150523
0.41495252431623353
3.07419206742445
21.251437392204334
73.92491340155982
8.68749923659055
0.5830692544338406
3.880669092543915
69.69283242587056
0.23849834670557968
0.32349602724177073
11.017322768681712
0.4700519273281593
1.3824271984679741
0.3040084601058076
11.76923076923077
0.4526627218934911
0.6286982248520709
3.1153846153846154
11100.192307692309
41538.346153846156
3563.688034188034
0.6848290598290598
3.1538461538461537
0.12130177514792899
0.2840708099913797
1.2568797399223084
0.17080852981623817
3.891995487039015
0.029511918274687854
9952.025147928996
3.8967610642699304
140.46424517593644
0.15943728169799823
4.516949447344043
426.1350737797957
0.31497073416469007
3.2565266742338252
45.6311010215664
154.25766174801362
20.074914869466514
0.49766679278597553
0.04558069022581076
0.14912940177121842
0.026997146577447978
