1.0
1.0
1.0
40.0
30.0
1.0
204.27083333333334
143.0
255.0
1.0
1.0
1.0
40.0
30.0
1.0
0.0
0.0
0.0
40.0
30.0
1.0
685.0
3.0
14.588321167883212
17.884671532846717
0.0
14.588321167883212
17.884671532846717
0.0
0.7141351327634615
0.0
0.0
39.97825079577597
40.0
30.0
49.4064773081425
49.4064773081425
647.5833333333334
28.549873439692433
0.25173774915247193
1437.913921145167
2.2204307108148247
685.0
209.0
252.0
35922851.0
1.4628206229326688
25.0
1.9448633938733486
255.0
12.98826788853961
228.4890510948905
227.0
201.0
54.0
10.402232142857143
229.0024415768862
0.2081302555700249
35922851.0
0.3835281581330918
234.87177793169593
3.3996191427806255
1.736732538753817
7.103185322937381
1.248271671788372
1.8275661682185707
0.29433328858823665
0.7229613497291205
0.28464042715034715
0.8779841790302451
0.21003162675958106
0.21951866718069374
2.468863125071719
-0.3371774075129079
0.7886761516000832
0.8586490725686154
0.9710140339767712
0.8592952633311414
0.9293245362843077
0.2761591733921938
0.3338191611386514
2.1569591165497464
0.5304748642017019
93.48909577125623
0.4003064472422214
0.46267775580786497
3.277888465366618
16.56772514404758
53.020370271084694
10.31639417132186
0.5662817330076183
3.9740492879674
50.697024793011096
0.20827396758013633
0.34087591240875914
6.964042963385339
0.40372606553161233
1.2443834567473357
0.23076972706487092
8.181818181818182
0.371900826446281
0.5619834710743801
3.5454545454545454
4798.5
11529.40909090909
3389.1060606060605
0.5656565656565656
1.9090909090909092
0.08677685950413223
0.22444609514387465
0.6156814429302223
0.14247138676108934
4.095795255000928
0.032116788321167884
3829.026859504133
4.261846467045414
102.53576642335767
0.1496872502530769
3.716715861260589
262.7167883211679
0.5203601683627257
3.4029197080291973
43.067153284671534
150.85693430656934
24.82043795620438
0.5712084347120844
0.04323325020735518
0.13549720599242668
0.02551982866454683
