1.0
1.0
1.0
40.0
30.0
1.0
201.78666666666666
107.0
254.0
1.0
1.0
1.0
40.0
30.0
1.0
0.0
0.0
0.0
40.0
30.0
1.0
807.0
4.0
22.716232961586122
16.073110285006194
0.0
22.716232961586122
16.073110285006194
0.0
0.7442075850642765
0.0
0.0
41.67372634798391
40.0
30.0
44.721359549995796
44.721359549995796
760.0833333333334
31.013903246062615
0.23592644372675453
1707.189153871219
2.2460552402647327
807.0
198.60000000000002
237.0
38965914.0
1.5078855492496248
23.0
2.2064615433062773
254.0
12.261328616243556
219.25650557620818
221.0
193.0
61.0
9.326460333790582
219.73825253754248
-0.0037117867041285644
38965914.0
0.39172881647419033
211.48439076298007
5.931038377888821
2.3726996730369914
5.469292749241296
-0.1935071276597612
1.469264544704749
0.2642068621001018
0.69500960829492
0.2593156556939339
0.8343057980521142
0.19580103047272152
0.2595749534596372
2.388734879827509
-0.3340923422371754
0.7815346515805552
0.8708312927936499
0.9845447352836321
0.8711573732207276
0.9482999090747521
0.2550358500885369
0.36418222674380557
2.1141122952447593
0.43336785170121267
89.59660811665282
0.33838534660936714
0.6333402300334106
4.965557787132646
17.306055505784727
110.81176982739451
3.7309089285434958
0.39477502146316235
4.0700873081844025
57.463801920095335
0.21291587052617955
0.3274473358116481
7.462321387497222
0.4410483696398262
1.634190317875416
0.25036383497021275
15.8
0.4514285714285714
0.8114285714285714
3.3714285714285714
4375.457142857143
25482.057142857142
904.4787698412698
0.6948412698412698
11.17142857142857
0.31918367346938775
0.576063533937066
1.503955250090399
0.4566993921123769
3.1847728337743924
0.04337050805452292
3843.8253061224486
4.165207193675316
118.63816604708798
0.14701135817483021
4.5207071335234295
316.1251548946716
0.48395621336846584
5.81908302354399
45.23048327137546
286.71375464684013
9.586147253201156
0.2798344348065538
0.0594165795993922
0.23443401978717965
0.03382250740001369
