1.0
1.0
1.0
40.0
30.0
1.0
243.34916666666666
136.0
255.0
1.0
1.0
1.0
40.0
30.0
1.0
0.0
0.0
0.0
40.0
30.0
1.0
842.0
5.0
24.919239904988125
14.483372921615201
0.0
24.919239904988125
14.483372921615201
0.0
0.9816744657801169
0.0
0.0
35.87769503612948
40.0
30.0
47.16990566028302
47.16990566028302
800.6666666666666
35.22021710801436
0.2372821677024905
1757.3308055380312
2.1948344781907134
842.0
248.0
255.0
54008589.0
0.5083834134642575
1.0
8.928293455079064
255.0
2.6155065701502496
253.2315914489311
255.0
237.0
18.0
0.7671883656509689
253.26511275670688
-2.6476458713552877
54008589.0
0.79980647818507
16.978431909095526
3.7435728158137915
1.923121077731892
0.6197505054871697
-0.349182081044366
0.23224253294331892
0.05158083476376845
0.6349885228825259
0.05158083476376845
0.2928524550779858
0.04890484795901529
0.809183468187441
0.6310478165813316
-0.3846603397095414
0.5087432417829585
0.9742095826181157
0.9896838330472463
0.9742095826181157
0.9828063884120771
0.05158083476376845
0.8973306603500077
0.5794669818175635
0.07095584192677185
53.22574035277249
0.5052370578245888
0.24738147108770558
2.4087638266348934
163.98365762683272
648.7098237159962
42.80211610454184
0.6478090433412766
3.648049607537967
19.290167678965624
0.18138360215386812
0.12529691211401425
95.02486473055033
0.41247051376151217
0.5636644496855298
0.37467202978050784
10.2
0.68
0.16
1.6
36523.2
145460.2
9288.95
0.85
2.2
0.14666666666666667
0.31691490759116625
0.33741527480351047
0.3117898157880802
3.2402239289418486
0.017814726840855107
33372.24888888889
1.7618080795704818
456.31353919239905
0.5419400702997613
3.4489254743541284
673.437054631829
0.10009676090746497
3.661520190023753
67.41092636579573
261.9726840855107
18.770486935866984
0.33461995249406173
0.028000966441824378
0.06975507855117062
0.017562438414487815
