1.0
1.0
1.0
40.0
30.0
1.0
234.16
127.0
255.0
1.0
1.0
1.0
40.0
30.0
1.0
0.0
0.0
0.0
40.0
30.0
1.0
1057.0
1.0
19.28666035950804
13.197729422894986
0.0
19.28666035950804
13.197729422894986
0.0
0.6812820097577502
0.0
0.0
48.82529080134702
40.0
30.0
49.4064773081425
49.4064773081425
1018.4166666666666
33.26379224414829
0.22450684577197919
2180.4101829134643
2.140980459451892
1057.0
227.0
255.0
63397034.0
1.3159546004531508
18.0
3.7018723220256504
255.0
10.186058792623665
244.59791863765375
250.0
201.0
54.0
7.595909369339269
244.904619126003
-1.184621567487223
63397034.0
0.4346936090343335
150.13066738032438
6.33882752660497
2.455975803391637
4.634741833548235
-1.064437144986015
1.4016714293076489
0.17373748961886468
0.7793417242008251
0.1696666091930253
0.6592969949432865
0.14326475123598592
0.3364102112316633
1.985960331927598
-0.46077385651876696
0.8287454337265762
0.9155737834460713
0.9828141378269984
0.9158451754744605
0.9577868917230357
0.16610458882041584
0.47646787250063316
1.8027192018104348
0.39385222973162837
85.5365752091181
0.3776470584040996
0.49536381212386005
4.905118969944999
50.87667310076047
369.86209941137594
8.837085923942446
0.3602130781055316
4.4827990564137785
34.05070041642456
0.14376764568895697
0.21381267738883633
26.009883548896205
0.33569906299417274
1.2344341199186968
0.16656191178834448
5.428571428571429
0.3877551020408163
0.4897959183673469
3.4285714285714284
25933.785714285714
207579.85714285713
3666.3948412698414
0.5515873015873016
1.2857142857142858
0.09183673469387756
0.030437284614811044
0.13415684998179858
0.009467982904435684
3.664497779200457
0.013245033112582781
20233.535714285714
3.474327885225595
288.4569536423841
0.27290156446772385
3.740220846024476
459.47114474929043
0.4082760423146497
6.329233680227058
56.877010406811735
391.5837275307474
11.064306738147797
0.2395406286134763
0.02740825822427503
0.1429010589221147
0.00970356234451764
