1.0
1.0
1.0
40.0
30.0
1.0
239.8025
185.0
255.0
1.0
1.0
1.0
40.0
30.0
1.0
0.0
0.0
0.0
40.0
30.0
1.0
766.0
3.0
21.992167101827675
14.355091383812011
0.0
21.992167101827675
14.355091383812011
0.0
0.719362800642726
0.0
0.0
44.90877728923234
40.0
30.0
49.4064773081425
49.4064773081425
720.25
32.305703804222624
0.239998616780535
1619.0647982182352
2.247920580657043
766.0
239.0
255.0
46530837.0
0.9291967808885084
10.0
1.7091141831164058
255.0
4.76533686915856
246.4060052219321
246.0
238.0
17.0
4.5823665979873995
246.46544994312245
0.09119424764670589
46530837.0
0.5482687863438978
29.298606234959678
2.050679131281048
1.3703685267529386
0.9518452207721353
0.39000708100082604
0.8118030621068737
0.12085289795553658
0.7410432027120745
0.12085289795553658
0.5285646882862374
0.10576440822132668
0.42790761174746816
1.4725271670179778
-0.451564660061332
0.756397607079123
0.9395735510222317
0.9758294204088928
0.9395735510222317
0.9597157006814878
0.12085289795553658
0.569205024269293
1.3516742690624415
0.23316399001560256
89.72774440720582
0.5700801970410935
0.21495990147945326
1.9419253057498804
40.41659139096368
80.06452114910374
30.504608951428672
0.7645186735625299
4.151074855269273
18.933260629814306
0.1163771100583739
0.2056135770234987
14.333138284319801
0.21235203587381066
0.3235034112337625
0.18456419203382274
3.5714285714285716
0.5102040816326531
0.24489795918367346
2.2857142857142856
38936.857142857145
51990.28571428572
35673.5
0.6785714285714286
1.2857142857142858
0.1836734693877551
0.05398694615343024
0.05523172841134711
0.05367575058895103
2.5216406363433164
0.009138381201044387
26962.24489795918
3.2321699441313716
196.3028720626632
0.2562700679669232
2.9705158532677975
419.97389033942557
0.22586560682805118
2.033942558746736
57.067885117493475
117.92167101827677
41.85443864229765
0.741514360313316
0.024283323449290753
0.04628405944865133
0.018783139449450606
