1.0
1.0
1.0
40.0
30.0
1.0
249.3325
219.0
255.0
1.0
1.0
1.0
40.0
30.0
1.0
0.0
0.0
0.0
40.0
30.0
1.0
918.0
3.0
23.149237472766885
14.179738562091503
0.0
23.149237472766885
14.179738562091503
0.0
0.8106037681842901
0.0
0.0
41.97768262048563
40.0
30.0
49.4064773081425
49.4064773081425
874.0
34.02726771180984
0.23133581337210674
1910.9480231709474
2.1864393857791162
918.0
249.0
255.0
58946014.0
0.4731256435576865
2.0
5.582077989054084
255.0
1.8155979893773047
253.38779956427015
254.0
245.0
10.0
1.1338443396226408
253.39957424309048
-1.8310773115362122
58946014.0
0.817911914221026
5.967258556775409
3.739944773252435
1.923791023337755
0.5506159361859322
-0.31592049297117775
0.21851823785951005
0.0628565935216599
0.5433684218656595
0.0628565935216599
0.3372479145770535
0.058791285264443306
0.8005212990449716
0.6571303107760029
-0.29963731743127964
0.44809664732937804
0.9685717032391701
0.987428681295668
0.9685717032391701
0.9790478021594466
0.0628565935216599
0.892362726576925
0.5942737172543434
0.07034370784529248
61.69956452884524
0.5091518601574355
0.24542406992128224
2.6399962953680456
152.06522576342124
601.5994140723972
39.68167868617728
0.5900009261579886
3.9015893929445173
19.998482150886943
0.15961008268868856
0.1320806100217865
86.29227162773986
0.37728216881167526
0.6009269330282544
0.32137097775753054
8.285714285714286
0.5918367346938775
0.20408163265306123
1.8571428571428572
46819.42857142857
186753.35714285713
11835.94642857143
0.7857142857142857
2.0
0.14285714285714285
0.323575924342454
0.5527429192332444
0.2662841756197564
3.4677201004744953
0.015250544662309368
42519.816326530614
1.8156331452548193
470.79520697167754
0.5128488093373393
3.349732534020629
750.843137254902
0.09104404288948695
3.696078431372549
66.44662309368192
259.3976034858388
18.208877995642702
0.32598039215686275
0.02676438854005251
0.07393859361302821
0.014970837271808587
