1.0
1.0
1.0
40.0
30.0
1.0
254.935
252.0
255.0
1.0
1.0
1.0
40.0
30.0
1.0
0.0
0.0
0.0
40.0
30.0
1.0
1140.0
1.0
19.40438596491228
13.968421052631578
0.0
19.40438596491228
13.968421052631578
0.0
0.7264126644275581
0.0
0.0
46.82989545155505
40.0
30.0
49.4064773081425
49.4064773081425
1097.5833333333333
34.017829129828094
0.21814510944162213
2358.831828545497
2.1491141099799536
1140.0
255.0
255.0
74128500.0
-3.203426503814917e-16
0.0
0.0
255.0
0.0
255.0
255.0
255.0
0.0
0.0
255.0
0.0
74128500.0
1.0
0.0
1.0
1.0
0.0
0.0
0.0
0.0
1.0
0.0
-3.203426503814917e-16
0.0
1.0
-3.203426503814917e-16
0.0
0.0
1.0
1.0
1.0
1.0
0.0
1.0
-3.203426503814917e-16
0.0
66.0
1.0
0.0
1.0
509.3795096591608
509.3795096591608
509.3795096591608
1.0
3.5139773614016927
8.59030084902178
0.16421097659897377
0.05789473684210526
104.92218731301988
0.06825500267647683
0.06825500267647683
0.06825500267647683
1.0
1.0
0.0
1.0
1299600.0
1299600.0
1299600.0
1.0
1.0
1.0
7.694675284702986e-07
7.694675284702986e-07
7.694675284702986e-07
-3.203426503814917e-16
0.0008771929824561404
0.0
0.8838592120199608
809.9315789473684
0.710466297322253
1.2223268698060943
1140.0
0.0
1.0
74.1
74.1
74.1
1.0
0.015080003663258675
0.015080003663258675
0.015080003663258675
