1.0
1.0
1.0
40.0
30.0
1.0
226.28666666666666
177.0
253.0
1.0
1.0
1.0
40.0
30.0
1.0
0.0
0.0
0.0
40.0
30.0
1.0
868.0
3.0
21.913594470046082
14.67741935483871
0.0
21.913594470046082
14.67741935483871
0.0
0.6195252442904245
0.0
0.0
45.05115923506588
40.0
30.0
49.4064773081425
49.4064773081425
827.5833333333334
27.910330430671003
0.23565741793126468
1808.8844838936438
2.1857430074235955
868.0
226.0
241.0
47906616.0
0.4668774774979281
8.0
3.036861890292205
253.0
4.823907919046913
234.85023041474653
236.0
220.0
33.0
3.3003999999999984
234.92967866374545
-0.5222487292505014
47906616.0
0.8354578563995837
37.32319119114868
3.818546520111606
1.9475142489073423
0.43023739099436703
-0.2043066706860793
0.17576640393979753
0.07286996099899928
0.4110278466662084
0.07286996099899928
0.3758776619600892
0.06749867125153218
0.8104007341232009
0.6798917936306553
-0.19090392216660862
0.3608515059781609
0.9635650195005003
0.9927130039001
0.9635650195005003
0.9817825097502502
0.07286996099899928
0.8986405145187641
0.6070218326316567
0.06215909123469919
58.73724342558849
0.47883688874377933
0.3023233297840877
2.897299812863193
129.67777873534916
515.2942371712794
33.345894693139414
0.5623362142552283
3.9250768177595425
22.483579730129023
0.18305705683855486
0.14084101382488481
74.87539282353964
0.4281158034554263
0.8542898869382991
0.3523088115313309
10.411764705882353
0.6124567474048442
0.46366782006920415
2.2941176470588234
36579.529411764706
146166.58823529413
9183.875816993463
0.80718954248366
2.5294117647058822
0.14878892733564014
0.31266798167295806
0.8567859129290493
0.2460829433033797
3.5280643115840444
0.019585253456221197
33972.525951557094
1.905564126682838
416.5437788018433
0.47988914608507294
3.7535252394402088
725.1774193548387
0.08372443670496293
3.7764976958525347
65.74193548387096
259.684331797235
17.30625960061444
0.3122759856630824
0.03010247077581673
0.09004183288138605
0.017082200426360168
