1.0
1.0
1.0
40.0
30.0
1.0
228.86833333333334
157.0
255.0
1.0
1.0
1.0
40.0
30.0
1.0
0.0
0.0
0.0
40.0
30.0
1.0
744.0
1.0
18.228494623655912
13.53494623655914
0.0
18.228494623655912
13.53494623655914
0.0
0.5492582096618296
0.0
0.0
52.63153732639441
40.0
30.0
48.82622246293481
48.82622246293481
700.1666666666666
28.908303963645153
0.24300840140695681
1569.1475753820057
2.2411057967845833
744.0
230.0
255.0
42902189.0
0.7459802158077358
12.0
2.12691127340406
255.0
7.232743669788413
239.9771505376344
237.0
226.0
29.0
7.023105536332177
240.1337804784694
0.5641732795437034
42902189.0
0.6654671060238178
75.1997467192739
1.66028265590629
1.2280429299506652
1.196971673735641
0.6881355969164296
0.6563787845299676
0.04769226789141178
0.8648482614422112
0.04769226789141178
0.2749481912877345
0.04531913764049223
0.602645336148818
1.0366998485110808
-0.6618980352023085
0.8000073892004018
0.9761538660542941
0.9904615464217176
0.9761538660542941
0.9841025773695293
0.04769226789141178
0.7481109361036288
0.9890075806196694
0.17601776310534484
69.15321780932246
0.6803235169355106
0.15983824153224468
1.6014874660223497
103.13277396053559
153.9264522299406
90.43435439318434
0.8496281334944127
4.126923316368377
10.426593803483339
0.10070987759413748
0.13642473118279572
40.24423528181705
0.17247627251319841
0.22743232795482465
0.15873725865279187
1.0
0.5
0.25
2.5
184180.0
221626.0
174818.5
0.625
1.0
0.5
2.148488644787937e-05
8.157141104329677e-05
6.463255299025021e-06
0.9999999999999993
0.002688172043010753
45796.0
2.4880600755170885
319.6801075268817
0.4296775638802174
2.4808937449416115
495.10752688172045
0.16726644698809112
1.6370967741935485
65.02688172043011
106.97043010752688
54.54099462365591
0.8407258064516129
0.01959129638265103
0.03126004381740748
0.016674109523961915
