1.0
1.0
1.0
40.0
30.0
1.0
227.875
173.0
255.0
1.0
1.0
1.0
40.0
30.0
1.0
0.0
0.0
0.0
40.0
30.0
1.0
769.0
2.0
18.323797139141742
17.78673602080624
0.0
18.323797139141742
17.78673602080624
0.0
0.7908379096144643
0.0
0.0
41.90667280645556
40.0
30.0
49.4064773081425
49.4064773081425
724.8333333333334
33.14138552115463
0.24069387894259803
1621.2295715167857
2.2366929016097297
769.0
230.0
249.0
43848697.0
0.5062103042600865
8.0
2.6573052420934706
255.0
5.3077933783255915
238.69310793237972
238.0
224.0
31.0
3.772357194359878
238.7894725980756
0.07399121309707357
43848697.0
0.828006919631156
46.01244924842862
4.375551554697852
2.0790302137090295
0.744617764040183
0.36829179839702947
0.28268359166185464
0.0699705532777053
0.6036011743296978
0.0699705532777053
0.36451890554680527
0.06495260115268814
0.7631738012341803
0.8075106877008983
-0.3503273415123339
0.5359178511710802
0.9650147233611474
0.9930029446722295
0.9650147233611474
0.9825073616805737
0.0699705532777053
0.8705987468605618
0.7375401344231937
0.08816353623488997
70.98692405590992
0.587892743884989
0.2516906956996129
4.5782556057598764
92.46509455626942
382.10650501851
22.849908119747184
0.2935576165076087
4.367225495199482
13.543373769161937
0.11097387555900416
0.1557217165149545
47.21742995235499
0.29238015533495637
1.206161336357384
0.13012146928828774
6.714285714285714
0.47959183673469385
0.673469387755102
3.142857142857143
34497.5
138944.57142857142
8598.66865079365
0.7023809523809524
6.142857142857143
0.4387755102040816
0.6561673814206511
1.2482636256319526
0.5885187288221781
2.0930692077718875
0.018205461638491547
31480.352040816328
2.2967239332125886
300.1807542262679
0.39035208611998423
3.2464873402202716
636.737321196359
0.0894005522853215
4.35370611183355
63.37451235370611
270.9752925877763
15.37982228001734
0.24971102441843662
0.03251224153149195
0.11620991999602905
0.015977680854646917
