1.0
1.0
1.0
40.0
30.0
1.0
227.02583333333334
171.0
254.0
1.0
1.0
1.0
40.0
30.0
1.0
0.0
0.0
0.0
40.0
30.0
1.0
767.0
4.0
18.883963494132985
11.341590612777054
0.0
18.883963494132985
11.341590612777054
0.0
0.6996796237832227
0.0
0.0
47.48301318863697
40.0
30.0
49.4064773081425
49.4064773081425
708.6666666666666
33.22289680391931
0.234759326364111
1637.4043512505764
2.310542358302789
767.0
228.0
243.0
42947466.0
0.3331043140943827
6.0
3.272056481278943
254.0
4.516742621398667
236.5554106910039
237.0
224.0
30.0
2.97145272416574
236.63070100286143
0.059363466243745715
42947466.0
0.9046251077276644
35.62632991607866
4.076126137945887
2.0149841030812468
0.29334573749644316
0.09507005169200412
0.11026849671416686
0.04641381742465219
0.40442549453342314
0.04641381742465219
0.270575325929543
0.04423556189949822
0.879489601439933
0.4880521101916084
-0.22079889909633388
0.33410645975574355
0.9767930912876739
0.9953586182575348
0.9767930912876739
0.9883965456438369
0.04641381742465219
0.9373964569544476
0.4416382927669569
0.039170578534704764
78.08030980389886
0.6285661472340285
0.2233107119178123
4.127047643549154
104.63395844939537
420.16785123719285
26.220386602935086
0.3293654429175587
4.036103073766218
19.20033779442866
0.15273518419377755
0.16036505867014342
60.897069325544386
0.3679641578630408
1.3704727069365663
0.17291273895695966
8.052631578947368
0.42382271468144045
0.6537396121883656
3.3157894736842106
26473.526315789473
105929.15789473684
6618.390350877194
0.6549707602339181
4.473684210526316
0.23545706371191136
0.4737345897238261
0.9336605363627827
0.42096426920695734
2.963381620992703
0.024771838331160364
24843.916897506926
2.056450981664273
319.52411994784876
0.41658946538181063
3.7335153300503663
693.8474576271186
0.04948248224937063
4.080834419817471
63.28683181225554
256.15384615384613
15.779914529914532
0.26166159640735914
0.03362035156425794
0.1126322102552934
0.016931272158774175
