1.0
1.0
1.0
40.0
30.0
1.0
227.3075
180.0
254.0
1.0
1.0
1.0
40.0
30.0
1.0
0.0
0.0
0.0
40.0
30.0
1.0
788.0
8.0
24.58502538071066
14.74746192893401
0.0
24.58502538071066
14.74746192893401
0.0
0.9325760212948146
0.0
0.0
37.788033017659416
40.0
30.0
49.4064773081425
49.4064773081425
742.9166666666666
35.240213484165906
0.2402809009022621
1650.9158630177978
2.22220867708509
788.0
229.0
246.0
44012297.0
0.3682912250368825
8.0
3.0760042037513657
254.0
4.90946043443531
236.247461928934
236.0
224.0
30.0
3.352051897576589
236.33275012516967
0.5573264759150195
44012297.0
0.8908597232600686
40.305513862763796
4.133728380547341
2.0294431427796047
0.28636369289360725
0.12826165163665335
0.12423527103763535
0.06388538445331526
0.3201334847592562
0.06388538445331526
0.34206662766843293
0.0597537919079174
0.848216987679625
0.5775427207799309
-0.14371447598426537
0.28542445717494797
0.9680573077733423
0.9936114615546685
0.9680573077733423
0.9840286538866713
0.06388538445331526
0.9201588061177612
0.5136573363266163
0.047030163872737646
63.94154564236106
0.5455832928038116
0.2906045691800676
4.416263024228906
120.41748895900531
484.1617558352499
30.12609663932382
0.325441196559568
4.096245121714444
22.987917675628406
0.19380283727387748
0.1475253807106599
70.75670336631887
0.4416436725459117
1.921185081231659
0.19213599142701127
10.655172413793103
0.36741973840665876
0.6658739595719382
3.7586206896551726
16572.48275862069
66327.8275862069
4142.458812260536
0.578544061302682
11.827586206896552
0.40784780023781214
0.6589348885798111
1.6668842753512336
0.49624406993237835
2.8283050007138555
0.03680203045685279
15834.14268727705
2.038910265327563
345.89340101522845
0.43895101651678736
3.952298435929811
701.9974619289341
0.05674424746837074
4.133248730964467
65.1015228426396
263.9809644670051
16.193845177664976
0.2589890016920474
0.044870643865273126
0.15677477089256459
0.023269753112398373
