1.0
1.0
1.0
40.0
30.0
1.0
225.40166666666667
175.0
246.0
1.0
1.0
1.0
40.0
30.0
1.0
0.0
0.0
0.0
40.0
30.0
1.0
655.0
4.0
18.129770992366414
15.261068702290077
0.0
18.129770992366414
15.261068702290077
0.0
0.7834006938406045
0.0
0.0
46.40628051037315
40.0
30.0
47.01063709417264
47.01063709417264
604.4166666666666
36.35471235038805
0.24689034376608215
1400.2458935718153
2.3166897453276967
655.0
227.0
240.0
36120301.0
-3.203426503814917e-16
7.0
2.2277542690541288
246.0
4.08171551774372
234.78015267175573
236.0
225.0
21.0
3.235126297914793
234.83078526871995
-0.3479284832805523
36120301.0
1.0
23.777621350737135
1.0
1.0
0.0
0.0
0.0
0.0
1.0
0.0
-3.203426503814917e-16
0.0
1.0
-3.203426503814917e-16
0.0
0.0
1.0
1.0
1.0
1.0
0.0
1.0
-3.203426503814917e-16
0.0
80.0
1.0
0.0
1.0
117.56651189032033
117.56651189032033
117.56651189032033
1.0
3.8358600659580606
6.94977540763939
0.08474766666710573
0.12213740458015265
36.973916726733094
0.10914159479203661
0.10914159479203661
0.10914159479203661
4.0
1.0
0.0
1.0
68339.25
68339.25
68339.25
1.0
1.0
0.25
0.25695716477141656
0.25695716477141656
0.25695716477141656
1.9999999999999987
0.0061068702290076335
41525.1875
1.6155954287418148
306.95114503816797
0.468627702348348
2.25138395198415
655.0
0.0
1.0
66.61832061068702
66.61832061068702
66.61832061068702
1.0
0.01961334983526914
0.01961334983526914
0.01961334983526914
