1.0
1.0
1.0
40.0
30.0
1.0
245.46833333333333
227.0
255.0
1.0
1.0
1.0
40.0
30.0
1.0
0.0
0.0
0.0
40.0
30.0
1.0
611.0
5.0
19.810147299509
19.134206219312603
0.0
19.810147299509
19.134206219312603
0.0
0.8240179343892847
0.0
0.0
37.42097904435602
37.0
30.0
48.82622246293481
48.82622246293481
569.0833333333334
30.835557854954956
0.25645401852948274
1294.966480028422
2.275530496462302
611.0
249.0
255.0
39344980.0
0.5038036470973026
1.0
5.86814171426499
255.0
1.7831571221549343
253.74795417348608
255.0
246.0
9.0
0.8738916160890104
253.76052218313615
-2.0634377510064366
39344980.0
0.8021863222267165
6.37837142834183
3.782199892621925
1.9394214956069655
0.34597632410313084
-0.20883312893322653
0.15531888654976733
0.07212918839794372
0.356685791335391
0.07212918839794372
0.37316195290933796
0.06686340959290209
0.8194125529332423
0.6062498954677624
-0.1535270055553255
0.300522054351435
0.9639354058010281
0.9855741623204113
0.9639354058010281
0.9759569372006853
0.07212918839794372
0.9033569014079939
0.5341207070698191
0.05686201873692776
53.31750426424048
0.5071531610550818
0.2464234194724591
2.4220679134576306
100.14416099982978
396.42399840720634
26.074201647985646
0.6444830216355923
3.253828096204333
29.95269344540209
0.28357574725089985
0.17266775777414073
62.27812005128799
0.5437408442489358
0.7652083611611679
0.4883739650208778
19.23076923076923
0.7396449704142012
0.13017751479289943
1.4615384615384615
9817.26923076923
39207.692307692305
2469.6634615384614
0.8846153846153846
5.846153846153846
0.22485207100591717
0.47345756888337104
0.47942757440694794
0.47196506750247685
2.7941503793204276
0.0425531914893617
9265.01923076923
1.9308740679383298
281.9950900163666
0.4615304255587015
5.1459039271833085
490.13584288052374
0.09890683888664178
3.6661211129296234
63.189852700490995
250.088379705401
16.465220949263504
0.3334697217675941
0.04795598529767729
0.09485040054695577
0.03623238148535768
