1.0
1.0
1.0
40.0
30.0
1.0
234.07
197.0
252.0
1.0
1.0
1.0
40.0
30.0
1.0
0.0
0.0
0.0
40.0
30.0
1.0
1009.0
2.0
20.399405351833497
13.643211100099109
0.0
20.399405351833497
13.643211100099109
0.0
0.6852036013813486
0.0
0.0
44.30419933386011
40.0
30.0
48.25971404805462
48.25971404805462
973.1666666666666
30.357396939878097
0.22774525606386853
2085.257066895682
2.1427543074797213
1009.0
232.0
244.0
56969906.0
0.05252018825566867
6.0
2.9616668443787857
252.0
3.6651602377413974
237.57185332011892
237.0
227.0
25.0
2.654795918367347
237.61681389954305
0.10399247974061585
56969906.0
0.988177757958355
21.364757813965692
1.0147056521760849
1.0063055915805936
0.04068152533274774
0.024546815438908937
0.016641043540578958
0.008422245131390971
0.32909543573697553
0.008422245131390971
0.06992704596711802
0.00834885660286642
0.9791194990611487
0.09979484540101824
-0.19146814527600758
0.13960706201226153
0.9957888774343046
0.9983155509737218
0.9957888774343046
0.997192584956203
0.008422245131390971
0.989483285853711
0.0913726002696276
0.006265822167992482
57.7520038369174
0.8825045850593886
0.058747707470305714
1.1883043750382671
402.4661475376379
402.9990555672719
402.33292053022933
0.9529239062404332
4.355469247080225
4.371147265516045
0.069356696802885
0.06466798810703667
118.16963461795105
0.12923489129181423
0.24950429471011756
0.0991675404372384
2.0
0.5
0.25
2.5
250008.75
250028.25
250003.875
0.625
1.0
0.25
0.2877780277777778
1.0677780277777777
0.09277802777777777
1.9999999999999987
0.003964321110009911
186378.6875
1.1039923984098163
672.1080277502477
0.6661130106543586
1.4211560769722644
997.0713577799802
0.005911121020822508
1.0178394449950445
73.37661050545094
73.65014866204163
73.30822596630327
0.9955401387512388
0.016442226406034276
0.02035534170170656
0.015463947582116208
