1.0
1.0
1.0
40.0
30.0
1.0
222.46916666666667
174.0
247.0
1.0
1.0
1.0
40.0
30.0
1.0
0.0
0.0
0.0
40.0
30.0
1.0
699.0
4.0
18.779685264663804
14.972818311874105
0.0
18.779685264663804
14.972818311874105
0.0
0.6287912455499746
0.0
0.0
55.75370957534386
40.0
30.0
49.4064773081425
49.4064773081425
643.1666666666666
35.05744448791201
0.24117086473297528
1494.0838431748894
2.3230119354882968
699.0
225.0
242.0
38371447.0
0.37687898255743424
9.0
2.2900300171231613
247.0
4.92215529644843
234.22174535050073
235.0
221.0
26.0
4.076385644676781
234.29633792017324
-0.36860229866074173
38371447.0
0.8647239772329569
34.94796776920227
3.8124121347800304
1.9479083657387422
0.3089310240253566
-0.18557470094945522
0.13487905266892303
0.06262592487239113
0.3669719855317719
0.06262592487239113
0.3372947144279249
0.05866560746029023
0.8425819037690526
0.5436529221441664
-0.1589832118986057
0.29696692703548244
0.9686870375638044
0.9874748150255217
0.9686870375638044
0.9791246917092029
0.06262592487239113
0.9165954033025464
0.4810269972717755
0.04937624438532854
72.49467959238439
0.5731098024261136
0.21344509878694315
3.0542163032920993
72.91656867587592
289.54785543547393
18.758746985976416
0.4864459241769752
3.6837477368008518
16.282853517907494
0.13124799839200668
0.17882689556509299
38.07237083672192
0.31478656572398434
0.5197530460514538
0.26354494564211695
21.08695652173913
0.9168241965973535
0.04158790170132325
1.1304347826086956
18267.521739130436
73037.60869565218
4575.0
0.967391304347826
8.304347826086957
0.3610586011342155
0.6192298312470895
0.6192301418770968
0.6192297535895877
2.0841829849337845
0.032904148783977114
17343.890359168243
2.079934350111738
263.7439198855508
0.3773160513384131
3.8388910378816257
604.4420600858369
0.06763801138352153
3.781115879828326
61.13447782546495
241.97567954220315
15.9241773962804
0.30472103004291845
0.042046691842105355
0.09357661000075333
0.029164212302443364
