1.0
1.0
1.0
40.0
30.0
1.0
237.14916666666667
187.0
255.0
1.0
1.0
1.0
40.0
30.0
1.0
0.0
0.0
0.0
40.0
30.0
1.0
895.0
2.0
16.587709497206703
15.12513966480447
0.0
16.587709497206703
15.12513966480447
0.0
0.7535308240683007
0.0
0.0
43.90517924498087
40.0
30.0
49.4064773081425
49.4064773081425
840.25
33.083905897336884
0.2269314630147781
1897.5581441550864
2.2583256699257204
895.0
234.0
254.0
53347361.0
0.856059065953342
12.0
1.7840280378948925
255.0
6.299601136044444
244.03463687150838
244.0
231.0
24.0
5.457439703153989
244.14337989004346
-0.021365165551068387
53347361.0
0.5964071033987703
53.08595112512094
1.8356539962452274
1.295159040757801
1.0515047612439226
0.5595265683828818
0.7324826548837171
0.09964625205635114
0.7606797315156486
0.09964625205635114
0.4652223695914302
0.08938839251741407
0.4945471540125518
1.3256495423432082
-0.4856164032703244
0.7544911685556228
0.9501768739718244
0.9800707495887298
0.9501768739718244
0.966784582647883
0.09964625205635114
0.6550178332140234
1.2260032902868572
0.2080322267350171
95.87652227160197
0.5691959222592875
0.21540203887035625
1.9429895826680843
51.01777322553569
87.76297764575061
41.83147212048196
0.764252604332979
4.330126292969201
19.023746795399866
0.10890292159987258
0.188268156424581
19.32970922326427
0.23944963148365112
0.45475942767825217
0.18562218243500087
5.0
0.5555555555555556
0.2222222222222222
3.0
45067.88888888889
55641.555555555555
42424.47222222222
0.5
1.0
0.1111111111111111
0.11436427959967727
0.45465050559096454
0.029292723101855458
3.169925001442309
0.01005586592178771
35178.691358024684
3.0583622967452007
261.3195530726257
0.29197715427109017
3.0186773196841545
533.7843575418995
0.20179644830061483
1.841340782122905
59.17653631284916
106.95195530726257
47.23268156424581
0.7896648044692738
0.023961122582697468
0.04759967946417136
0.018051483362328997
