1.0
1.0
1.0
40.0
30.0
1.0
214.76
158.0
240.0
1.0
1.0
1.0
40.0
30.0
1.0
0.0
0.0
0.0
40.0
30.0
1.0
641.0
1.0
22.3198127925117
11.455538221528862
0.0
22.3198127925117
11.455538221528862
0.0
0.5655798158254854
0.0
0.0
46.01956090146834
40.0
30.0
47.01063709417264
47.01063709417264
600.6666666666666
26.027734779022172
0.2532825939571639
1359.2556089799532
2.262911668668069
641.0
218.0
236.0
33768707.0
0.7928542429328369
9.0
2.55293702798682
240.0
5.586230563107079
229.42433697347894
232.0
214.0
26.0
4.124849063073004
229.52405140116986
-0.7865251661256557
33768707.0
0.6365663050859007
45.76377588644887
3.3597366875983217
1.8098842330977645
0.8595472395700585
-0.5014482904696504
0.4757761810034594
0.13983202338994477
0.5431006830090949
0.13983202338994477
0.5815538703576209
0.11990385814743643
0.5722920396558615
1.2216946365539743
-0.256482829755102
0.5432509150612703
0.9300839883050276
0.972033595322011
0.9300839883050276
0.9533893255366851
0.13983202338994477
0.7399682214027923
1.0818626131640299
0.15390205109835103
74.35279274979337
0.5126794213567645
0.2436602893216178
2.2680527584079346
51.34443729658893
195.39242394068253
15.332440635565526
0.6829868103980163
3.5358870170964045
33.17296627180458
0.2219669404888372
0.2265990639625585
30.189837428913844
0.4596261779601333
0.7330921564034694
0.3912596833492993
5.0
0.625
0.1875
1.75
30462.625
119401.375
8227.9375
0.8125
1.25
0.15625
0.25859621403380223
0.633597795184796
0.16484581874605386
2.9999999999999973
0.0124804992199688
24042.609375
2.743551513547593
188.59438377535102
0.2942190074498456
4.62953993978792
408.0390015600624
0.1817168474570496
3.28393135725429
56.285491419656786
207.81123244929796
18.40405616224649
0.4290171606864275
0.03409268211242433
0.08319117048506582
0.021818060019263962
