1.0
1.0
1.0
40.0
30.0
1.0
247.0775
215.0
255.0
1.0
1.0
1.0
40.0
30.0
1.0
0.0
0.0
0.0
40.0
30.0
1.0
1128.0
1.0
19.430851063829788
14.669326241134751
0.0
19.430851063829788
14.669326241134751
0.0
0.7072383222869856
0.0
0.0
46.372737948143744
40.0
30.0
49.4064773081425
49.4064773081425
1093.25
32.79657738629921
0.22124898291132258
2319.614592828591
2.1217604324981396
1128.0
243.0
253.0
69462432.0
0.9550849230943126
5.0
2.413653644833245
255.0
2.826304008852673
248.12943262411346
248.0
240.0
15.0
2.329775784032996
248.1535214595311
-0.23494865142619345
69462432.0
0.530808309441175
11.95487840148886
2.040508917403298
1.3794835083987727
0.8420307984464848
0.3125025073643161
0.7459874222327432
0.1958832155860393
0.5841024622772639
0.1958832155860393
0.7075805761179773
0.15621423411534144
0.3728504469752674
1.6545324244813677
-0.27234256955958885
0.6291373249668676
0.9020583922069804
0.9608233568827922
0.9020583922069804
0.9347055948046535
0.1958832155860393
0.5225748838082078
1.458649208895329
0.2354676594546956
133.05007995065975
0.5034915371679687
0.24825423141601566
2.3806360334561423
37.41104011985968
67.1226484412381
29.983138039515076
0.6548409916359644
4.169266358063111
37.354032235443555
0.13647750224011085
0.23426418439716312
16.940193666284493
0.27910609398528824
0.7187972880183746
0.1691832954770166
11.125
0.6953125
0.15234375
3.4375
30853.125
38142.0
29030.90625
0.390625
1.25
0.078125
0.030951308782510695
0.12146107238536775
0.008323867881796435
3.8749999999999947
0.014184397163120567
25882.875
3.436348567930749
240.89716312056737
0.21356131482319804
3.278478824002817
598.7517730496454
0.23459584527941252
2.127659574468085
54.05673758865248
108.87056737588652
40.353280141843975
0.7180851063829787
0.02720827673891989
0.06375337877303536
0.018072001230391026
