1.0
1.0
1.0
40.0
30.0
1.0
232.3325
201.0
246.0
1.0
1.0
1.0
40.0
30.0
1.0
0.0
0.0
0.0
40.0
30.0
1.0
750.0
1.0
19.186666666666667
14.929333333333334
0.0
19.186666666666667
14.929333333333334
0.0
0.6999540410624607
0.0
0.0
48.68096659609219
40.0
30.0
49.4064773081425
49.4064773081425
696.6666666666666
34.074439291761394
0.23704696765332553
1603.2444356560973
2.301307802377173
750.0
233.0
244.0
43158686.0
-3.203426503814917e-16
6.0
2.438730633164452
246.0
3.5318399999999963
239.848
241.0
230.0
16.0
2.74842112
239.88521143802646
-0.702794734721687
43158686.0
1.0
17.851562666666666
1.0
1.0
0.0
0.0
0.0
0.0
1.0
0.0
-3.203426503814917e-16
0.0
1.0
-3.203426503814917e-16
0.0
0.0
1.0
1.0
1.0
1.0
0.0
1.0
-3.203426503814917e-16
0.0
86.25
1.0
0.0
1.0
127.53338994790826
127.53338994790826
127.53338994790826
1.0
3.918888045922671
7.184408196959079
0.07990385046262749
0.11499999999999999
37.337234576850186
0.0875104200283874
0.0875104200283874
0.0875104200283874
1.0
1.0
0.0
1.0
562500.0
562500.0
562500.0
1.0
1.0
1.0
1.7777777777777777e-06
1.7777777777777777e-06
1.7777777777777777e-06
-3.203426503814917e-16
0.0013333333333333333
0.0
1.5632634512189463
355.0933333333333
0.47345777777777776
1.9802666666666666
750.0
0.0
1.0
67.26666666666667
67.26666666666667
67.26666666666667
1.0
0.01757122763920383
0.01757122763920383
0.01757122763920383
