1.0
1.0
1.0
40.0
30.0
1.0
239.84
213.0
249.0
1.0
1.0
1.0
40.0
30.0
1.0
0.0
0.0
0.0
40.0
30.0
1.0
960.0
1.0
19.695833333333333
13.409375
0.0
19.695833333333333
13.409375
0.0
0.730177824061048
0.0
0.0
49.55266046813836
40.0
30.0
48.82622246293481
48.82622246293481
908.8333333333334
36.182253797061186
0.2249320584166611
2017.2308365026954
2.2195828019468498
960.0
238.0
247.0
56844187.0
-3.203426503814917e-16
5.0
2.7572783196822406
249.0
2.839466145833335
243.31145833333332
244.0
235.0
14.0
2.0765228527975648
243.33658744970242
-0.7198122853431033
56844187.0
1.0
12.229035373263887
1.0
1.0
0.0
0.0
0.0
0.0
1.0
0.0
-3.203426503814917e-16
0.0
1.0
-3.203426503814917e-16
0.0
0.0
1.0
1.0
1.0
1.0
0.0
1.0
-3.203426503814917e-16
0.0
81.25
1.0
0.0
1.0
258.6665026515773
258.6665026515773
258.6665026515773
1.0
4.041722827476503
6.179318066045145
0.0778789822523215
0.08463541666666666
78.3908492341433
0.04418494799370628
0.04418494799370628
0.04418494799370628
1.0
1.0
0.0
1.0
921600.0
921600.0
921600.0
1.0
1.0
1.0
1.0850694444444444e-06
1.0850694444444444e-06
1.0850694444444444e-06
-3.203426503814917e-16
0.0010416666666666667
0.0
1.2067761361802947
564.8916666666667
0.5884288194444445
1.5498914930555556
960.0
0.0
1.0
70.82083333333334
70.82083333333334
70.82083333333334
1.0
0.015926623880647937
0.015926623880647937
0.015926623880647937
