1.0
1.0
1.0
40.0
30.0
1.0
245.34416666666667
213.0
255.0
1.0
1.0
1.0
40.0
30.0
1.0
0.0
0.0
0.0
40.0
30.0
1.0
801.0
6.0
25.32334581772784
14.46816479400749
0.0
25.32334581772784
14.46816479400749
0.0
0.9782802692869348
0.0
0.0
36.943182188473486
40.0
30.0
48.60041152089147
48.60041152089147
751.0
36.140786219656135
0.23728701104666752
1683.8501889380502
2.2421440598376168
801.0
245.0
255.0
50418781.0
0.830006719631172
4.0
2.8721337454862166
255.0
2.684958408730657
250.86516853932585
252.0
243.0
12.0
2.1002179460216017
250.88801337634703
-0.8967110906806158
50418781.0
0.6131240443827239
11.462469665726829
3.301595154813041
1.781478016300372
1.0798641879828719
-0.622001937002929
0.5970245646803333
0.0856777881761499
0.7470010792800036
0.0856777881761499
0.41789043956435845
0.0779376676461005
0.580711155925658
1.1477991395744938
-0.4817674184783877
0.7147771335828556
0.9571611059119249
0.98286444236477
0.9571611059119249
0.9714407372746167
0.0856777881761499
0.738639122212297
1.0621213513983443
0.17067558821412077
71.9969152603883
0.5194087553189097
0.24029562234054516
2.213289330430049
89.13315809840374
332.81203256611536
28.213439481475852
0.6966776673924877
3.8007889479058568
21.05655787991117
0.14759141299018325
0.17322097378277154
50.37740681341155
0.30872532083336224
0.5376190441940725
0.2515018899931846
7.571428571428571
0.5408163265306123
0.22959183673469388
2.0714285714285716
24588.071428571428
95946.28571428571
6748.517857142857
0.7321428571428571
1.4285714285714286
0.10204081632653061
0.22243024448456844
0.6639469231078668
0.11205107482874387
3.664497779200457
0.017478152309612985
21314.59693877551
2.5480712074878515
298.0736579275905
0.372126913767279
3.4154778437066025
491.1123595505618
0.19343797780863806
3.2134831460674156
61.39200998751561
216.354556803995
22.651373283395756
0.44662921348314605
0.02713476029427816
0.07358924887289729
0.015521138149623375
