1.0
1.0
1.0
40.0
30.0
1.0
230.81666666666666
150.0
255.0
1.0
1.0
1.0
40.0
30.0
1.0
0.0
0.0
0.0
40.0
30.0
1.0
889.0
2.0
19.686164229471316
16.874015748031496
0.0
19.686164229471316
16.874015748031496
0.0
0.6528617936416944
0.0
0.0
50.217996337512105
40.0
30.0
49.4064773081425
49.4064773081425
839.8333333333334
32.785411162000194
0.23049459479807308
1867.606819293077
2.2237826782612546
889.0
228.8
255.0
52480581.0
1.194449265549822
17.0
2.0976594931629644
255.0
8.524108558421199
242.7660292463442
244.0
220.0
35.0
7.2143625
242.96764077895597
-0.4391362994272476
52480581.0
0.48317202756854494
97.92950965493769
5.6162747505161
2.32765131105724
1.9280778552156022
0.1729700781978272
0.9720050939497391
0.17886887341600988
0.6890420330092747
0.17886887341600988
0.6729708659008391
0.14591354109797694
0.3636009479699972
1.846202012955127
-0.3720471094367396
0.7506700095993433
0.9105655632919951
0.982113112658399
0.9105655632919951
0.9552827816459976
0.17886887341600988
0.5154616202968508
1.6673331395391178
0.2877184918414373
87.29542919230187
0.39096486084830145
0.46878227450012155
5.0823263265540195
33.48612962380956
185.11307859351078
7.162837214433108
0.3345654096028535
4.2592602785122
37.17917153452148
0.1619767996225875
0.25
15.8864966331791
0.3565035191547656
1.3740404747833845
0.18764367516506916
16.0625
0.501953125
0.7412109375
3.28125
8969.21875
41688.65625
2083.9079861111113
0.7074652777777778
5.3125
0.166015625
0.35770900421921586
0.4666215881865106
0.3454876055554619
3.3457594697016346
0.0359955005624297
8197.4208984375
3.565962874023927
191.8188976377953
0.2157692886814345
4.168728908886389
429.53993250843644
0.3127185029880264
5.59392575928009
53.168728908886386
307.3532058492688
10.918697662792152
0.24021997250343705
0.040790038539683666
0.15831972392339846
0.02170825232789307
