1.0
1.0
1.0
40.0
30.0
1.0
228.195
166.0
255.0
1.0
1.0
1.0
40.0
30.0
1.0
0.0
0.0
0.0
40.0
30.0
1.0
775.0
2.0
18.361290322580643
14.273548387096774
0.0
18.361290322580643
14.273548387096774
0.0
0.7469477372612808
0.0
0.0
47.167837315957165
40.0
30.0
49.4064773081425
49.4064773081425
712.1666666666666
35.23190935466241
0.22969439770532377
1679.0159301504357
2.357616564685845
775.0
227.0
251.0
44444964.0
0.7390590604931104
13.0
1.9885969822400131
255.0
7.08716087408949
239.3264516129032
239.0
224.0
31.0
5.6073039041177175
239.4751357555963
-0.03066148302719881
44444964.0
0.7150468262226848
71.19020353798128
4.694314816031892
2.1489037740888848
0.9346459853917206
0.455105955024357
0.45198277761509004
0.1459012172208669
0.5131245031012358
0.1459012172208669
0.5958961401872273
0.12397420445227252
0.5888735550499778
1.2740334197068128
-0.23564491693998452
0.5291706378855339
0.9270493913895665
0.9854098782779134
0.9270493913895665
0.9635246956947833
0.1459012172208669
0.7553990631027812
1.1281322024859466
0.14947099870898925
106.8937314450618
0.5292617060055645
0.290814809148522
4.9854210410237
32.18830680163165
138.34253746469022
7.833489123469498
0.2734013136314052
3.95081547700043
34.94955320949658
0.1680127278166943
0.25903225806451613
15.793011192021323
0.33800515516327
1.6144670683111315
0.12748322198358444
11.0
0.4583333333333333
0.8541666666666665
3.9166666666666665
11101.458333333334
45020.583333333336
2758.7604166666665
0.6412037037037037
7.666666666666667
0.3194444444444444
0.5672895443974756
0.6889298009584414
0.5537731743391318
2.4972243200613944
0.03096774193548387
10058.70659722222
3.1103880599759006
153.86451612903227
0.19853485952133196
3.6644561914672216
554.1612903225806
0.15109261186264306
4.683870967741935
51.65806451612903
231.95096774193547
12.229283154121864
0.24390681003584228
0.04335162285941855
0.15436180641910288
0.02297982796895474
