1.0
1.0
1.0
40.0
30.0
1.0
217.49083333333334
133.0
254.0
1.0
1.0
1.0
40.0
30.0
1.0
0.0
0.0
0.0
40.0
30.0
1.0
948.0
2.0
17.610759493670887
14.64451476793249
0.0
17.610759493670887
14.64451476793249
0.0
0.7116013897602205
0.0
0.0
45.072846522078194
40.0
30.0
49.4064773081425
49.4064773081425
902.9166666666666
32.07390022555996
0.22814605052707415
1980.1721549294607
2.1930840663731916
948.0
211.0
248.0
50631907.0
1.1810972208400277
24.0
1.95797644142189
254.0
12.019982107568232
230.69303797468353
233.0
200.0
54.0
9.724645980841318
231.10427213523363
-0.32878319428323616
50631907.0
0.48523429293738546
189.9068291673343
3.132531089735212
1.7096115624182864
2.525586291786812
-0.07923779694519636
1.017018235253395
0.1780286058698107
0.7016820719759029
0.1780286058698107
0.6701517074979102
0.14516011160825132
0.36269525750990766
1.8851496246864787
-0.38028187457972484
0.7610701450531923
0.9109856970650947
0.9821971394130189
0.9109856970650947
0.9554928485325473
0.1780286058698107
0.527886554068123
1.7071210188166681
0.29876171028080145
94.68155819178826
0.41636594518073256
0.4251232894406525
3.1342315588527576
36.023351374756224
120.3421048420875
15.528934144022752
0.5756678097364463
4.348959523305476
36.59522384396548
0.153741840470573
0.23971518987341772
16.86293734741343
0.35093203046105376
1.1285575347601675
0.2128677822631825
4.714285714285714
0.336734693877551
0.7142857142857143
4.714285714285714
27656.85714285714
94459.5
10999.847222222223
0.46825396825396826
2.0
0.14285714285714285
0.2447113755656356
1.1286185918282878
0.10810650957561431
3.664497779200457
0.014767932489451477
23071.63265306122
3.6170279714983518
205.40084388185653
0.2166675568374014
3.782259787427229
460.0021097046413
0.3071745535793765
3.159282700421941
53.94092827004219
171.68881856540085
25.90573722456634
0.5117498827941867
0.031906424147639986
0.10668580015026796
0.017318871504688766
