1.0
1.0
1.0
40.0
30.0
1.0
232.11833333333334
123.0
255.0
1.0
1.0
1.0
40.0
30.0
1.0
0.0
0.0
0.0
40.0
30.0
1.0
1106.0
1.0
20.820976491862567
15.370705244122966
0.0
20.820976491862567
15.370705244122966
0.0
0.7310579424174765
0.0
0.0
44.78913153276388
40.0
30.0
49.4064773081425
49.4064773081425
1073.4166666666667
32.74345034100808
0.2236181001133163
2267.1977084357295
2.112132016243207
1106.0
226.0
250.0
63279860.0
0.9290907700894968
9.0
5.797948480717208
255.0
7.144933602346562
238.98372513562387
241.0
196.0
59.0
4.250969140136137
239.19670418118065
-1.4457164466819465
63279860.0
0.6660611688995419
101.84241143982028
9.223779924058533
3.014323302418628
2.5302507294640613
-0.10706522748723497
0.668434437999853
0.11791528049314377
0.6998596161499427
0.11696843640112826
0.5205032540124076
0.10386250863121664
0.5786482470082893
1.4289844406168086
-0.4235069713698214
0.7292502618341414
0.9416104662086374
0.9930805160432036
0.9416735891481052
0.9766378741895082
0.1161399478206147
0.7525191801268201
1.3089483126655574
0.19658742962324915
69.1866132187532
0.39756804988589495
0.5187465189003035
9.781756319207567
98.13160787013904
887.0015314572346
11.210987550601853
0.14234181935965087
4.84865184930647
18.669257653818697
0.10492671505435217
0.15596745027124773
51.556833982281425
0.25680677243468075
2.5479500315850023
0.05127464234355375
7.0
0.4117647058823529
1.467128027681661
10.823529411764707
47053.05882352941
423050.23529411765
5262.929330065359
0.26388888888888884
1.7058823529411764
0.10034602076124567
0.22618774571088632
1.5542155129043587
0.13945971039773336
3.852168723603276
0.015370705244122965
42820.40830449828
2.7934445743739045
397.43037974683546
0.3593403071852038
2.972983136532934
736.6636528028934
0.20606653172404998
9.260397830018084
63.070524412296564
574.7287522603979
7.402645921237693
0.12145243118344384
0.02485893670977198
0.22848797267885787
0.004936581837567069
