1.0
1.0
1.0
40.0
30.0
1.0
232.285
144.0
255.0
1.0
1.0
1.0
40.0
30.0
1.0
0.0
0.0
0.0
40.0
30.0
1.0
880.0
1.0
19.326136363636362
13.360227272727272
0.0
19.326136363636362
13.360227272727272
0.0
0.6975633288105304
0.0
0.0
47.80300799609138
40.0
30.0
49.4064773081425
49.4064773081425
829.6666666666666
33.34562538490991
0.23025149372574966
1854.4598259652737
2.2351866122522384
880.0
230.0
255.0
52222085.0
1.0404522557678857
16.0
2.0617627067280946
255.0
7.7258522727272725
243.4375
245.0
223.0
32.0
6.65742833995602
243.6047585928709
-0.4376416102103373
52222085.0
0.5307877066115703
81.46200284090911
5.669724989805365
2.350119347202086
1.0969580818157625
0.30563600837555654
0.7881945425459362
0.20173333705628466
0.5930003435229898
0.20173333705628466
0.718808007301298
0.15952035455975672
0.37047113473250803
1.7525681327591311
-0.27691486151421046
0.6477170672540036
0.8991333314718577
0.9798266662943715
0.8991333314718577
0.949566665735929
0.20173333705628466
0.5290190619466946
1.5508347957028472
0.2474819699005552
115.69054651170387
0.47781539010948765
0.32644338901040815
5.467035974065248
24.151736329767754
137.0048794234388
4.96561087380039
0.2529204425162371
4.060763487769167
38.61851646653112
0.15473565523769345
0.27386363636363636
9.480691277362633
0.3215248756419353
1.5753679779871654
0.1144748788292281
9.952380952380953
0.47392290249433106
0.7936507936507936
3.5714285714285716
11910.380952380952
57999.09523809524
2690.5833333333335
0.6746031746031745
5.857142857142857
0.2789115646258503
0.5249745065444164
0.6295181353806893
0.513357353761417
2.5840236870150863
0.023863636363636365
10154.371882086165
3.580369204815196
160.36136363636365
0.18222882231404958
3.5703719008264465
467.0931818181818
0.252891270661157
5.6215909090909095
49.93409090909091
283.3420454545454
10.186900252525254
0.2170770202020202
0.040349389587484824
0.17260659457385646
0.018488106491661382
