1.0
1.0
1.0
40.0
30.0
1.0
230.81333333333333
122.0
255.0
1.0
1.0
1.0
40.0
30.0
1.0
0.0
0.0
0.0
40.0
30.0
1.0
944.0
2.0
16.779661016949152
13.140889830508474
0.0
16.779661016949152
13.140889830508474
0.0
0.7594433464495356
0.0
0.0
44.65249470515403
40.0
30.0
49.4064773081425
49.4064773081425
896.0833333333334
33.91104000620234
0.22741647913824606
1976.4892632167928
2.205698052506418
944.0
224.0
255.0
55812242.0
1.364963116478605
18.0
2.489383627946048
255.0
9.611426314277509
242.88135593220338
245.0
215.0
40.0
7.773528724577676
243.15249888056755
-0.7451248081340611
55812242.0
0.4199022371444987
131.78465239873597
5.642100295018495
2.3174591269623304
3.8365487808003307
-0.3755313833916383
1.288083422899715
0.20238037569363856
0.7274714754262055
0.20238037569363856
0.7177572429246806
0.1593439039454742
0.30311561416725297
2.095810369343986
-0.39144410703807647
0.7925886421429007
0.8988098121531807
0.9797619624306362
0.8988098121531807
0.9494049060765904
0.20238037569363856
0.425355837137188
1.8934299936503476
0.3726159496483384
89.40148238449473
0.3552196175157691
0.5497732549412488
4.881670748387057
28.50133786256864
170.80692950994526
6.238072449810508
0.3843160686220871
4.329885756965744
43.31364158899131
0.16469031180830654
0.2658898305084746
12.519957022241936
0.3608523868619205
1.3237005560366686
0.2025224168191409
8.238095238095237
0.3922902494331066
0.7528344671201814
3.857142857142857
12168.857142857143
62769.76190476191
2720.4828042328045
0.6031746031746031
1.6666666666666667
0.07936507936507936
0.19621319027206616
0.2741170451202502
0.18243540644657186
3.975418017913828
0.022245762711864406
10148.140589569159
3.854776151726006
183.84110169491527
0.19474692976156277
4.04951881643206
396.38771186440675
0.41046821136167766
5.621822033898305
51.28601694915254
306.2404661016949
11.43276247645951
0.2741584274952919
0.03549950526938647
0.15627708674296775
0.01643952833583388
