1.0
1.0
1.0
40.0
30.0
1.0
245.11916666666667
231.0
255.0
1.0
1.0
1.0
40.0
30.0
1.0
0.0
0.0
0.0
40.0
30.0
1.0
834.0
4.0
20.23621103117506
12.936450839328538
0.0
20.23621103117506
12.936450839328538
0.0
0.7551581382476776
0.0
0.0
45.72341159608357
40.0
30.0
49.4064773081425
49.4064773081425
754.0
34.528406375230745
0.21850395446583348
1833.4640007376474
2.431649868352318
834.0
244.0
251.0
51042827.0
0.6272642794525787
3.0
3.573470400562187
255.0
1.8426985030680496
247.3800959232614
247.0
244.0
11.0
1.5394990708285359
247.39124975559562
0.7416723510452495
51042827.0
0.735196015849191
5.518596633484579
1.4610760585117746
1.178409072077356
0.7987859662548128
0.46841684831313013
0.437930909599792
0.14830231544058667
0.4955715115515252
0.14830231544058667
0.6017974214936718
0.12567419758101675
0.5812091898987938
1.206628126380772
-0.21733195565836783
0.49710347959362633
0.9258488422797067
0.9703395369118827
0.9258488422797067
0.9505658948531378
0.14830231544058667
0.7474397702023506
1.0583258109401859
0.14655830626009464
148.2000084932076
0.6280869840018644
0.18595650799906785
1.7417517418544746
25.711103600871425
31.943339688870815
24.153044578871576
0.8145620645363814
3.6522526092544227
41.12761992020262
0.16828777331254838
0.2817745803357314
10.830696443412446
0.35236510116317854
0.7364825961504984
0.2563357274163486
11.777777777777779
0.654320987654321
0.1728395061728395
3.3333333333333335
18729.444444444445
19276.61111111111
18592.652777777777
0.4166666666666667
2.4444444444444446
0.13580246913580246
0.26144159462297945
1.0407442734919874
0.0666159249057274
3.169925001442308
0.02158273381294964
16582.666666666664
3.2123746541829212
155.57314148681056
0.18653853895301026
3.705168239509112
613.1534772182255
0.13240199207540443
1.4712230215827338
49.21103117505995
65.71103117505996
45.08603117505995
0.8821942446043165
0.035979617288784245
0.07556054891536505
0.026084384382139034
