1.0
1.0
1.0
40.0
30.0
1.0
228.40083333333334
133.0
255.0
1.0
1.0
1.0
40.0
30.0
1.0
0.0
0.0
0.0
40.0
30.0
1.0
1007.0
1.0
17.523336643495533
14.595829195630586
0.0
17.523336643495533
14.595829195630586
0.0
0.7898066215763205
0.0
0.0
45.84868543690748
40.0
30.0
49.4064773081425
49.4064773081425
962.25
36.21159534863934
0.2246662503711619
2097.997182265868
2.1803036448593067
1007.0
228.0
250.39999999999998
58193103.0
0.8695536516056325
11.0
5.040526848106969
255.0
6.994521960970328
240.21151936444886
242.0
204.0
51.0
4.564655049117395
240.39256003371455
-1.188745916422939
58193103.0
0.678321264554277
87.00888418606988
4.440193821156285
2.0863913452776788
1.4224574392239022
0.259420778072384
0.5133022733947775
0.16467891048852445
0.5144710186512522
0.16197571182901038
0.6440279378891236
0.13800545435098263
0.5664568453590378
1.4473642266446765
-0.23195346467775657
0.5569579287957185
0.9192824639514463
0.983656871966202
0.9194626771954137
0.959641231975723
0.15961041300193557
0.7433958481254199
1.2733460130071423
0.1694952959708255
89.5161625203773
0.4027080084331154
0.45226542536654435
4.65344189628717
54.7163252506155
229.10302141259484
13.733158576307826
0.3673190191098236
4.28031725600297
38.86096159168286
0.1737142993099234
0.21946375372393248
32.475437160053744
0.39422106580023114
1.7417779403290785
0.1990652816329838
14.612903225806452
0.4713839750260146
0.963579604578564
5.225806451612903
21665.129032258064
87225.2258064516
5409.047491039427
0.5170250896057348
3.838709677419355
0.12382934443288242
0.31435437373656866
1.6372937211582954
0.1673610927754803
4.026619294188047
0.030784508440913606
20609.927159209157
2.998148158833186
261.3753723932473
0.25955846315118897
4.125029461100992
683.069513406157
0.18411930784409827
4.458788480635551
56.60476663356504
246.99106256206554
14.06501710250469
0.27763985435286326
0.037618980690220113
0.17290737434957065
0.01601380200390748
