1.0
1.0
1.0
40.0
30.0
1.0
203.47166666666666
71.0
255.0
1.0
1.0
1.0
40.0
30.0
1.0
0.0
0.0
0.0
40.0
30.0
1.0
845.0
2.0
21.3301775147929
12.610650887573964
0.0
21.3301775147929
12.610650887573964
0.0
0.6508397289484001
0.0
0.0
49.67079984282678
40.0
30.0
49.4064773081425
49.4064773081425
802.8333333333334
32.32772990635562
0.2366146672322243
1765.4661415850592
2.199044394749918
845.0
213.0
255.0
47462082.0
1.647253447922511
23.0
3.9040714940911894
255.0
13.477665347851964
236.35976331360948
239.0
181.0
74.0
9.930715688085911
236.99819488489408
-1.1476142864124208
47462082.0
0.37021812961731027
302.20666503273696
9.998394039619821
3.0956399140341873
11.939802934783657
-1.3945054400017924
1.9581172600316277
0.29728420225840946
0.7351972451686054
0.262914709926233
0.8868893489041898
0.2260709467400104
0.26267437525416687
2.5059710698892017
-0.392295937929535
0.8350342685411153
0.8719795942701012
0.9831192144377201
0.8742708937589129
0.9485627077591593
0.2328414041355787
0.4285610885121702
2.192795099064123
0.5638503655725092
76.22566564952206
0.29604262655308594
0.8417185883886957
7.357948710088019
27.458340590574448
306.987676694249
3.043038859502532
0.2771575794421786
4.174259732478987
71.60510362844863
0.2717903883705849
0.30414201183431955
15.71819331188701
0.5325597138698316
2.958009500534918
0.19865025166695482
14.44186046511628
0.3358572201189832
0.9280692266089778
4.744186046511628
5152.116279069767
53468.86046511628
532.140503875969
0.4943475452196382
5.837209302325581
0.1357490535424554
0.32167632796557
1.3541348883964552
0.18058294041100698
4.376976022637818
0.05088757396449704
4765.948080043267
4.044400267748557
163.50650887573966
0.19349882707188124
5.779257028815518
312.8343195266272
0.6528959070060572
9.766863905325444
48.902958579881656
543.792899408284
5.437869822485207
0.16840894148586455
0.05632650806322967
0.3556635508027449
0.020936588065489547
