1.0
1.0
1.0
40.0
30.0
1.0
181.82416666666666
48.0
255.0
1.0
1.0
1.0
40.0
30.0
1.0
0.0
0.0
0.0
40.0
30.0
1.0
577.0
6.0
18.785095320623917
16.587521663778162
0.0
18.785095320623917
16.587521663778162
0.0
0.5030444312947845
0.0
0.0
53.86752018145065
40.0
30.0
49.4064773081425
49.4064773081425
523.9166666666666
27.097756054938166
0.25142326559489064
1250.02914181183
2.38593123934181
577.0
197.0
252.0
30921397.0
1.6972274125154634
23.0
2.7762437711765
255.0
15.449318022761613
230.7053726169844
237.0
184.0
71.0
11.057742028152827
231.49501680948913
-0.8989523421402965
30921397.0
0.3714936217631988
364.9738532840336
8.806550589742123
2.903706983038271
12.385448054642154
-1.4081339430162183
1.9256545875768825
0.4265177072778249
0.6360456588421017
0.34265607846857354
1.049534931146827
0.3058368623856462
0.2690417730869807
2.6656123272516643
-0.2938276742593219
0.7655163528441927
0.8370581236466383
0.9764247897956613
0.8425144902984378
0.9342488109501574
0.2705465678363448
0.4823966095737112
2.2176173695741634
0.5880430737136768
65.8939505546
0.2833137535145324
0.9099097173638921
6.278144092504792
14.342054243782094
135.1662681495541
2.009145724339958
0.3626602153257542
3.658899961221409
82.75662037606796
0.35291341951692434
0.4033795493934142
7.968131253591869
0.6128539712054861
2.671109978020122
0.2942067447508003
24.263157894736842
0.42566943674976915
0.5527854724530625
3.1578947368421053
1754.3684210526317
16211.105263157895
198.83187134502924
0.6176900584795322
12.228070175438596
0.21452754693751924
0.4501357916939458
0.8206445560054206
0.3591144811684634
3.5684921680817587
0.09878682842287695
1651.8971991381966
4.150876856089383
78.60138648180242
0.13622424000312378
6.584503002141597
214.3518197573657
0.7365594466087364
8.358752166377815
39.91161178509532
398.7746967071057
4.985581552089351
0.22893799345272484
0.09587854916984447
0.38641324167191754
0.05402527238603146
