1.0
1.0
1.0
40.0
30.0
1.0
217.4225
95.0
255.0
1.0
1.0
1.0
40.0
30.0
1.0
0.0
0.0
0.0
40.0
30.0
1.0
895.0
1.0
21.672625698324023
13.519553072625698
0.0
21.672625698324023
13.519553072625698
0.0
0.6888868951876459
0.0
0.0
47.45775478827302
40.0
30.0
49.4064773081425
49.4064773081425
849.4166666666666
32.693025348670034
0.2311721586228124
1876.2719310349878
2.2088946504875753
895.0
221.0
250.0
50814405.0
1.0102908750470045
7.0
5.505939969710925
255.0
7.643324490496553
238.00111731843575
240.0
198.0
57.0
3.896177997826351
238.2768799283302
-1.5431455828208227
50814405.0
0.6300589869230049
131.33966355606879
9.216779704348422
3.0171397347562943
2.1739267713651254
0.03820375127587382
0.6131015282562539
0.1587194614466629
0.5857919247791643
0.15315400249872496
0.6271963020761278
0.13475184154064024
0.5580150359240162
1.521333299037752
-0.30090139977742736
0.6388257389381564
0.9239795446454313
0.990761775072807
0.9243505752419605
0.9695547147985196
0.14828422591927926
0.7389438772023735
1.34655599392117
0.19295524742572923
70.41893222682926
0.3581407560179132
0.5661680899182746
8.456153026719843
59.263024481492955
539.8056100382839
6.690621087497425
0.16643872141799057
4.2433269439799
42.38760742500159
0.21100347741680237
0.21927374301675978
36.9303972556565
0.4562249154469321
3.3072556761300795
0.09721948745187384
5.588235294117647
0.328719723183391
1.301038062283737
8.0
28919.352941176472
260242.76470588235
3234.8031045751636
0.3080065359477124
1.8235294117647058
0.10726643598615918
0.23476676763728332
0.8102321417537235
0.1537653920789412
3.9698157824268048
0.01899441340782123
26147.640138408307
2.912169367786384
274.3094972067039
0.30649105833151274
4.656895852189383
563.9027932960894
0.234232389750632
9.113966480446928
57.158659217877094
532.4368715083799
6.422594661700807
0.12591558038485412
0.03489108221397394
0.27340816889553254
0.007642849491711758
