1.0
1.0
1.0
40.0
30.0
1.0
232.5525
143.0
255.0
1.0
1.0
1.0
40.0
30.0
1.0
0.0
0.0
0.0
40.0
30.0
1.0
1031.0
1.0
17.9815712900097
15.037827352085355
0.0
17.9815712900097
15.037827352085355
0.0
0.7222403880263336
0.0
0.0
44.36623346308636
40.0
30.0
48.82622246293481
48.82622246293481
992.6666666666666
32.0430856716464
0.22577161528713918
2131.4921790482413
2.147238595414615
1031.0
227.0
254.0
59312791.0
1.1362619819546236
18.0
2.0107438540001032
255.0
8.99227911466178
239.6207565470417
238.0
215.0
40.0
7.437768858131488
239.85283032181434
-0.01870590928363877
59312791.0
0.5290589212586351
111.27324520843193
5.162575202440941
2.228893310473058
2.1217633359487573
0.423874557367945
0.903093089197033
0.12477304108733919
0.7561736364346578
0.12477304108733919
0.5385422182775305
0.1085544527538361
0.45315121920089324
1.6152707081205566
-0.4819030333044579
0.7971776195167938
0.9376134794563304
0.987522695891266
0.9376134794563304
0.9688067397281651
0.12477304108733919
0.6282249983639521
1.490497667033218
0.25696653257109303
65.90802616177518
0.36329886224248836
0.5261103998910972
4.471151893727791
73.60219625024816
372.9590233809324
16.679341667996127
0.41726151421618896
4.423564321368677
26.054949844799115
0.13882638513412554
0.17555771096023276
35.77671689753518
0.3457480345780024
1.0153583985785821
0.24742975145128063
11.1
0.555
0.7475
3.15
26397.55
116182.35
6329.461111111111
0.7402777777777778
3.3
0.165
0.39023779843958467
0.891414705341939
0.3345514324433218
3.4464393446710107
0.019398642095053348
23740.147500000003
2.9927749097558127
359.79340446168766
0.3489751740656525
3.771425292179111
545.4597478176528
0.28383355551144396
5.135790494665374
61.46362754607178
325.1823472356935
13.538042892553078
0.25918741243668497
0.03231077770764159
0.12431734811789427
0.01697318769190209
