1.0
1.0
1.0
40.0
30.0
1.0
230.95833333333334
91.0
255.0
1.0
1.0
1.0
40.0
30.0
1.0
0.0
0.0
0.0
40.0
30.0
1.0
1043.0
1.0
18.302013422818792
14.809204218600192
0.0
18.302013422818792
14.809204218600192
0.0
0.6885384901399829
0.0
0.0
46.99422268147208
40.0
30.0
49.4064773081425
49.4064773081425
1005.1666666666666
32.357331130402926
0.22501551336510978
2156.57077539467
2.145485765605707
1043.0
222.0
255.0
61152272.0
1.4610775897196204
23.0
2.4847045669157013
255.0
12.461317701261846
241.72003835091084
248.0
202.0
53.0
10.154036054980287
242.13866537464673
-0.7824843460213124
61152272.0
0.3861078145955919
202.55632904934419
5.94188261921245
2.3447188777984427
7.369324368426153
-1.411983172789698
1.9087121824992157
0.13211341984971836
0.8704195779831836
0.1310846132653562
0.5596936463631794
0.1144024646553946
0.32290578654738306
2.007001362934828
-0.6026488239484002
0.9060053172486126
0.9345605740257581
0.9868361413958449
0.9346291611313822
0.967280287012879
0.13018440750403934
0.4629129546816577
1.8720007943488004
0.5102064005872335
64.93176548089592
0.3460466373627012
0.5982063976399306
4.15804347826087
67.8631648113791
484.5685180106298
13.414063661733175
0.48893104738601634
4.477632491850608
23.954848664103324
0.12572568415916685
0.1804889741131352
33.794449351588035
0.2834170913546272
0.7312810511081843
0.1940666615391502
3.6
0.36
0.56
3.8
33534.7
227277.6
6395.086111111111
0.5222222222222223
1.0
0.1
0.13666334920684237
0.5451618952585603
0.03456134955016289
3.3219280948873595
0.009587727708533078
22656.21
3.3694449003844196
347.70949185043145
0.3333743929534338
3.339855071797648
402.7104506232023
0.5385986474225744
5.930968360498562
60.43432406519655
392.320230105465
14.80491637370832
0.303105358474486
0.024917374996587888
0.11941453261820335
0.010286112519571155
