1.0
1.0
1.0
40.0
30.0
1.0
198.35
120.0
251.0
1.0
1.0
1.0
40.0
30.0
1.0
0.0
0.0
0.0
40.0
30.0
1.0
649.0
2.0
19.35130970724191
14.258859784283514
0.0
19.35130970724191
14.258859784283514
0.0
0.6852706249379837
0.0
0.0
45.34300011196037
39.0
30.0
49.4064773081425
49.4064773081425
607.6666666666666
31.072226023286152
0.2517409823693476
1378.1838122102315
2.2679931084095966
649.0
206.0
243.0
34147772.0
1.060040990905141
18.0
2.900817520454008
251.0
10.767324863901086
228.99537750385207
233.0
196.0
55.0
7.592326598359348
229.38173752505975
-0.9411113811863033
34147772.0
0.5650152777415058
177.09859188368503
7.5998811860838895
2.7290799896282123
2.946214674034413
-1.1178319023792398
0.8096908329182941
0.20182533631253252
0.6001021682508165
0.19658576003440545
0.725423304082077
0.1624117461816667
0.4846254382381633
1.6220925701396487
-0.26765506091723484
0.6211850213047099
0.9022310776106099
0.9882203845041709
0.9025803826958185
0.9608575005357232
0.19200113079104436
0.6754743920914662
1.4115268550734488
0.25287904230770664
71.00065699930396
0.39442781546815797
0.4681833668526593
5.492431215965223
32.710236087471735
278.4459043282768
4.223252705568655
0.3014111253184518
3.6393002691156364
44.02131438786576
0.2417788993077845
0.2765793528505393
18.69444480707771
0.4939280673252902
1.8731989545936998
0.2107945030444755
11.454545454545455
0.5206611570247934
0.6115702479338844
2.727272727272727
10035.045454545454
88220.45454545454
1175.6897095959596
0.7465277777777778
6.545454545454546
0.2975206611570248
0.5546854540503813
1.4071898599662043
0.4694005003440479
2.9465128679489174
0.03389830508474576
9164.795454545454
3.102548403512608
146.28197226502311
0.22539595110173052
5.298391979126356
366.6949152542373
0.31090144610292947
7.432973805855162
51.366718027734976
430.7180277349769
6.736956428693717
0.18362651943160418
0.05270315816219772
0.2395748090653256
0.025527413727575145
