1.0
1.0
1.0
40.0
30.0
1.0
215.53166666666667
129.0
254.0
1.0
1.0
1.0
40.0
30.0
1.0
0.0
0.0
0.0
40.0
30.0
1.0
907.0
1.0
21.94928335170893
15.857772877618523
0.0
21.94928335170893
15.857772877618523
0.0
0.7798429482712151
0.0
0.0
45.01105178739461
40.0
30.0
49.4064773081425
49.4064773081425
857.25
35.101551330670155
0.22832058628979804
1911.3668494364488
2.229649284848584
907.0
211.0
241.0
47626874.0
0.9712356805169983
14.0
2.726478808716628
254.0
8.947021147536798
228.88202866593164
232.0
202.0
52.0
6.35263649625465
229.15133682981877
-0.6056949965570947
47626874.0
0.5673926547044973
123.35212466069974
3.2159007774248365
1.75385689267868
1.358388092811197
-0.4595753764621801
0.7138016832467435
0.15429497710326795
0.6443180251925561
0.15429497710326795
0.616800872604256
0.12983835204204366
0.46418305266092674
1.562271642890652
-0.3367845944088929
0.6798272609172403
0.922852511448366
0.9845705022896732
0.922852511448366
0.9614262557241829
0.15429497710326795
0.6452318161866154
1.407976665787385
0.21702416508750286
95.79996213226958
0.46121077735994576
0.3339900020482662
2.7275616959770863
43.601142122827675
157.2099988674832
15.326755258333588
0.6160940582105618
4.1648021244557825
34.06350119723205
0.15844211248182757
0.22877618522601986
22.02991852793184
0.34902646370328694
0.8328641272270572
0.2597393713467167
3.727272727272727
0.33884297520661155
0.7272727272727273
4.7272727272727275
36601.36363636364
140495.36363636365
10633.419191919193
0.47222222222222227
1.5454545454545454
0.14049586776859505
0.12522669131482608
1.0673486198404332
0.01595883544605058
3.277613436819112
0.012127894156560088
29802.61157024793
3.17750881559577
227.57772877618524
0.2509126006352649
3.746253870119577
514.6251378169791
0.22881933850281228
3.1984564498346195
55.15214994487321
188.0385887541345
22.16207276736494
0.46631140512066643
0.02845429438262299
0.08881477484823812
0.015767634323115502
