1.0
1.0
1.0
40.0
30.0
1.0
213.59583333333333
118.0
255.0
1.0
1.0
1.0
40.0
30.0
1.0
0.0
0.0
0.0
40.0
30.0
1.0
749.0
4.0
20.04272363150868
14.86648865153538
0.0
20.04272363150868
14.86648865153538
0.0
0.6550661407129512
0.0
0.0
44.09846293630318
39.0
30.0
47.70744176750625
47.70744176750625
700.4166666666666
28.887409927057245
0.24016388820043716
1588.1105575247893
2.2673797370966655
749.0
215.0
245.0
40459838.0
1.0514167059588464
18.0
2.2164944930095527
255.0
9.587786831039518
232.1388518024032
234.0
208.0
47.0
7.388129786430446
232.4187498899358
-0.33061499991513066
40459838.0
0.5521933115983751
130.02878426241665
3.4453928572874544
1.8192564481270308
1.8599662723885135
-0.2931578155484258
0.7223939168910121
0.17989614863267844
0.6002641236485218
0.17989614863267844
0.6754432854995172
0.1466488100015125
0.4587414001714144
1.6747651022590464
-0.29320399430599403
0.6545072712440614
0.9100519256836607
0.9820103851367321
0.9100519256836607
0.9550259628418303
0.17989614863267844
0.6517367865879913
1.4948689536263684
0.22557251638092263
90.35407615993105
0.45598197091677073
0.37227202209727306
2.675940384994835
36.207473188571115
136.4237177679032
11.581771526425083
0.6495047278258934
3.8018720150063396
41.20367417485978
0.20245559519744186
0.2650200267022697
20.756492140703266
0.43771815146615806
0.861948680945942
0.3627328321711091
9.842105263157896
0.518005540166205
0.5650969529085872
2.736842105263158
14123.421052631578
55229.63157894737
3873.652046783626
0.7412280701754387
2.473684210526316
0.13019390581717452
0.2944882747629441
0.9050927748836138
0.20410425930565068
3.787143960698135
0.025367156208277702
12569.40166204986
3.349517763227491
157.45927903871828
0.21022600672726074
4.6050541799390725
413.5927903871829
0.2526840415614232
3.3444592790387184
51.93724966622163
190.39385847797064
18.497997329773032
0.45245512535232163
0.04039513842425661
0.10709965748401917
0.026822986092866874
