1.0
1.0
1.0
40.0
30.0
1.0
232.38083333333333
120.0
255.0
1.0
1.0
1.0
40.0
30.0
1.0
0.0
0.0
0.0
40.0
30.0
1.0
1027.0
1.0
18.629016553067185
12.787731256085687
0.0
18.629016553067185
12.787731256085687
0.0
0.6869552370507216
0.0
0.0
46.600976588362016
40.0
30.0
49.4064773081425
49.4064773081425
987.4166666666666
32.01278491905335
0.22563614610095992
2125.2454096149104
2.152328881372177
1027.0
227.0
255.0
61451168.0
1.2971663125402144
17.0
3.7333881974526215
255.0
9.814568481572042
244.317429406037
249.0
204.0
51.0
7.3617587356072285
244.61317752980293
-1.2038404231457656
61451168.0
0.43759012978689316
144.60030965300092
6.242277414890303
2.4430978900221403
3.3353106867735134
-0.610826567020165
1.2510184891965186
0.15708309643235266
0.77579525939958
0.15602152530708727
0.6208427397302221
0.1315361286250476
0.3463026246530083
1.89578694640483
-0.4742727820075834
0.8275863593517745
0.9220953944589829
0.9843406859471615
0.9221661658673339
0.9610476972294915
0.15509265057248006
0.44542788667011074
1.735602166122973
0.35202539640721775
75.12945674114026
0.35441162392764836
0.5551921187518493
4.9766954231360145
52.88165301006016
357.1691659673346
9.944265053421772
0.37805938206569206
4.496455560454423
31.458617543454167
0.14150224801414865
0.2059396299902629
24.498842058513738
0.34358770923963555
1.1353457102953077
0.21356892670681804
4.0
0.3333333333333333
0.6666666666666666
4.666666666666667
34903.25
233900.83333333334
6247.094907407408
0.4537037037037037
1.6666666666666667
0.1388888888888889
0.27475196792281187
1.0225473748649974
0.18201164534215622
3.4182958340544856
0.011684518013631937
27578.743055555547
3.3356582609029917
301.5238558909445
0.2935967438081251
3.78033219907673
449.40506329113924
0.38523070855167535
6.225900681596884
57.83933787731256
385.39629990262904
10.868413934869631
0.23555663745537161
0.02934201232875133
0.14668653890926345
0.011816904514940479
