1.0
1.0
1.0
40.0
30.0
1.0
209.64
99.0
255.0
1.0
1.0
1.0
40.0
30.0
1.0
0.0
3.0
0.0
40.0
27.0
1.0
820.0
1.0
19.12560975609756
18.928048780487806
0.0
19.12560975609756
18.928048780487806
0.0
0.5709728340153567
0.0
0.0
44.839458484355355
40.0
27.0
44.721359549995796
44.721359549995796
789.6666666666666
25.602112686526308
0.24357163305090743
1696.237345052294
2.148042226744146
820.0
219.0
254.0
47574390.0
1.5583960508000398
19.0
4.189345953809374
255.0
11.539137418203449
240.40731707317073
244.0
192.0
63.0
8.198479487032127
240.86832249278402
-1.3097458941572362
47574390.0
0.38185306365258775
221.87067816775726
10.724555180656619
3.209743497045041
9.486212445722096
-1.1974902354469925
1.8458862161516332
0.15765983341665069
0.8420695770481911
0.1504461773810051
0.6189626971177915
0.1338399399385206
0.31714969395122206
2.131982730427041
-0.5684295698165467
0.9004193338412814
0.925498276913062
0.9908531919643555
0.9259791873154384
0.9701512197249871
0.14413422834981524
0.442696472638861
1.9667357853578418
0.500886512392071
44.80828986304907
0.27728385393759714
0.9442349298525687
8.208375965212335
64.9091879957243
771.7262219836864
6.380827783270023
0.25525838537873113
4.509385999448576
22.506820018984378
0.13934521123248772
0.19664634146341464
34.79200024889935
0.3340709362865859
1.4579394432050086
0.1627253262719823
7.666666666666667
0.42592592592592593
1.0895061728395061
4.055555555555555
12581.333333333334
144553.16666666666
1240.111111111111
0.6720679012345678
3.5555555555555554
0.19753086419753085
0.3680062269805861
0.7618469544210884
0.30865139689471194
3.1699250014423086
0.02195121951219512
10506.024691358025
3.424129892148633
260.57560975609755
0.31777513384889944
3.8397679952409276
313.11951219512196
0.5682019631171922
10.691463414634146
58.99756097560976
675.1987804878049
6.077252710027101
0.13582317073170733
0.03339131662149955
0.23520306940526886
0.01311436139449381
