1.0
1.0
1.0
40.0
30.0
1.0
236.6825
128.0
255.0
1.0
1.0
1.0
40.0
30.0
1.0
0.0
0.0
0.0
40.0
30.0
1.0
1109.0
1.0
18.833183047790804
15.475202885482416
0.0
18.833183047790804
15.475202885482416
0.0
0.7257549880289274
0.0
0.0
45.16910755971188
40.0
30.0
47.20169488482379
47.20169488482379
1075.1666666666667
32.78170511627603
0.22278688106668693
2278.129311454355
2.1188615514999425
1109.0
235.0
254.0
65068769.0
0.9157695732130655
8.0
6.22363411563613
255.0
5.713297465364536
242.08205590622183
242.0
207.0
48.0
3.8755596986943304
242.2258687792473
-1.181654459793673
65068769.0
0.6408855816131804
69.6497140780287
4.757975390504033
2.146141093988579
1.8694356229159266
0.527926154540339
0.6724421655716861
0.06424273150252677
0.8253323120920787
0.06424273150252677
0.3433149397344733
0.060054985509033404
0.607363519439764
1.1938036216829393
-0.603836905649769
0.8017466913028939
0.9678786342487365
0.9935757268497473
0.9678786342487365
0.9839393171243683
0.06424273150252677
0.7623462539477575
1.129560890180413
0.18417122426855323
44.748994092172765
0.3696992067851898
0.5125032209982237
4.584247100665158
181.27687489726299
804.0251692403696
43.69353482377375
0.4000292809406069
4.725130629633765
11.11183302210297
0.09040471684663308
0.10865644724977458
87.31837436793955
0.26453736199076644
0.7921899885893515
0.19148455537338588
3.6666666666666665
0.4074074074074074
0.8888888888888888
4.888888888888889
86033.22222222222
358816.3333333333
21163.987654320987
0.5216049382716049
1.2222222222222223
0.13580246913580246
0.1450758198412906
0.37622175781067946
0.11939287582654799
3.169925001442309
0.008115419296663661
70849.50617283951
2.251840772285502
595.6943192064923
0.53714546366681
2.568116752759007
710.7421100090171
0.20188619874605754
4.772768259693417
68.67718665464382
328.46798917944096
16.15208896904118
0.2561867548341849
0.020623786810586374
0.08976580914735731
0.007882203952690257
