1.0
1.0
1.0
40.0
30.0
1.0
231.69166666666666
222.0
242.0
1.0
1.0
1.0
40.0
30.0
1.0
0.0
0.0
0.0
40.0
30.0
1.0
861.0
2.0
19.27526132404181
14.591173054587689
0.0
19.27526132404181
14.591173054587689
0.0
0.5839141741283567
0.0
0.0
46.69887779491043
40.0
30.0
49.4064773081425
49.4064773081425
813.0
27.268136660336175
0.2312385289108527
1821.7311749460578
2.240751752701178
861.0
231.0
236.0
46845921.0
-3.203426503814917e-16
2.0
4.699962498199722
242.0
1.5347980159741899
233.24854819976773
233.0
231.0
11.0
1.238916527791394
233.25680095473663
1.148063694814792
46845921.0
1.0
3.8499543382691175
1.0
1.0
0.0
0.0
0.0
0.0
1.0
0.0
-3.203426503814917e-16
0.0
1.0
-3.203426503814917e-16
0.0
0.0
1.0
1.0
1.0
1.0
0.0
1.0
-3.203426503814917e-16
0.0
78.75
1.0
0.0
1.0
219.966942508908
219.966942508908
219.966942508908
1.0
4.015713124214367
5.7263156441148375
0.07366302121988424
0.09146341463414635
68.30164835617902
0.09242638406309002
0.09242638406309002
0.09242638406309002
2.0
1.0
0.0
1.0
369800.5
369800.5
369800.5
1.0
1.0
0.5
0.5000006760411033
0.5000006760411033
0.5000006760411033
0.9999999999999993
0.0023228803716608595
184470.25
1.4150980653990648
458.465737514518
0.5324805313757468
1.6666949944760772
861.0
0.0
1.0
70.03135888501743
70.03135888501743
70.03135888501743
1.0
0.017431423014424508
0.017431423014424508
0.017431423014424508
