1.0
1.0
1.0
40.0
30.0
1.0
232.445
222.0
253.0
1.0
1.0
1.0
40.0
30.0
1.0
0.0
0.0
0.0
40.0
30.0
1.0
415.0
8.0
12.816867469879519
14.795180722891565
0.0
12.816867469879519
14.795180722891565
0.0
0.8013285714168542
0.0
0.0
37.92759347507971
40.0
30.0
49.4064773081425
49.4064773081425
340.75
30.392464296664826
0.24367347517902338
968.2030440517234
2.8413882437321303
415.0
234.0
241.0
23312882.0
0.15080919517365426
3.5
8.140221302396137
253.0
2.4157352300769337
236.9879518072289
236.0
234.0
19.0
1.630817174515235
237.0139643082416
2.0974328414015226
23312882.0
0.9575671360139353
12.329975322978665
1.0659628131440266
1.0289203394755795
0.14865215506424329
0.0941540724472488
0.0707224980821134
0.041596410565424194
0.2712574507280918
0.041596410565424194
0.2465107481925814
0.039718036274717414
0.9041225094015138
0.3543089507000942
-0.13119154278097464
0.18959230632338786
0.979201794717288
0.9916807178869151
0.979201794717288
0.9861345298115253
0.041596410565424194
0.9502814552417084
0.3127125401346703
0.0280797271618844
119.14471386596573
0.9064547325581888
0.04677263372090559
1.1476074277236197
17.17974420311377
17.570140679585958
17.082145083995723
0.9630981430690951
2.958762150281275
25.64807848154925
0.18659469844524063
0.3168674698795181
5.316801504577539
0.3379980901258749
0.4440653437849576
0.3114812767111042
6.636363636363637
0.6033057851239669
0.1983471074380165
1.8181818181818181
9114.09090909091
9123.636363636364
9111.704545454546
0.7954545454545454
1.7272727272727273
0.15702479338842976
0.22724055685726122
0.5411799507966552
0.14875570837241273
3.277613436819112
0.02650602409638554
7690.743801652892
2.8338862271305967
68.44096385542169
0.1649179851937872
3.37649005661199
397.3903614457831
0.02121643199303237
1.0650602409638554
45.17349397590361
45.96144578313253
44.97650602409639
0.9837349397590361
0.03729609708675973
0.05122782399439026
0.033813165359852106
