1.0
1.0
1.0
40.0
30.0
1.0
239.03833333333333
99.0
255.0
1.0
1.0
1.0
40.0
30.0
1.0
0.0
0.0
0.0
40.0
30.0
1.0
1079.0
2.0
21.182576459684892
15.523632993512512
0.0
21.182576459684892
15.523632993512512
0.0
0.7300217840320471
0.0
0.0
44.60895779238256
40.0
30.0
49.4064773081425
49.4064773081425
1044.5833333333333
32.565510951405415
0.2248769073450661
2213.9509390023995
2.1194584178722615
1079.0
238.0
255.0
67972977.0
0.8764810593137247
1.0
13.166538874935158
255.0
6.301746803282145
250.80352177942538
255.0
193.0
62.0
2.4030951390685864
250.99058059562591
-3.0258176872846074
67972977.0
0.6680807496042486
93.86501076667116
14.479957229861597
3.7782783485729476
5.791122855521574
-1.7921148364913504
0.8821341498214427
0.06394968927068856
0.8634343599539169
0.06295762577862506
0.3378956287943643
0.05972894841521296
0.6430969393133252
1.1244656842107723
-0.6449645041119594
0.8090060171681598
0.9686203934598937
0.9962557605751136
0.9686865310260314
0.9874415436273437
0.062089570223069504
0.78940707200457
1.060637578520361
0.23652095977303278
40.24298618079619
0.34426127158835595
0.783857655685884
10.85146607327647
204.5523343057668
3177.00273848465
13.57874112920555
0.1581849442726272
4.542318601931946
13.962375105834209
0.12104653954044772
0.10750695088044486
104.95100081889761
0.3020887126365882
2.012189508316949
0.09197743670031248
3.923076923076923
0.30177514792899407
1.2544378698224854
6.230769230769231
59392.692307692305
932603.7692307692
3839.1672008547007
0.4268162393162393
3.4615384615384617
0.26627218934911245
0.5001948124687984
2.436689937699348
0.2865066835090463
3.1808329872054375
0.012048192771084338
52503.69230769231
2.076574678492686
596.1343836886006
0.5524878440116779
2.6560411461200903
720.8591288229842
0.27324411354693745
14.410565338276182
68.9147358665431
1031.3447636700648
4.869342755637936
0.08116440119452167
0.025085675570471897
0.26974381376310524
0.005732647621231222
