1.0
1.0
1.0
40.0
30.0
1.0
244.95
218.0
255.0
1.0
1.0
1.0
40.0
30.0
1.0
0.0
0.0
0.0
40.0
30.0
1.0
883.0
1.0
19.679501698754247
13.322763306908268
0.0
19.679501698754247
13.322763306908268
0.0
0.7221880985647114
0.0
0.0
46.80954034682454
40.0
30.0
49.4064773081425
49.4064773081425
809.4166666666666
33.805292937761365
0.21733509546366445
1932.5720343355943
2.387610873265431
883.0
244.0
252.0
54152779.0
0.7491401102451859
3.0
2.9756894124494333
255.0
2.3542258515895442
247.62740656851642
247.0
243.0
12.0
1.772561455294798
247.645261488967
0.6127780149979953
54152779.0
0.6635427715409605
8.843054089515176
1.588522429376929
1.2198474423314412
0.9212275402746343
0.5290767754923283
0.5437688750699413
0.14203979523478982
0.585341732275356
0.14203979523478982
0.5856759327921972
0.12120706327857993
0.5358886015690545
1.297891044014238
-0.2911418161881027
0.5910091411658597
0.9289801023826051
0.9715920409530421
0.9289801023826051
0.9526534015884034
0.14203979523478982
0.7091326600511638
1.1558512487794488
0.1714521675761828
130.10408313908314
0.5618177688969064
0.21909111555154678
1.9799592074592074
32.4084418120194
44.262246670953566
29.44499059728586
0.7550101981351981
3.8433949778648113
43.47812702623047
0.18061682921185418
0.26245753114382786
16.274825567418596
0.40036687985350344
0.8669073389552424
0.2837317650780686
11.533333333333333
0.7688888888888888
0.11555555555555555
3.6
32608.6
34384.4
32164.65
0.35
1.9333333333333333
0.1288888888888889
0.267364730410709
0.8694585051922031
0.11684128671533549
3.3232314287976177
0.01698754246885617
29143.315555555557
3.34405590008057
167.66817667044168
0.18988468479098716
3.9787428064266654
585.9082672706681
0.16822861422951968
1.6421291053227633
51.59343148357871
75.9841449603624
45.49575311438279
0.8394677236693092
0.035358588981081296
0.07505594247262262
0.02543425060819596
