1.0
1.0
1.0
40.0
30.0
1.0
230.84333333333333
122.0
255.0
1.0
1.0
1.0
40.0
30.0
1.0
0.0
0.0
0.0
40.0
30.0
1.0
1023.0
1.0
18.74095796676442
14.053763440860216
0.0
18.74095796676442
14.053763440860216
0.0
0.7790622788717316
0.0
0.0
46.00581170137306
40.0
30.0
49.4064773081425
49.4064773081425
977.25
35.84139250541548
0.2233443819360717
2132.289711005752
2.1819285863451032
1023.0
226.0
254.0
60000543.0
1.2770532251446776
17.0
3.3413532542482054
255.0
9.268272546675728
241.9130009775171
244.0
205.0
50.0
6.9619935223742475
242.18083570908482
-0.9442167881237827
60000543.0
0.46110619008168907
129.65714280254062
5.369283135466729
2.266646960286772
2.982469309707674
0.04222143252231225
1.1125625133886574
0.1861968215562909
0.713070717359853
0.18244562209382983
0.6898885105677767
0.15197981677752495
0.3495041105650641
1.965534603910059
-0.39198367725153194
0.7809613106347213
0.9091523088993313
0.9815534501272538
0.9094023888634953
0.9545761544496656
0.17916332256417644
0.5148590835865285
1.7697622604109449
0.32468983373623705
88.58798395465902
0.36244525562165947
0.5292580376003574
4.836848928434289
38.54546280572899
203.3347970066293
8.833407179964354
0.38033908162084307
4.417297502967225
41.92141658305826
0.1663438846132997
0.23826979472140764
18.802532104905108
0.3890024152776268
1.4436286877120026
0.2097527324529851
9.75
0.40625
0.7708333333333334
3.8333333333333335
16061.291666666666
70327.16666666667
3884.8229166666665
0.6157407407407408
3.0
0.125
0.30042173209128303
0.9736503244249389
0.19041403081745575
4.022055208874195
0.02346041055718475
14244.401041666668
3.568112615931617
255.63343108504398
0.2498860518915386
4.347009972967782
471.7116324535679
0.3517876714357653
5.3802541544477025
54.66959921798632
304.54936461388075
12.251792114695341
0.26770392092972733
0.037262378558461505
0.16473060848284862
0.01611601164814348
