1.0
1.0
1.0
40.0
30.0
1.0
248.19083333333333
223.0
255.0
1.0
1.0
1.0
40.0
30.0
1.0
0.0
0.0
0.0
40.0
30.0
1.0
866.0
2.0
21.75173210161663
13.785219399538105
0.0
21.75173210161663
13.785219399538105
0.0
0.7566489402934842
0.0
0.0
46.79081516506214
40.0
30.0
49.4064773081425
49.4064773081425
792.8333333333334
35.404220710112554
0.21956228396319533
1886.7498263657335
2.3797559298285473
866.0
247.0
255.0
54798217.0
0.8401026360747759
5.0
1.9902118083497993
255.0
2.4022262639408187
251.53464203233256
252.0
246.0
9.0
2.1918948534263367
251.54996886508994
-0.43228728812708705
54798217.0
0.606672924811589
7.710693694030048
3.197181751680257
1.7687422832900355
0.7307568556432313
-0.4124971863348217
0.4930064469594929
0.2180901963796977
0.3862746747922528
0.2180901963796977
0.7533342364342964
0.16973579365545616
0.4747158846749486
1.459537919103803
-0.12909701970601825
0.41680284630090064
0.890954901810151
0.9563819607240605
0.890954901810151
0.9273032678734341
0.2180901963796977
0.6596971851001866
1.2414477227241056
0.17777416083479766
141.6040916538401
0.5013473057713451
0.2493263471143275
2.486173994940387
21.84752067705612
80.94518284258425
7.073105135674087
0.6284565012649033
3.3714729495455797
68.64406300760834
0.23745758503076606
0.32621247113163976
11.785702263518502
0.47960531955147784
0.8539996191787798
0.38600674464465234
29.864864864864863
0.8071585098612125
0.09642074506939373
1.3243243243243243
6708.27027027027
26381.54054054054
1789.9527027027027
0.918918918918919
4.837837837837838
0.13075237399561723
0.32781644371317264
0.33688294699746546
0.3255498178920995
3.555576354820546
0.042725173210161664
6160.45726807889
3.353968099795913
144.729792147806
0.1671244713023164
5.039351641962996
525.3787528868361
0.1966635375942055
3.19284064665127
45.87528868360277
166.71709006928407
15.664838337182449
0.45178983833718245
0.05349759441241213
0.10729677863575506
0.0400477983565764
