1.0
1.0
1.0
40.0
30.0
1.0
239.615
165.0
255.0
1.0
1.0
1.0
40.0
30.0
1.0
0.0
0.0
0.0
40.0
30.0
1.0
1030.0
1.0
20.00873786407767
13.592233009708737
0.0
20.00873786407767
13.592233009708737
0.0
0.724160181253667
0.0
0.0
47.91431220167341
40.0
30.0
49.4064773081425
49.4064773081425
977.5833333333334
34.69763700860861
0.22017924359606908
2163.433788502114
2.2130428319857955
1030.0
233.0
255.0
61967764.0
0.9327607174562125
12.0
2.4563221855194084
255.0
6.601843717598265
245.15339805825244
247.0
226.0
29.0
5.320533631097003
245.28122160064132
-0.6298648118841926
61967764.0
0.545878028089358
62.68909039494769
2.0442303263839356
1.3706068892543284
0.9329184279470504
0.37938117096374513
0.7975870159956973
0.13518068275809908
0.7108797756096628
0.13518068275809908
0.5609036369563913
0.11526802541618827
0.41834812520691356
1.504140680657609
-0.41897809481100157
0.7314224066815765
0.9324096586209505
0.9729638634483803
0.9324096586209505
0.954939772413967
0.13518068275809908
0.5618027693666221
1.36895999789951
0.23319192468844913
116.4652095280709
0.549042850862381
0.22547857456880946
2.0333887154124364
51.14263113054811
99.87101833380558
38.96053432973373
0.7416528211468909
4.326898546329051
25.888945002399417
0.11487240919796118
0.20533980582524272
19.943768382926628
0.22190170720250357
0.4258908376207445
0.17090442459794344
5.0
0.625
0.1875
3.25
44733.5
78196.625
36367.71875
0.4375
1.0
0.125
0.018728931932407766
0.07490351027683181
0.004685287346301754
2.9999999999999973
0.007766990291262136
28156.9375
3.236552389734932
263.3009708737864
0.2556320105570742
2.9267188236403054
562.2543689320388
0.22706098595532098
2.045631067961165
57.05631067961165
117.40873786407766
41.96820388349514
0.7385922330097088
0.023506736675252625
0.048535589532468865
0.017249523460948567
