1.0
1.0
1.0
40.0
30.0
1.0
252.54416666666665
229.0
255.0
1.0
1.0
1.0
40.0
30.0
1.0
0.0
0.0
0.0
40.0
30.0
1.0
991.0
3.0
19.287588294651865
15.676084762865791
0.0
19.287588294651865
15.676084762865791
0.0
0.7825230776512245
0.0
0.0
45.76876628688537
40.0
30.0
49.4064773081425
49.4064773081425
930.4166666666666
35.81511585511315
0.2206493157994873
2088.8144360667584
2.2450311896821407
991.0
254.0
255.0
64101693.0
-3.203426503814917e-16
1.0
9.226899352519887
255.0
0.7473232859611366
254.3279515640767
255.0
250.0
5.0
0.4751164386345897
254.33019409550633
-2.410406702566175
64101693.0
1.0
1.1406818785823167
1.0
1.0
0.0
0.0
0.0
0.0
1.0
0.0
-3.203426503814917e-16
0.0
1.0
-3.203426503814917e-16
0.0
0.0
1.0
1.0
1.0
1.0
0.0
1.0
-3.203426503814917e-16
0.0
94.75
1.0
0.0
1.0
241.39265260957438
241.39265260957438
241.39265260957438
1.0
4.0475596308998165
6.838689389180856
0.07773946769794718
0.09561049445005046
90.7426291685878
0.10779638446545804
0.10779638446545804
0.10779638446545804
3.0
1.0
0.0
1.0
313720.3333333333
313720.3333333333
313720.3333333333
1.0
1.0
0.3333333333333333
0.010741095011474437
0.010741095011474437
0.010741095011474437
1.5849625007211552
0.0030272452068617556
204600.22222222225
1.3374738823906513
556.4772956609486
0.5615310753389995
1.889220950206755
991.0
0.0
1.0
69.70635721493441
69.70635721493441
69.70635721493441
1.0
0.016928856940989948
0.016928856940989948
0.016928856940989948
