1.0
1.0
1.0
40.0
30.0
1.0
225.135
114.0
255.0
1.0
1.0
1.0
40.0
30.0
1.0
0.0
0.0
0.0
40.0
30.0
1.0
956.0
1.0
20.757322175732217
12.876569037656903
0.0
20.757322175732217
12.876569037656903
0.0
0.6633946927237377
0.0
0.0
46.63317094316191
40.0
30.0
49.4064773081425
49.4064773081425
914.9166666666666
30.93619810857243
0.22959222917567962
1985.0950164987469
2.169700355040073
956.0
228.0
254.0
57459733.0
1.3504661110962433
13.0
6.01162519602868
255.0
9.179119763309469
244.8441422594142
250.0
197.0
58.0
5.647146542690256
245.16183067875252
-1.8366208363536438
57459733.0
0.43009794996586204
155.66922300905097
12.205593422671534
3.4534324335102533
4.48032440533161
-0.9769439927598984
1.311803653322173
0.19441507411991463
0.7411539268086296
0.18819155648516814
0.7057676596024025
0.15741040025102324
0.3240428810867772
2.0268973824469616
-0.40919699796167497
0.7983312866247229
0.9065265735208906
0.9886736459512064
0.9069414746965403
0.9625691392907912
0.18274597855476496
0.4484600481537961
1.821728967374017
0.376554681860522
79.26835197754316
0.3452160075896208
0.6274625163616008
10.342860734037204
41.961940673705385
561.0687882311045
3.5011489261540323
0.13889271854575164
4.511311700977545
38.198643581364166
0.1608159486586138
0.23901673640167365
21.45351046677274
0.3664363622500769
2.987536305555471
0.07293213019716313
4.555555555555555
0.25308641975308643
1.2469135802469136
7.777777777777778
15138.222222222223
207166.16666666666
1198.381172839506
0.33371913580246915
2.7777777777777777
0.15432098765432098
0.36244604125352464
1.999433005543572
0.23452208479188544
3.725480556997863
0.01882845188284519
12317.432098765432
3.620831540242057
229.5753138075314
0.2401415416396772
4.052949002993644
411.173640167364
0.42936376288930517
12.107740585774058
54.2907949790795
696.8274058577406
4.748213040446305
0.10140632264063226
0.03519079416207828
0.335837530182924
0.007942412944796032
