1.0
1.0
1.0
40.0
30.0
1.0
254.40916666666666
240.0
255.0
1.0
1.0
1.0
40.0
30.0
1.0
0.0
0.0
0.0
40.0
30.0
1.0
1152.0
1.0
20.26128472222222
14.625868055555555
0.0
20.26128472222222
14.625868055555555
0.0
0.785120022848078
0.0
0.0
44.60425207371281
40.0
30.0
49.4064773081425
49.4064773081425
1116.1666666666667
35.01969140723483
0.22009359380065013
2364.2646475013858
2.118200371062911
1152.0
254.0
255.0
74780648.0
-3.203426503814917e-16
0.0
18.67607931608718
255.0
0.35546875
254.78125
255.0
251.0
4.0
0.28728453698676704
254.7817829917289
-3.3401139915142894
74780648.0
1.0
0.2715928819444444
1.0
1.0
0.0
0.0
0.0
0.0
1.0
0.0
-3.203426503814917e-16
0.0
1.0
-3.203426503814917e-16
0.0
0.0
1.0
1.0
1.0
1.0
0.0
1.0
-3.203426503814917e-16
0.0
54.5
1.0
0.0
1.0
718.376758039275
718.376758039275
718.376758039275
1.0
3.2068835622218366
10.633727093745268
0.24020536820257568
0.047309027777777776
77.66535783933291
0.04205193228801025
0.04205193228801025
0.04205193228801025
1.0
1.0
0.0
1.0
1327104.0
1327104.0
1327104.0
1.0
1.0
1.0
7.535204475308642e-07
7.535204475308642e-07
7.535204475308642e-07
-3.203426503814917e-16
0.0008680555555555555
0.0
0.6769619939491567
890.0138888888889
0.7725815007716049
1.0407865547839505
1152.0
0.0
1.0
75.37152777777777
75.37152777777777
75.37152777777777
1.0
0.014457581740257831
0.014457581740257831
0.014457581740257831
