1.0
1.0
1.0
40.0
30.0
1.0
239.305
151.0
255.0
1.0
1.0
1.0
40.0
30.0
1.0
0.0
0.0
0.0
40.0
30.0
1.0
1141.0
1.0
20.145486415425065
14.765118317265557
0.0
20.145486415425065
14.765118317265557
0.0
0.7513825825293865
0.0
0.0
45.45360871793598
40.0
30.0
49.4064773081425
49.4064773081425
1103.25
34.15304990376297
0.21966326072491074
2350.5851555770723
2.1306006395441397
1141.0
230.0
253.0
66729873.0
0.8594584382991146
10.0
2.80314203457937
255.0
6.380781346374976
241.7011393514461
242.0
218.0
37.0
4.920412371134021
241.83398199307263
-0.4254529787343894
66729873.0
0.6552373066355528
64.23408283860044
4.842146996956232
2.1763162973050534
1.245941675544944
0.4630706372056079
0.5783324866712051
0.15516699676531742
0.5774288204265037
0.15516699676531742
0.6188067947435325
0.13038785435656802
0.5277542992920433
1.4499286672540839
-0.27976945139929277
0.6068825232447566
0.9224165016173412
0.9844833003234683
0.9224165016173412
0.9612082508086706
0.15516699676531742
0.7079511954986641
1.294761670488767
0.18337487085913062
101.52261190986036
0.44527551900080253
0.37985789405328824
5.236599942742814
55.14048975009007
247.4452163872585
13.164489742956054
0.2882999519222053
4.421280274827486
27.305809832997163
0.11767270862336854
0.19851007887817704
27.153972750006
0.2817497591279036
1.405800546046298
0.12569122778508646
11.083333333333334
0.4618055555555556
0.9565972222222222
5.125
34305.791666666664
140716.29166666666
8482.333333333334
0.5243055555555556
3.4166666666666665
0.1423611111111111
0.28014223238045427
0.912483536779206
0.20988206591821082
3.72017552146434
0.021034180543382998
32045.581597222223
2.981252208448026
305.9307624890447
0.26812512049872456
3.386851793673923
747.6257668711656
0.18668219291932212
4.861524978089395
58.32340052585452
274.4408413672217
13.547132145291654
0.24301295160190864
0.030222673076111997
0.13830120233408388
0.012054676807416648
