1.0
1.0
1.0
40.0
30.0
1.0
250.72916666666666
179.0
255.0
1.0
1.0
1.0
40.0
30.0
1.0
0.0
0.0
0.0
40.0
30.0
1.0
1172.0
1.0
19.059726962457336
14.761092150170649
0.0
19.059726962457336
14.761092150170649
0.0
0.7543400236759998
0.0
0.0
45.348320625378534
40.0
30.0
49.4064773081425
49.4064773081425
1138.4166666666667
34.208053254214875
0.21972651766065038
2399.58321370444
2.107825090729323
1172.0
247.0
254.0
74282493.0
0.5862909251275444
2.0
10.1056529132792
255.0
2.479628475579217
251.72610921501706
253.0
233.0
22.0
0.9719290830607032
251.75576800452754
-2.691368167785439
74282493.0
0.7580708569697958
14.932663018788801
3.594037566584791
1.870936488789914
1.0281839960521457
-0.5825501569030714
0.41194080472214867
0.03754379956990163
0.8308106298241643
0.03754379956990163
0.22743435756354033
0.035963326415910074
0.7392943714380648
0.7585015011314474
-0.6297747406825503
0.705459323099168
0.9812281002150491
0.9924912400860196
0.9812281002150491
0.9874854001433662
0.03754379956990163
0.8521645890049632
0.7209577015615463
0.11237115107301258
48.37068955641475
0.527677783761929
0.23616110811903548
2.682711575955851
322.8228648535519
1247.436839028232
91.6693713098818
0.5793221060110373
4.149432186817821
9.39089460581827
0.10993654452852486
0.0791382252559727
124.03545268997726
0.11598459135425046
0.1774547062572551
0.10061706262849929
2.5
0.625
0.1875
1.75
257162.5
1017699.25
67028.3125
0.8125
1.0
0.25
0.015738744157543418
0.015739483766773345
0.015738559255235936
1.9999999999999987
0.0034129692832764505
171313.5
1.654068059447933
729.2491467576792
0.6222262344348799
1.6486650980209439
888.4590443686006
0.1209645715151021
3.5776450511945392
71.65358361774744
264.65443686006824
23.403370307167236
0.3555887372013652
0.016229765994692655
0.05377533069857952
0.006843374818720941
