1.0
1.0
1.0
40.0
30.0
1.0
244.03833333333333
178.0
255.0
1.0
1.0
1.0
40.0
30.0
1.0
0.0
0.0
0.0
40.0
30.0
1.0
683.0
4.0
23.44948755490483
12.64860907759883
0.0
23.44948755490483
12.64860907759883
0.0
0.8329991047989318
0.0
0.0
38.59371330714476
40.0
30.0
45.48626166217664
45.48626166217664
640.8333333333334
32.14852863571821
0.24967551758417508
1439.698530835992
2.2466036892109105
683.0
246.0
255.0
43706102.0
0.6802691860852468
2.0
4.135958114882269
255.0
2.7878042140329122
252.93997071742314
255.0
243.0
12.0
1.7409280000000054
252.96514496681553
-1.6142408756503421
43706102.0
0.7046875703392792
12.735781551119107
3.566078591777094
1.8679732526250323
0.8774603491504537
-0.5057813394506062
0.38244013448776143
0.07568233219600498
0.6655528053130189
0.07568233219600498
0.38462408192335507
0.06975180231196733
0.7011869643461495
0.8977476703582525
-0.4007130360261504
0.5973937695685337
0.9621588339019975
0.9848635335607991
0.9621588339019975
0.974772555934665
0.07568233219600498
0.8301320865270299
0.8220653381622479
0.11453061667094161
57.87520567375887
0.5132037837382425
0.24339810813087873
2.272037234042553
98.21976728723405
380.9866990248227
27.528034352836876
0.6819906914893618
3.6068521305591283
25.008656028368794
0.21617913879457773
0.16544655929721816
57.83779535254129
0.4692905431291724
0.6811299148734701
0.4163307001930979
17.782608695652176
0.7731568998109641
0.11342155009451795
1.391304347826087
12919.782608695652
51119.17391304348
3369.9347826086955
0.9021739130434783
3.869565217391304
0.16824196597353497
0.3633672490150764
0.36628234845440316
0.3626384741552447
3.0276327405541097
0.03367496339677892
12037.950850661624
2.2831434683132157
302.0922401171303
0.4423019621041439
4.523412127617157
481.30161054172765
0.14765621483036043
3.459736456808199
63.45095168374817
238.1537335285505
19.775256222547583
0.3850658857979502
0.03890740676184795
0.08188706389231035
0.028162492479232356
