1.0
1.0
1.0
40.0
30.0
1.0
240.0125
146.0
255.0
1.0
1.0
1.0
40.0
30.0
1.0
0.0
0.0
0.0
40.0
30.0
1.0
1002.0
3.0
20.923153692614772
15.615768463073852
0.0
20.923153692614772
15.615768463073852
0.0
0.7569536564199761
0.0
0.0
44.88998807295998
40.0
30.0
49.4064773081425
49.4064773081425
955.0
33.979640608476174
0.22449866929536125
2089.0039818425685
2.18743872444248
1002.0
240.0
253.0
60936646.0
0.8743514880517347
6.0
4.486274432055094
255.0
4.145768343552417
246.5449101796407
247.0
227.0
28.0
2.701257828167261
246.60700713496337
-1.0471630225253636
60936646.0
0.5845335277548694
30.623232576762643
1.801658297639419
1.290899819520693
0.9660481794329258
0.5113027737743628
0.6829636291129979
0.14208232184532094
0.6552278503603217
0.14208232184532094
0.5846097927730112
0.12101144555577661
0.46646557896506397
1.430646900512034
-0.3549569423061246
0.6721369096621232
0.9289588390773396
0.9715835356309359
0.9289588390773396
0.9526392260515597
0.14208232184532094
0.6380590195566465
1.2885645786667137
0.2062614877395797
104.34940645942794
0.5075362223082267
0.24623188884588665
2.3188929710140567
51.304695343569946
80.36349959702527
44.039994280206116
0.6702767572464858
4.276095749479832
28.214337445175772
0.13124154978887143
0.20533932135728541
24.376920862875302
0.31007905836207306
0.8028336503226663
0.18689041037192478
10.777777777777779
0.5987654320987654
0.2006172839506173
3.1666666666666665
25689.555555555555
29474.055555555555
24743.430555555555
0.4583333333333333
2.0
0.1111111111111111
0.126080096967488
0.40235273558318574
0.05701193731356361
3.794653473544337
0.017964071856287425
22590.77777777778
3.1619353780604023
268.1057884231537
0.2675706471288959
3.5210497169333985
585.7025948103792
0.20773323612256525
1.8832335329341316
57.650698602794414
99.09081836327346
47.29066866267465
0.7791916167664671
0.027597421841879355
0.061756831197770756
0.019057569502906508
