1.0
1.0
1.0
40.0
30.0
1.0
220.20833333333334
96.0
255.0
1.0
1.0
1.0
40.0
30.0
1.0
0.0
0.0
0.0
40.0
30.0
1.0
927.0
1.0
20.919093851132686
14.536138079827401
0.0
20.919093851132686
14.536138079827401
0.0
0.8028895996735326
0.0
0.0
44.98689434583608
40.0
30.0
49.4064773081425
49.4064773081425
867.4166666666666
36.11950959188383
0.22244730144791092
1977.3133165943864
2.2795426841322546
927.0
214.60000000000002
254.0
53279890.0
1.4564342473696248
17.0
3.520235082896608
255.0
11.629455074831638
239.28155339805826
244.0
198.0
57.0
7.620792909330453
239.74071304846854
-1.2100541987797537
53279890.0
0.41985200080527946
219.94769640033095
10.086625978548241
3.1356766710585013
4.791426075707942
-0.20144758725970657
1.3181925103587648
0.3017243005609429
0.6273720353515263
0.27844583018154084
0.8995562596866187
0.22233795531931547
0.280272720125177
2.370355119267372
-0.2800781908983671
0.725385066852967
0.8631049319471698
0.9826623082678163
0.8646568299724633
0.9450867829763386
0.25807716859956403
0.46828015876626605
2.0306769525665027
0.4049792027299269
108.4136025630104
0.3398133570437753
0.6291714062632496
8.819644585353533
20.888569227416568
215.89035842493115
2.2708177829825535
0.1701874179435439
3.9225315922852464
94.9465493247431
0.29218767703958837
0.34358144552319303
11.851881814288127
0.5494588016273562
4.2094674136447265
0.11614751875447159
12.047619047619047
0.2868480725623583
1.126984126984127
6.571428571428571
5227.4047619047615
50798.78571428572
564.0643187830689
0.36855158730158727
7.523809523809524
0.17913832199546487
0.4087013879081611
1.4794567134634824
0.2700409182717489
4.023652102412942
0.045307443365695796
4740.256802721088
4.046947837862323
154.38727076591155
0.1665450601574019
5.551710695205212
389.20280474649405
0.45351431174788703
9.925566343042071
44.63106796116505
473.47680690399136
4.765724259858564
0.13019147788565263
0.06022884406469448
0.43482958560586726
0.018381447045001116
