1.0
1.0
1.0
40.0
30.0
1.0
229.11416666666668
136.0
255.0
1.0
1.0
1.0
40.0
30.0
1.0
0.0
0.0
0.0
40.0
30.0
1.0
926.0
1.0
17.779697624190064
13.23110151187905
0.0
17.779697624190064
13.23110151187905
0.0
0.7185255832067299
0.0
0.0
49.241347915623685
40.0
30.0
49.4064773081425
49.4064773081425
872.25
35.381168228959
0.226294740262542
1950.9088705112847
2.2366395763958553
926.0
228.5
252.0
54690065.0
1.127519994934123
9.0
4.3450934306602305
255.0
6.967527954135158
242.84557235421167
245.0
213.0
42.0
4.357896096145354
243.02375471622418
-1.3438721363431845
54690065.0
0.5421656116322789
86.57334432683834
4.963704294132747
2.1876741663319192
2.274159157144764
0.3573095642163099
0.8640265618727241
0.1530086884337345
0.6987336141498761
0.1530086884337345
0.6144837070019016
0.12909023011329854
0.44539225675679706
1.7047702188053624
-0.39477078741745836
0.7503565256785232
0.9234956557831328
0.9846991311566267
0.9234956557831328
0.9617478278915664
0.1530086884337345
0.6339836827611944
1.5517615303716288
0.25425881257661465
81.96096259919575
0.383572844304216
0.48710074979922535
4.646814594607912
39.45376689109261
185.3658804778368
9.53202377644715
0.38219220556201444
4.333687706465911
32.21549282787246
0.1473754377461068
0.22975161987041037
18.56302587960904
0.3395942737130392
1.134410660582804
0.21003600177593915
10.3
0.515
0.8275
3.55
21243.5
87495.65
5268.629166666667
0.6958333333333333
2.4
0.12
0.28432203938478673
0.3020304950151733
0.2823543828145077
3.5037016960573433
0.02159827213822894
19099.810000000005
3.3020675173503444
236.44924406047517
0.2553447560048328
3.9176046909767734
502.0453563714903
0.27902471905919235
4.957883369330453
55.21166306695464
278.17170626349895
12.818184545236381
0.2709083273338133
0.03426001277040694
0.13099182099445653
0.01743511341560551
