1.0
1.0
1.0
40.0
30.0
1.0
221.40083333333334
114.0
255.0
1.0
1.0
1.0
40.0
30.0
1.0
0.0
0.0
0.0
40.0
30.0
1.0
887.0
2.0
19.826381059751974
14.334836527621196
0.0
19.826381059751974
14.334836527621196
0.0
0.6096807367901079
0.0
0.0
46.625427121575
40.0
30.0
49.4064773081425
49.4064773081425
844.75
28.426624760635328
0.233733362410903
1848.9090634410973
2.188705609282151
887.0
217.0
254.0
51168723.0
1.4348544850998963
18.0
2.7365197204905685
255.0
11.298317549369633
239.79594137542279
245.0
205.0
50.0
8.458790742417385
240.18201243657575
-0.9401110901254608
51168723.0
0.4029073336646461
185.30559795823171
4.9904946185607955
2.1624071041857267
5.227417165513554
-0.35924732262321873
1.4795348734937424
0.2216782224662198
0.7392241903075583
0.21615797057776828
0.7660407373255476
0.17422923716862243
0.2764301887494406
2.2604345664269836
-0.38738982490373264
0.8115266039299904
0.8924730398999611
0.978086958609768
0.8928410566925244
0.9462365199499805
0.21132775017537325
0.4429758276043431
2.0233344950998795
0.42530327398999057
86.45621955655939
0.3585654436801966
0.5376534595382635
4.628378647328446
25.611993894552043
127.30708423776883
7.669863046459648
0.404712031756
4.335680845270968
42.36406268215538
0.17130312940262796
0.2717023675310034
11.266304624382089
0.37874777600349807
1.4188736868846805
0.20038263231070577
9.08695652173913
0.3950850661625709
0.77882797731569
3.9565217391304346
10933.260869565218
49758.17391304348
2800.993961352657
0.5990338164251208
2.5652173913043477
0.11153119092627599
0.2990380632118836
0.7616442889892134
0.24475146930908792
4.0187949789075805
0.02593010146561443
9445.984877126652
4.019796383104189
170.44081172491545
0.19215424095255404
4.075831660881402
357.3788049605412
0.44796884473079135
4.978579481397971
50.67531003382187
259.7542277339346
15.355348866340975
0.3348052110735313
0.039170011714235155
0.1594325809053422
0.01951929962829333
