1.0
1.0
1.0
40.0
30.0
1.0
203.00166666666667
122.0
255.0
1.0
1.0
1.0
40.0
30.0
1.0
0.0
0.0
0.0
40.0
30.0
1.0
642.0
3.0
22.305295950155763
14.010903426791277
0.0
22.305295950155763
14.010903426791277
0.0
0.8052262617850106
0.0
0.0
47.770901496616474
40.0
30.0
49.4064773081425
49.4064773081425
584.0833333333334
38.46638443422045
0.2425992784977355
1392.8718526540677
2.3847142576471407
642.0
209.10000000000002
254.0
35356318.0
1.470595895268029
21.75
2.3166952248304455
255.0
12.299385681427783
234.17445482866043
236.0
201.0
54.0
9.386499294453689
234.67455426067283
-0.49146661489000665
35356318.0
0.38927708387923254
234.47112314515584
4.426240759977848
2.0202679928900418
5.718283918888774
0.18081427380633297
1.5769859453869515
0.1981371401593979
0.7766199584309935
0.19052917794617252
0.7125708807734525
0.16056473162694682
0.28826812072280833
2.2052109568574467
-0.462584340000575
0.8541384054298833
0.9054962072482362
0.9805374227015935
0.9060034047291179
0.9527481036241181
0.18387221100960033
0.46430203363614575
1.992414410469078
0.4437807713865874
75.68664977025463
0.3893380645597059
0.4932335879865267
3.3967154085778866
22.831698852022928
113.26174745356558
6.887033565300371
0.5596067599020739
3.955677326436033
40.92490938631061
0.2055942795604706
0.30334890965732086
11.09905957823463
0.4337013016511113
1.1733677179187112
0.2974350743285858
8.80952380952381
0.41950113378684806
0.6167800453514738
3.238095238095238
3787.4285714285716
18521.380952380954
1013.1997354497355
0.6521164021164021
1.9523809523809523
0.09297052154195011
0.20238159473711453
0.5604309571212354
0.1426342420597346
4.011365041826374
0.03271028037383177
2852.816326530612
4.021807673035293
115.57943925233644
0.1800302792092468
4.7243912617307675
249.9158878504673
0.4733091681951844
4.306853582554517
47.93146417445483
233.55607476635515
15.58727068189685
0.4138542748355833
0.04416948371883656
0.14803757155337038
0.025697461734475846
