1.0
1.0
1.0
40.0
30.0
1.0
231.67083333333332
181.0
255.0
1.0
1.0
1.0
40.0
30.0
1.0
0.0
0.0
0.0
40.0
30.0
1.0
864.0
2.0
20.04050925925926
12.447916666666666
0.0
20.04050925925926
12.447916666666666
0.0
0.7430384675193717
0.0
0.0
48.278877266530046
40.0
30.0
49.4064773081425
49.4064773081425
813.1666666666666
35.87306297767832
0.23115321699861255
1822.652578599626
2.2414255936867713
864.0
231.0
252.0
50178029.0
0.6418972026219307
11.0
2.3047098287867547
255.0
6.149519890260631
240.86921296296296
241.0
225.0
30.0
4.516913884994128
240.9905028288536
0.07650954516881335
50178029.0
0.7268759645061729
58.44470030649863
1.4433165080001713
1.1614587865993684
0.977836600172646
0.5662687439160577
0.4593848709194085
0.08211970359586789
0.6964096395848334
0.08211970359586789
0.40753592061830124
0.07515454542838607
0.6540931673139758
1.0038996142562973
-0.4255236014876314
0.6442092620696025
0.9589401482020661
0.9835760592808265
0.9589401482020661
0.972626765468044
0.08211970359586789
0.7974813616026978
0.9217799106604296
0.13537614362881908
81.6911730107707
0.5638454460324165
0.21807727698379176
1.9659436143604947
78.48634765714127
92.8962765691161
74.88386542914758
0.7585140964098762
4.279519850548968
17.555799707165175
0.11809194099791928
0.1675347222222222
37.76244642084225
0.23132808326659235
0.5487058158842474
0.15198365011217857
5.8
0.58
0.20999999999999996
3.1
49257.6
50732.1
48888.975
0.475
1.2
0.12
0.018496350055321468
0.054554512353951
0.009481809480664077
3.3219280948873595
0.011574074074074073
41792.64000000001
2.595610275249457
300.1041666666667
0.34734278549382713
2.9096739969135803
628.0208333333334
0.1365620177469136
1.4895833333333333
61.58101851851852
83.1261574074074
56.1947337962963
0.8776041666666666
0.02213177826214505
0.0394465712060716
0.017803080026163414
