1.0
1.0
1.0
40.0
30.0
1.0
162.43083333333334
50.0
255.0
1.0
1.0
1.0
40.0
30.0
1.0
0.0
0.0
0.0
40.0
30.0
1.0
636.0
1.0
20.11949685534591
16.2374213836478
0.0
20.11949685534591
16.2374213836478
0.0
0.6345849672451158
0.0
0.0
54.642814756904635
40.0
30.0
49.4064773081425
49.4064773081425
586.6666666666666
34.67550881269126
0.24808703705754948
1366.074320696558
2.3285357739145875
636.0
183.5
247.0
31354493.0
1.9351939487844447
36.0
2.5373147023033606
255.0
20.873684783038648
220.65251572327045
229.0
159.0
96.0
15.785849750212085
222.03494611343837
-0.741715415119013
31354493.0
0.31291780388434004
611.9846005893754
12.441709979776432
3.4300507261468223
27.130134777986697
-3.4874454654985545
3.128804670382789
0.4230961343020182
0.7621932131112555
0.36740284853465854
1.0524929919286024
0.2863061943442148
0.2019916708180684
3.057635314864351
-0.35324808161046367
0.8512760709418854
0.8218679043094067
0.9842327824284156
0.8251169681348374
0.9400590923892279
0.32305176358304477
0.39835299161593757
2.6028511530932086
0.8879752011712017
64.0167596331944
0.23766106787114022
1.2960138844267106
10.000398254346075
11.411024776113162
158.196310743542
1.1602719843318121
0.23077725584311967
4.076517048317794
89.4176802845956
0.32878001585223854
0.42256289308176104
5.599366421792691
0.5877003899277256
4.715013486607416
0.17955243660987075
14.018181818181818
0.2548760330578512
1.8565289256198345
7.2727272727272725
1006.7272727272727
14658.345454545455
79.05614141414141
0.4596363636363637
13.872727272727273
0.2522314049586777
0.513193248092734
2.7585160572447323
0.3136809365459684
4.139132096843554
0.08647798742138364
873.0095867768595
4.5281368707420935
87.13836477987421
0.1370100075155255
5.606789683952375
199.01572327044025
1.0151966892132431
12.13679245283019
37.185534591194966
524.3411949685535
3.493212788259958
0.15646226415094341
0.09259683290390462
0.7055769108685868
0.03729034148299853
