1.0
1.0
1.0
40.0
30.0
1.0
211.1025
63.0
252.0
1.0
1.0
1.0
40.0
30.0
1.0
0.0
0.0
0.0
40.0
30.0
1.0
1096.0
1.0
17.937956204379564
13.719890510948906
0.0
17.937956204379564
13.719890510948906
0.0
0.7564160020754451
0.0
0.0
44.04814617118099
40.0
30.0
49.4064773081425
49.4064773081425
1062.9166666666667
33.31872262563955
0.2241154185580974
2247.390461070084
2.11436186066962
1096.0
207.0
237.5
54836281.0
1.3570567758003618
13.0
5.618849549872253
252.0
9.667070701688957
223.28740875912408
225.0
157.0
95.0
6.030354761546484
223.68080628920708
-1.0540138426067194
54836281.0
0.440423703979967
175.8361918256167
12.35395916730522
3.4756398318139663
5.197369415358076
-0.809177926998935
1.311193053799357
0.215875332938948
0.7164366012864074
0.20484131663217545
0.7492893896544037
0.17253355688600858
0.3139025378507032
2.1342846112332876
-0.3799637944711092
0.790025284897893
0.8986827433145895
0.9917931105622181
0.8993574875370534
0.966118148316371
0.19576131164104038
0.4253838031558696
1.9072458782434676
0.38176709668457626
93.97809982130062
0.362823311946448
0.64886169851776
11.453965236664898
35.56461904186339
469.58226084679325
3.0162485207062004
0.12949490304355296
4.644793360384889
37.363788874128915
0.1405312408646609
0.23585766423357665
15.760898773465753
0.31222971305674824
3.208037241700245
0.061142659928552036
5.64
0.2256
1.68
9.52
13151.04
188872.56
974.9983
0.2805666666666667
2.84
0.1136
0.2817647968409716
2.0504528339605237
0.12475871908106702
4.2936606896881795
0.02281021897810219
11229.0944
3.765063768420845
236.18613138686132
0.21549829506100485
3.717126644999734
482.7043795620438
0.40882239330811443
12.366788321167883
54.31386861313869
692.8905109489051
4.781914284266017
0.09913498580697486
0.03400458767583811
0.36412454707146447
0.006520366923390665
