1.0
1.0
1.0
40.0
30.0
1.0
219.86333333333334
174.0
241.0
1.0
1.0
1.0
40.0
30.0
1.0
0.0
0.0
0.0
40.0
30.0
1.0
863.0
2.0
18.02201622247972
17.6558516801854
0.0
18.02201622247972
17.6558516801854
0.0
0.7087740493692576
0.0
0.0
44.147050560633794
40.0
30.0
47.70744176750625
47.70744176750625
821.3333333333334
31.290283793569767
0.23546017220383822
1801.273388950707
2.1931088339497244
863.0
219.0
237.0
45358331.0
0.6991142376815085
7.0
3.114795441867902
241.0
4.948404136047555
229.16685979142525
230.0
213.0
28.0
3.3327108730200448
229.25727981380342
-0.7746615827481166
45358331.0
0.693596269447305
41.45072096180157
3.498611736608539
1.8428878923213194
1.0450753419516055
-0.6017411095980756
0.46942694757919334
0.060103880710838824
0.7714843932584176
0.060103880710838824
0.3265270686444547
0.056389901776645435
0.6788446840783386
0.9230859570637138
-0.5264159199990743
0.6932485932355991
0.9699480596445806
0.9879792238578323
0.9699480596445806
0.9799653730963871
0.060103880710838824
0.8128359519659
0.8629820763528753
0.13238270707250804
57.23308377782062
0.5049390429882172
0.24753047850589135
2.3633105198894673
149.4313564359617
576.8687640575798
42.572004530557166
0.6591723700276332
4.072012884749954
13.509407600197074
0.11583671330297371
0.13151796060254925
80.71597420202282
0.26299733579987694
0.3959942898195147
0.2297480972949675
3.0
0.5
0.25
2.5
82647.16666666667
320058.1666666667
23294.416666666668
0.625
1.3333333333333333
0.2222222222222222
0.3355227919270296
0.8405238451772545
0.20927252861447346
2.5849625007211543
0.006952491309385863
61959.1388888889
2.131200170306532
400.8470451911935
0.46448093301412924
2.723816377964174
598.5735805330244
0.15320186527634744
3.433371958285052
65.89223638470452
241.72769409038239
21.93337195828505
0.39165701042873696
0.021991822779495903
0.06384090585292097
0.011529552011139635
