1.0
1.0
1.0
40.0
30.0
1.0
231.13416666666666
194.0
255.0
1.0
1.0
1.0
40.0
30.0
1.0
0.0
0.0
0.0
40.0
30.0
1.0
635.0
2.0
19.0755905511811
13.325984251968505
0.0
19.0755905511811
13.325984251968505
0.0
0.8168417542743042
0.0
0.0
44.74694686579243
40.0
30.0
49.4064773081425
49.4064773081425
572.75
36.55117457627296
0.23863860508921253
1397.6126449109759
2.4401792141614593
635.0
232.0
248.0
36248016.0
0.3632734833210036
9.0
2.52716920784828
255.0
4.676728873457748
238.85354330708662
238.0
231.0
24.0
3.6004526748971193
238.9215138152685
0.6614479454729212
36248016.0
0.871019902039804
32.47461342922686
1.210586132515737
1.0820973659811937
0.5627638156571013
0.32485143949012074
0.22997800261346196
0.07141193085568853
0.5284093953622345
0.07141193085568853
0.36715593646980865
0.06594359736174893
0.7833614359036757
0.7035370206105038
-0.2832729671223805
0.443922294348327
0.9642940345721557
0.9857176138288622
0.9642940345721557
0.9761960230481037
0.07141193085568853
0.882196668590962
0.6321250897548156
0.07534748336728762
107.43597753666609
0.7632197338523402
0.1183901330738299
1.4144295176339667
38.10622102023056
41.26552914383953
37.31639398932831
0.8963926205915083
3.788282766197609
19.160531872396277
0.13115440418407798
0.22125984251968506
15.031883816419207
0.24161541666788508
0.4064666176380579
0.20040261642534185
2.6
0.52
0.24
2.8
69855.0
70559.4
69678.9
0.55
1.0
0.2
0.2526533650791222
0.4106117366738575
0.21316377218043842
2.321928094887361
0.007874015748031496
53726.0
2.717964955928008
142.76377952755905
0.2248248496496993
2.9077661355322713
553.0976377952755
0.06449004898009796
1.2078740157480314
55.17952755905512
61.93543307086614
53.49055118110236
0.9480314960629921
0.02632593024086275
0.03604006270049577
0.023897397125954498
