1.0
1.0
1.0
40.0
30.0
1.0
236.9375
206.0
255.0
1.0
1.0
1.0
40.0
30.0
1.0
0.0
0.0
0.0
40.0
30.0
1.0
686.0
6.0
23.20408163265306
13.868804664723031
0.0
23.20408163265306
13.868804664723031
0.0
0.6524192068177888
0.0
0.0
48.897564054753715
40.0
30.0
49.4064773081425
49.4064773081425
620.25
31.90170995592444
0.23588335138144692
1491.069946949406
2.403982179684653
686.0
238.0
251.0
40720972.0
0.5840860851578538
6.0
2.767112678125875
255.0
3.9633316050285163
243.58892128279882
243.0
236.0
19.0
2.850266549350448
243.63911322427558
0.625963680672563
40720972.0
0.759283971814465
24.454920993803604
1.4035278214058091
1.1497079283671339
0.8983549700977389
0.521386407160374
0.4179251359160021
0.091191927391185
0.6411663619294914
0.091191927391185
0.43680899954082997
0.08245488587589364
0.6629865824705128
0.9939575265454632
-0.3673665331263355
0.5943515428089398
0.9544040363044075
0.9817616145217629
0.9544040363044075
0.9696026908696049
0.091191927391185
0.8046961079372736
0.9027655991542785
0.12727926582679677
102.92725500592603
0.6564844417908007
0.1717577791045997
1.664054800074855
43.90323992799665
52.62492380833564
41.7228189579119
0.8339862999812864
3.7951458287139355
28.20194266465865
0.1722289498258408
0.22959183673469388
22.134385345195454
0.3687514909099755
0.6335646697336288
0.3025481962040621
6.538461538461538
0.5029585798816568
0.2485207100591716
2.3846153846153846
17440.153846153848
18177.69230769231
17255.76923076923
0.6538461538461539
1.4615384615384615
0.11242603550295859
0.175857735023031
0.22694128184673787
0.16308684831710427
3.3927474104487807
0.018950437317784258
14655.562130177515
2.9198227302284234
184.37900874635568
0.26877406522792374
4.136609745939192
520.868804664723
0.12035801409276749
1.4198250728862973
55.44897959183673
72.57434402332362
51.167638483965014
0.8950437317784257
0.03201048192735684
0.050355064982477174
0.02742433616357676
