1.0
1.0
1.0
40.0
30.0
1.0
230.76166666666666
215.0
251.0
1.0
1.0
1.0
40.0
30.0
1.0
0.0
0.0
0.0
40.0
30.0
1.0
503.0
10.0
18.005964214711728
16.96023856858847
0.0
18.005964214711728
16.96023856858847
0.0
0.6890629311661839
0.0
0.0
47.30589881841855
40.0
30.0
46.87216658103186
46.87216658103186
421.9166666666667
32.5967413012704
0.23581027780956076
1153.6458694428543
2.7342979327106955
503.0
232.0
242.0
28079079.0
0.11778251444041485
6.0
4.548763979740374
251.0
3.277140338881225
236.23260437375745
235.0
232.0
19.0
2.4928697712822285
236.26937738071933
1.303076049249469
28079079.0
0.9686967657277015
17.375318664553433
1.0427970384178022
1.0191114423152146
0.0926088594346317
0.06033569914239546
0.0459068936796264
0.029074577055683164
0.22453322111259646
0.029074577055683164
0.1893196142549312
0.028213173501068098
0.9342960911312772
0.2597889469381371
-0.09518836258929159
0.1512390731715665
0.9854627114721585
0.9941850845888633
0.9854627114721585
0.9903084743147722
0.029074577055683164
0.9663512691569439
0.23071436988245425
0.01874536768382739
128.8080912242946
0.9143402513448048
0.042829874327597564
1.1345594640295142
21.47130879790941
21.731063614470177
21.406370093769212
0.9663601339926216
3.1655242681319526
22.72137818542051
0.15628556944555244
0.2798210735586481
7.3694120424110885
0.3146283351857301
0.4178889610824301
0.288813178711555
8.384615384615385
0.6449704142011834
0.1775147928994083
1.6923076923076923
4268.692307692308
4273.7692307692305
4267.423076923077
0.8269230769230769
1.3076923076923077
0.10059171597633136
0.1386345876990245
0.24760894667338348
0.11139099795543476
3.5465935642949344
0.02584493041749503
2771.597633136095
2.746099072933966
88.19284294234592
0.17533368378199984
3.5216138556335936
487.2544731610338
0.015651617136149307
1.047713717693837
49.238568588469185
49.60834990059642
49.14612326043738
0.9880715705765407
0.03379110446917888
0.04074935496619677
0.032051541844924404
