1.0
1.0
1.0
40.0
30.0
1.0
232.06083333333333
196.0
253.0
1.0
1.0
1.0
40.0
30.0
1.0
0.0
0.0
0.0
40.0
30.0
1.0
721.0
2.0
22.259361997226076
14.349514563106796
0.0
22.259361997226076
14.349514563106796
0.0
0.6814377188340881
0.0
0.0
44.034156518927134
40.0
30.0
44.721359549995796
44.721359549995796
661.9166666666666
30.006535169040895
0.23465682394256437
1565.2599766821381
2.36473872846351
721.0
232.0
245.0
40781240.0
0.18292441409630852
8.0
2.6407989014613524
253.0
4.296352153831654
237.7725381414702
237.0
231.0
22.0
3.302577194600908
237.82777950562667
0.6606825739769672
40781240.0
0.9460604300161011
26.27281034008476
1.0775569125089617
1.0321707019924378
0.2146470293951327
0.12665270851758648
0.08662885533189252
0.03791038693670435
0.3929122368636302
0.03791038693670435
0.23170207455393665
0.036424127620382045
0.9013062512453196
0.3698077206750091
-0.19831852312840348
0.2726905042279913
0.9810448065316478
0.9924179226126592
0.9810448065316478
0.9873632043544319
0.03791038693670435
0.94887410453921
0.33189733373830504
0.031134810567149215
101.04805597396962
0.8246599436655752
0.08767002816721242
1.2919140881744346
69.74881758597509
70.86475617212696
69.46983293943711
0.9270214779563914
3.9802297882809325
13.536997864515941
0.10735389223248436
0.16955617198335643
31.55545121648351
0.2582745948940158
0.4367920464802625
0.21364523199745408
4.142857142857143
0.5918367346938775
0.20408163265306123
3.142857142857143
70021.28571428571
70084.71428571429
70005.42857142857
0.4642857142857143
1.8571428571428572
0.2653061224489796
0.4545539449624793
1.3896434766429202
0.22078156204236907
2.5216406363433164
0.009708737864077669
59412.28571428571
2.3494810788875156
212.2621359223301
0.294399633734161
2.922874494316531
682.1095700416089
0.026969784991949464
1.0832177531206657
61.34674063800277
63.21081830790569
60.88072122052704
0.9791955617198336
0.026249341288886233
0.03981495546798367
0.022857937744111875
