1.0
1.0
1.0
40.0
30.0
1.0
243.30333333333334
209.0
255.0
1.0
1.0
1.0
40.0
30.0
1.0
0.0
0.0
0.0
40.0
30.0
1.0
1127.0
1.0
18.367346938775512
14.872227151730257
0.0
18.367346938775512
14.872227151730257
0.0
0.7652984603380761
0.0
0.0
44.09927484303223
40.0
30.0
47.16990566028302
47.16990566028302
1094.1666666666667
33.74910713939821
0.22230078886707397
2309.929759243296
2.1111315392931873
1127.0
238.0
253.0
67479133.0
0.7104240694598799
7.0
2.2424804782757626
255.0
4.2178613353446766
244.64152617568766
244.0
234.0
21.0
3.5670972619667007
244.69370056969504
0.23571341548560312
67479133.0
0.6868790492934183
25.53076892189691
1.5529853471895776
1.1971329818368344
1.0841711038689048
0.6274192698982802
0.5562534106291895
0.07682719664185005
0.7574619043633383
0.07682719664185005
0.3885082832502258
0.07069691345576361
0.6127627829087166
1.076474785027018
-0.4970466035154988
0.7113115281570832
0.9615864016790749
0.98463456067163
0.9615864016790749
0.9743909344527167
0.07682719664185005
0.7644534198422409
0.9996475883851681
0.15827015181775989
71.50670592884904
0.5371301205294425
0.23143493973527873
2.0935957417130138
154.362727486285
190.62344744885024
145.2975474956437
0.7266010645717466
4.686332456753807
10.61924011835964
0.07757945887389538
0.11779059449866902
68.1927894258452
0.15846926274069104
0.43626633980564056
0.08901999347445368
4.333333333333333
0.7222222222222222
0.13888888888888887
3.5
140221.16666666666
148652.66666666666
138113.29166666666
0.375
1.0
0.16666666666666666
0.009013118090419743
0.036051865907061185
0.002253431136259383
2.5849625007211543
0.005323868677905945
104939.80555555556
2.3021802300597543
526.2333629103815
0.4669328863446154
2.2264872308245853
774.1126885536823
0.15656047535329085
1.582963620230701
67.15261756876664
99.849157054126
58.9784826974268
0.8542590949423248
0.018649936436173603
0.034270468440753016
0.014744803435028748
