1.0
1.0
1.0
40.0
30.0
1.0
230.5975
176.0
255.0
1.0
1.0
1.0
40.0
30.0
1.0
0.0
0.0
0.0
40.0
30.0
1.0
535.0
9.0
22.805607476635515
16.132710280373832
0.0
22.805607476635515
16.132710280373832
0.0
0.6887056911668227
0.0
0.0
49.04143063094379
40.0
30.0
49.4064773081425
49.4064773081425
472.4166666666667
33.77511237849394
0.24993718951559035
1173.6449015290198
2.4843427091812025
535.0
233.0
250.0
31336708.0
0.47782074458580737
11.0
2.0021958430704507
255.0
5.543799458467988
241.93271028037384
241.0
232.0
23.0
4.625614366729678
242.01918515131896
0.18414607003349673
31336708.0
0.8155297405886976
41.849677701109265
1.2897675231968693
1.1104789012716867
0.7217859592525525
0.417626960688645
0.30975141511389515
0.08333836123638098
0.5755790782561435
0.08333836123638098
0.4124680862784609
0.07624851099235291
0.7272066008325091
0.8479104542443046
-0.30844600947352085
0.5123995517896116
0.9583308193818095
0.983332327752724
0.9583308193818095
0.9722205462545397
0.08333836123638098
0.847851918110123
0.7645720930079238
0.09827244408756905
93.19919202352067
0.6973878895816858
0.1513060552091571
1.5580208811506766
39.30417320929362
43.408698870357014
38.27804179402778
0.8604947797123308
3.5280104418255136
27.735029224745762
0.19956382563554498
0.24953271028037383
21.49435581432102
0.42141838590081293
0.670370678413053
0.359180312772753
7.571428571428571
0.5408163265306123
0.22959183673469388
2.0714285714285716
8228.785714285714
8464.285714285714
8169.910714285715
0.7321428571428571
1.5714285714285714
0.11224489795918367
0.09808999189341192
0.3235030142452097
0.04173673630546242
3.521640636343315
0.026168224299065422
6768.454081632652
2.875175579490051
131.48971962616824
0.24577517687134248
4.564472006288758
436.30841121495325
0.09223512970565115
1.308411214953271
53.61682242990654
63.51401869158879
51.14252336448598
0.9228971962616822
0.034767528073880984
0.054937668508040105
0.02972499296534121
