1.0
1.0
1.0
40.0
30.0
1.0
225.02666666666667
174.0
255.0
1.0
1.0
1.0
40.0
30.0
1.0
0.0
0.0
0.0
40.0
30.0
1.0
756.0
2.0
16.63095238095238
15.079365079365079
0.0
16.63095238095238
15.079365079365079
0.0
0.7233587860611586
0.0
0.0
46.12539200548082
40.0
30.0
49.4064773081425
49.4064773081425
701.5833333333334
33.365207567679676
0.2368828880701411
1611.8944903288855
2.29750966669992
756.0
225.0
246.0
41817489.0
0.7685127232057933
13.0
2.4855229891756903
255.0
6.888384983623079
235.04365079365078
234.0
222.0
33.0
5.164667654862428
235.18958074049303
0.4474107212585411
41817489.0
0.7287869880462472
68.62111048122952
4.109108692102496
2.0092388601037885
1.2488953669023541
0.19450811982731595
0.3987128933916646
0.11049717665361398
0.5659769841773215
0.11049717665361398
0.49926054013837157
0.09800399470440743
0.6750325960341266
1.1249940717047895
-0.3385596658152652
0.6026060039740231
0.944751411673193
0.9889502823346386
0.944751411673193
0.9723757058365965
0.11049717665361398
0.8173495716590435
1.0144968950511761
0.12730251751131963
73.51429159524683
0.45770479288676136
0.354251463140643
3.3482162076707884
54.90580857274527
225.71886728032513
14.044129932938446
0.5012353240332618
3.8479015281297575
29.495692748424247
0.1830728525748177
0.21130952380952378
30.083438478140252
0.4182428023981195
0.8745352427959474
0.3282576226337783
17.46153846153846
0.6715976331360947
0.3505917159763314
1.9615384615384615
15083.0
60711.53846153846
3770.3098290598286
0.8450854700854701
5.153846153846154
0.19822485207100593
0.3345069930513348
0.655842149415575
0.29692759257251766
3.079710276317334
0.03439153439153439
14237.532544378699
2.6656378538019743
233.15608465608466
0.30840751938635536
4.6449357520786085
550.9629629629629
0.15273928501441728
4.0476190476190474
58.074074074074076
246.55820105820106
14.559744268077601
0.308641975308642
0.0407463728069123
0.11503776623328148
0.02544876055778365
