1.0
1.0
1.0
40.0
30.0
1.0
231.08
190.0
255.0
1.0
1.0
1.0
40.0
30.0
1.0
0.0
0.0
0.0
40.0
30.0
1.0
621.0
4.0
17.682769726247987
14.439613526570048
0.0
17.682769726247987
14.439613526570048
0.0
0.7100273240891614
0.0
0.0
49.58771403515426
40.0
30.0
48.60041152089147
48.60041152089147
548.1666666666666
35.20863190407913
0.2340610968481012
1383.8742784836165
2.5245502191856795
621.0
232.0
253.0
35973822.0
0.687835410433888
10.0
2.2109802168047348
255.0
6.2067570616194825
240.57004830917873
238.0
231.0
24.0
4.842197128158744
240.6841496720996
0.667205112900605
35973822.0
0.700249714112348
54.91175990104786
1.5742517708077366
1.2149656874220771
0.9169504611622743
0.5280345639443993
0.5335691258634112
0.1412905829169887
0.5820794195136682
0.1412905829169887
0.5841110841472311
0.12074867423132832
0.5418214713784717
1.286150509029341
-0.28729756264958417
0.5866176905724703
0.9293547085415055
0.9717418834166023
0.9293547085415055
0.9529031390276704
0.1412905829169887
0.7143890211194286
1.1448599261123524
0.16871492719509995
124.15005443750489
0.6588676886561088
0.1705661556719456
1.656078378550133
18.769658392655057
26.45898894046909
16.847325755701544
0.8359804053624669
3.534688755176832
34.69722734954321
0.17746372346340644
0.3035426731078905
6.8472000870484235
0.3446679860143992
0.5660872068090614
0.2893131808157336
5.2
0.52
0.24
2.2
10148.5
11538.7
9800.95
0.7
1.2
0.12
0.028067867211450947
0.04813428597666945
0.02305126252014632
3.3219280948873595
0.01610305958132045
6292.09
3.3565735311746048
106.50402576489533
0.1715040672542598
3.375299825485361
434.8550724637681
0.14987514294382598
1.5507246376811594
46.56199677938808
68.5426731078905
41.06682769726248
0.8623188405797102
0.03264135972871882
0.052142104023574005
0.02776617365500503
