1.0
1.0
1.0
40.0
30.0
1.0
238.77083333333334
203.0
255.0
1.0
1.0
1.0
40.0
30.0
1.0
0.0
0.0
0.0
40.0
30.0
1.0
814.0
1.0
17.584766584766584
15.214987714987714
0.0
17.584766584766584
15.214987714987714
0.0
0.770843859171321
0.0
0.0
43.28179933448051
40.0
30.0
49.4064773081425
49.4064773081425
757.3333333333334
33.363509230869674
0.23040536004316922
1743.878652230771
2.302656671079363
814.0
238.0
250.0
48054113.0
0.47903965163282747
5.0
3.1006640761887114
255.0
3.4399030480111548
242.93243243243242
242.0
237.0
18.0
2.562737967566202
242.9702386199529
0.8829148204414743
48054113.0
0.8149098394798642
18.370127498505873
1.298238573705365
1.1115802156866232
0.7778676941502691
0.4461276310006115
0.3234794761031163
0.07300414670900975
0.6340447442753173
0.07300414670900975
0.3719226608273202
0.06724030167745132
0.7345178869164857
0.8206298446424021
-0.3758234882722005
0.5532004433962407
0.9634979266454952
0.985399170658198
0.9634979266454952
0.97566528443033
0.07300414670900975
0.8519177109588718
0.7476256979333926
0.0991209057030315
98.18633626018546
0.674900193291227
0.16254990335438652
1.6132256419027833
68.00433885844514
77.94322791449152
65.51961659443354
0.8466935895243042
4.203694418067104
17.19111749863503
0.11152026351890637
0.17874692874692874
30.155696998116323
0.246943224755939
0.4844731725808481
0.18756073779971172
4.333333333333333
0.7222222222222222
0.13888888888888887
3.5
89551.33333333333
91755.33333333333
89000.33333333333
0.375
1.0
0.16666666666666666
0.22787780563160562
0.9115102842640842
0.056969685973485944
2.5849625007211543
0.007371007371007371
71145.88888888889
2.6029797763120923
245.49631449631448
0.3015925239512463
2.9502562647525794
663.3366093366093
0.09254508026006797
1.3095823095823096
60.255528255528255
73.24324324324324
57.00859950859951
0.9226044226044227
0.02389644804823376
0.04037759930617074
0.019776160233749517
