1.0
1.0
1.0
40.0
30.0
1.0
225.1025
183.0
253.0
1.0
1.0
1.0
40.0
30.0
1.0
0.0
0.0
0.0
40.0
30.0
1.0
840.0
3.0
17.476190476190474
14.473809523809523
0.0
17.476190476190474
14.473809523809523
0.0
0.7113910016477618
0.0
0.0
46.24170082823158
40.0
30.0
49.4064773081425
49.4064773081425
774.3333333333334
32.8959298700918
0.22346272317584895
1824.8661174561041
2.356693220993677
840.0
223.0
242.0
44621948.0
0.8789830313532501
9.0
3.3149038317143393
253.0
5.851031746031748
230.36666666666667
228.0
222.0
31.0
4.363018692253979
230.48072949092006
1.0713467261866867
44621948.0
0.6298072562358276
52.56555555555555
3.4319813672324777
1.8336092791381788
0.9676862177903345
-0.34715441637416045
0.48548359493415427
0.20625195314248326
0.40336926854787486
0.20625195314248326
0.7321418642172307
0.16322953242359337
0.5104445228578149
1.501127348448042
-0.14093668808376264
0.44445469368583357
0.8968740234287585
0.9793748046857518
0.8968740234287585
0.9484370117143793
0.20625195314248326
0.6962037961777549
1.2948753953055596
0.17293388701915938
120.5214210090526
0.4627143688184641
0.32629185345699485
2.848338175883452
22.519314743832783
85.16550934928546
6.951294792881525
0.5849556432462761
3.6064386853474586
62.509045994378006
0.2358338698680213
0.3098214285714286
11.500553969803663
0.48569641020872717
1.1072306096523445
0.3684578523554991
25.571428571428573
0.608843537414966
0.4676870748299319
2.3095238095238093
6297.190476190476
24660.761904761905
1707.4087301587304
0.8048941798941799
8.428571428571429
0.20068027210884354
0.3823742381826926
0.6131980910799837
0.3454281221071058
3.3620072143529476
0.05
5897.190476190476
3.354303504338653
139.33809523809524
0.16587868480725623
5.21858843537415
529.0380952380953
0.1961678004535147
3.419047619047619
47.74761904761905
178.73809523809524
15.145502645502646
0.41375661375661377
0.056510382548080954
0.13464944015525082
0.040006923260926947
