1.0
1.0
1.0
40.0
30.0
1.0
217.335
174.0
247.0
1.0
1.0
1.0
40.0
30.0
1.0
0.0
0.0
0.0
40.0
30.0
1.0
692.0
8.0
16.30491329479769
14.622832369942197
0.0
16.30491329479769
14.622832369942197
0.0
0.8104774917801459
0.0
0.0
41.512632855309235
40.0
30.0
47.70744176750625
47.70744176750625
627.1666666666666
33.645054553761106
0.23588446812128644
1502.1273635367338
2.3951007656711143
692.0
218.0
235.0
35528516.0
0.9735914329198503
10.25
2.3409436508649635
247.0
5.642687694209629
226.48554913294797
226.0
216.0
31.0
4.268024429377361
226.58725941051415
0.30278013007845156
35528516.0
0.5181930569013331
46.08216111463797
2.8893723163422487
1.6678237134053215
0.7998300543659042
-0.3616502460555146
0.6586466310672756
0.22819764774743045
0.4834249892812329
0.22819764774743045
0.7644246682382865
0.17368322259182123
0.3828946380008257
1.6534052528105478
-0.1952416556323134
0.527218785151608
0.8859011761262848
0.954360470450514
0.8859011761262848
0.9239341174175232
0.22819764774743045
0.5537248895316061
1.4252076050631177
0.22171106970367652
127.60007057920981
0.5398735904942257
0.23006320475288722
2.0798661296509398
18.183368622938243
60.824268507863444
7.523143651706944
0.7300334675872651
3.25976673400799
58.7288362102033
0.2369635121018834
0.34284682080924855
8.382091344615612
0.46851273076625677
0.6769510255769865
0.41640315706357445
16.391304347826086
0.7126654064272212
0.14366729678638943
1.5217391304347827
4235.304347826087
12954.869565217392
2055.413043478261
0.8695652173913043
2.4782608695652173
0.10775047258979206
0.20202538559235664
0.21022703995160094
0.1999749720025456
3.638147696204822
0.033236994219653176
3330.079395085066
3.52225649458179
105.24277456647398
0.1520849343446156
4.714181897156604
358.5895953757225
0.24090347154933345
2.786127167630058
43.86705202312139
144.83526011560693
18.625
0.5534682080924855
0.04706765660931467
0.08962574133967438
0.03642813542672474
