1.0
1.0
1.0
40.0
30.0
1.0
223.49833333333333
166.0
252.0
1.0
1.0
1.0
40.0
30.0
1.0
0.0
0.0
0.0
40.0
30.0
1.0
941.0
2.0
21.1009564293305
13.461211477151966
0.0
21.1009564293305
13.461211477151966
0.0
0.6424310030953867
0.0
0.0
47.913459616780116
40.0
30.0
49.4064773081425
49.4064773081425
897.1666666666666
30.78109192337835
0.22870219053962473
1966.9616223243554
2.1924149607925196
941.0
221.0
238.0
49377788.0
0.8630751899313769
9.0
3.432748393634063
252.0
5.213620619753557
228.97343251859724
228.0
217.0
35.0
3.6333868314341218
229.071470454055
0.739792438747873
49377788.0
0.6131752121163526
44.905776634394186
3.2478800759971023
1.7769120031073178
0.9070758560408692
-0.4638385288357061
0.5435808206994367
0.1817620102641045
0.4978905290731899
0.1817620102641045
0.6811589866022867
0.1481571403049739
0.49509497828588966
1.4493660133925252
-0.2076778163602393
0.5273543759992623
0.9091189948679477
0.9818237989735895
0.9091189948679477
0.9545594974339738
0.1817620102641045
0.678005926168064
1.2676040031284215
0.18133570774088528
110.32513019525504
0.48237040590131686
0.28937000283499864
2.5563121015460135
39.80703172003112
149.52291788976981
12.408618064646587
0.6328887963715372
3.9033057517122263
42.36954990336764
0.18032970911348517
0.24309245483528164
21.731780962990655
0.4045243887339462
0.8357922311744592
0.3165264835588343
14.846153846153847
0.5710059171597633
0.46745562130177515
2.3846153846153846
18503.5
72813.76923076923
4926.317307692308
0.782051282051282
4.0
0.15384615384615385
0.3366976398516603
0.9442700004245379
0.24890711381100503
3.8402655651949225
0.02763018065887354
17193.616863905325
3.1751280171401595
206.80446333687567
0.21977094934843322
4.343386249959062
576.9978746014878
0.19746104094836592
3.2646121147715195
54.12008501594049
194.21253985122212
19.117044515291063
0.4397508560632896
0.03894081830787969
0.10524128045755239
0.024727256672929337
