1.0
1.0
1.0
40.0
30.0
1.0
216.17166666666665
174.0
255.0
1.0
1.0
1.0
40.0
30.0
1.0
0.0
0.0
0.0
40.0
30.0
1.0
552.0
5.0
22.963768115942027
17.217391304347824
0.0
22.963768115942027
17.217391304347824
0.0
0.7242351973534402
0.0
0.0
45.34820443636803
40.0
30.0
47.70744176750625
47.70744176750625
503.5
32.84276578959715
0.2573972187525379
1189.0859779773348
2.3616404726461466
552.0
220.0
247.0
29676663.0
1.2456571859099843
15.0
2.5706166478467347
255.0
8.389519008611638
231.643115942029
229.0
218.0
37.0
6.2768592020817815
231.86649316400573
0.6982721828365477
29676663.0
0.4758782293635791
103.5374888416299
3.5613606414368078
1.8297203759608283
3.5182109623948556
0.14025827118002868
1.0460433377478369
0.19228466904785624
0.6891378112902443
0.19228466904785624
0.7036245690646437
0.1547504889592236
0.36840879142588895
1.9377237123361972
-0.38138456652975894
0.7717068168038139
0.9038576654760719
0.9807715330952144
0.9038576654760719
0.951928832738036
0.19228466904785624
0.5652361933586489
1.7454390432883418
0.30958200169892325
76.03511197557458
0.45435789682636757
0.3700099876939709
2.6980783707810345
21.850055988348153
84.46036080607914
7.753455304502358
0.6429223466227382
3.705925908014538
36.268665835115776
0.21100361506334953
0.30389492753623193
10.281734158711302
0.44161053168137643
0.787975627389699
0.36449621094916707
10.3
0.515
0.33999999999999997
2.3
3099.2
11553.45
1088.3597222222222
0.7305555555555555
2.3
0.115
0.2955910604050689
0.4837143919989465
0.24859027377785714
3.821928094887357
0.036231884057971016
2337.44
3.7677054166294583
97.31521739130434
0.17629568367989917
4.835840684730099
262.6847826086956
0.33487909577819786
3.454710144927536
47.98550724637681
186.6358695652174
17.914301529790663
0.47287640901771333
0.046759352828624735
0.11083173637812611
0.03283419951876945
