1.0
1.0
1.0
40.0
30.0
1.0
215.99416666666667
106.0
255.0
1.0
1.0
1.0
40.0
30.0
1.0
0.0
0.0
0.0
40.0
30.0
1.0
869.0
1.0
17.524741081703105
14.154200230149597
0.0
17.524741081703105
14.154200230149597
0.0
0.6556137393506162
0.0
0.0
49.53556184929693
40.0
30.0
49.4064773081425
49.4064773081425
826.6666666666666
32.476194934851286
0.23472157401699698
1814.7552705365918
2.1952684724232965
869.0
217.0
255.0
49228206.0
1.506101768834636
26.0
2.287281342175225
255.0
12.68393892163393
237.53509781357883
236.0
199.0
56.0
11.081891862356038
238.0110478912626
-0.40760890648605597
49228206.0
0.37480881560356
226.33622499043253
10.674524673102855
3.205631755485441
6.212161146783577
-0.43028609966601217
1.7319760901735477
0.13853850509109028
0.8513101856221621
0.13853850509109028
0.5764811253674148
0.11870303932368215
0.3096096042460097
2.050505706465395
-0.5883087235830206
0.9036396781262119
0.9307307474544548
0.9918506761711123
0.9307307474544548
0.9722922989817819
0.13853850509109028
0.42507805427505924
1.9119672013743054
0.4676286488161595
64.34767634560815
0.3642084196804327
0.5679941560970029
7.988584910120773
51.76066446298191
632.0848565842675
4.9258045276193645
0.17234300983380002
4.2362740227184545
25.365543090330238
0.13843414233406995
0.20397008055235902
24.565013496413464
0.2905125938951602
1.5231502127842598
0.07207373304580286
2.142857142857143
0.30612244897959184
0.9795918367346939
5.571428571428571
38185.28571428572
428127.71428571426
3784.405753968254
0.4176587301587302
1.2857142857142858
0.1836734693877551
0.28590962236046014
0.28651880273742586
0.2857627061984927
2.5216406363433164
0.00805523590333717
22773.836734693876
3.404429244361202
252.32336018411968
0.2903605986008282
3.3143422396018862
325.7088607594937
0.5087709773147713
10.508630609896432
57.60529344073648
659.8642117376295
5.941160017900525
0.12125207773941951
0.026265908677753164
0.21760832749116354
0.005834291050470372
