1.0
1.0
1.0
40.0
30.0
1.0
216.1075
117.0
255.0
1.0
1.0
1.0
40.0
30.0
1.0
0.0
0.0
0.0
40.0
30.0
1.0
734.0
2.0
19.317438692098094
9.14850136239782
0.0
19.317438692098094
9.14850136239782
0.0
0.515592903817146
0.0
0.0
47.77309334416661
40.0
30.0
46.14108798023731
46.14108798023731
695.5833333333334
24.631467921646433
0.24722218257441417
1535.6637519234812
2.2077351171776414
734.0
225.3
255.0
43184525.0
1.3045853590653038
17.0
3.207130741163709
255.0
9.034776410842756
242.2874659400545
243.0
209.0
46.0
7.112332415059689
242.5582460457604
-0.8378645428728998
43184525.0
0.4517777992263659
131.2865731425729
5.440775622698039
2.274838036576776
3.1472780123368027
0.08789472513300836
1.188715361547036
0.12539578975891286
0.8087663675292198
0.12539578975891286
0.542572098203707
0.10935287754331142
0.3851640496756652
1.789195536547988
-0.5443507200404198
0.8578429514863923
0.9373021051205437
0.9874604210241087
0.9373021051205437
0.9686510525602717
0.12539578975891286
0.5331807338501513
1.6637997467890757
0.3285277878264873
53.48421910425565
0.37018449822905974
0.514321174163848
3.970528056560046
58.27271278036683
329.8505696990522
12.625193735192308
0.47622516030005035
4.227368500844714
26.476994954569626
0.1802526177317026
0.1965258855585831
29.78430045604013
0.4192902361426267
1.025929730111402
0.3011669895950272
4.6923076923076925
0.3609467455621302
0.7455621301775148
4.153846153846154
17337.69230769231
87532.84615384616
3910.1858974358975
0.5534188034188035
1.9230769230769231
0.14792899408284024
0.2606319436520365
1.5286909608523773
0.11489300988820608
3.392747410448781
0.017711171662125342
14149.786982248523
3.182196357662748
248.45776566757493
0.3384983183481947
4.312906027960709
331.60490463215257
0.3664905820074394
5.3283378746594
59.485013623978205
342.5
12.826029367241901
0.2766802906448683
0.0325617318276589
0.13876888765143763
0.015345242263221546
