1.0
1.0
1.0
40.0
30.0
1.0
248.825
199.0
255.0
1.0
1.0
1.0
40.0
30.0
1.0
0.0
0.0
0.0
40.0
30.0
1.0
940.0
1.0
21.25851063829787
16.67872340425532
0.0
21.25851063829787
16.67872340425532
0.0
0.6581195025929647
0.0
0.0
44.31013232443515
40.0
29.0
44.41846462902562
44.41846462902562
907.1666666666666
29.16136224518571
0.23340189678019052
1941.6508296568093
2.140346312316894
940.0
250.0
255.0
60452521.0
0.46561423338689356
1.0
7.314584694663479
255.0
1.8970642824807662
253.581914893617
255.0
243.0
12.0
0.8609370665826602
253.5965152623188
-2.2553537051908426
60452521.0
0.8217043911272071
7.404992077863285
3.735795886643012
1.925803221234487
0.4263579510665966
-0.25505891188892715
0.19150976431320993
0.08322755412089868
0.3913363122610336
0.08322755412089868
0.4125387592110309
0.07620594824962207
0.7864253925333236
0.6976810160042107
-0.16871880041777312
0.34099532776672004
0.9583862229395507
0.9833544891758204
0.9583862229395507
0.9722574819597005
0.08322755412089868
0.8841894441740377
0.6144534618833124
0.06868432960852716
63.39807938630686
0.5023358150268706
0.24883209248656468
2.466474880590122
145.05273762653283
575.3128663605573
37.487705443026705
0.6333812798524695
3.684753889111963
23.9485344737044
0.18780637988294063
0.13430851063829785
85.19311778178486
0.4326173247781453
0.551114847104436
0.40299294419657256
13.133333333333333
0.8755555555555555
0.06222222222222222
1.2
47929.066666666666
191410.86666666667
12058.616666666667
0.95
3.1333333333333333
0.2088888888888889
0.4194921470874852
0.4194924258684874
0.41949207739223465
2.73957226198672
0.015957446808510637
44001.95555555556
1.8183693083129284
468.3276595744681
0.4982209144409235
3.6221140787686736
772.4021276595745
0.08914780443639655
3.703191489361702
66.43617021276596
261.59255319148934
17.647074468085105
0.32420212765957446
0.02955910835571423
0.07185990914293221
0.018983908158909744
