1.0
1.0
1.0
40.0
30.0
1.0
212.0625
120.0
251.0
1.0
1.0
1.0
40.0
30.0
1.0
0.0
0.0
0.0
40.0
30.0
1.0
929.0
2.0
20.20129171151776
15.582346609257266
0.0
20.20129171151776
15.582346609257266
0.0
0.7141521590881957
0.0
0.0
42.44173356276755
40.0
30.0
48.82622246293481
48.82622246293481
891.5833333333334
30.309855659296392
0.232683318106059
1925.2782466547778
2.1593923693669814
929.0
212.0
239.0
48837891.0
0.9546572005623813
10.0
4.4548895423825545
251.0
8.167106777082434
229.0150699677072
232.0
192.0
59.0
5.012362666666668
229.28233379369112
-1.2790392457706243
48837891.0
0.6259760544400556
122.48631756776328
7.9031136823362536
2.786508375610885
2.6406941037235234
-1.005626115863689
0.7101139762094908
0.15649325011292153
0.6368557118808437
0.1541450079126111
0.6235696802750657
0.13225785259200584
0.5551935954317031
1.4449198021523957
-0.321454444119327
0.646401212585299
0.9231623202637255
0.9908359542674807
0.9233188697437462
0.9692492731574881
0.15209029598733945
0.7318227958521258
1.2842351344060448
0.21665180658060307
72.711849454636
0.37726745749105217
0.5195863478806816
5.740146572551116
66.02180070872072
576.8088670536293
7.955032090003477
0.2972766383074534
4.1136727613820065
38.413910349354744
0.19487568007213005
0.20640473627556513
40.315646288188034
0.4260494654609844
1.7358215176232963
0.19337498167475403
13.137931034482758
0.4530321046373365
0.7942925089179548
3.310344827586207
17807.275862068964
156930.0
2072.7262931034484
0.6930076628352491
8.448275862068966
0.291319857312723
0.5476326890729016
1.3641422142943087
0.4476138485625309
3.063024174265145
0.031216361679224973
16781.0677764566
2.7978798095527897
280.70936490850374
0.3021629331630826
4.40796671305303
581.5317545748117
0.26322735536318664
7.797631862217438
58.41227125941873
496.1162540365985
7.402845054419328
0.16610602798708288
0.0424041371422388
0.20546091177969414
0.0204066846237536
