1.0
1.0
1.0
40.0
30.0
1.0
188.47583333333333
127.0
249.0
1.0
1.0
1.0
40.0
30.0
1.0
0.0
0.0
0.0
40.0
30.0
1.0
602.0
1.0
18.57308970099668
15.719269102990033
0.0
18.57308970099668
15.719269102990033
0.0
0.8277978660954388
0.0
0.0
43.37328283204902
40.0
30.0
49.4064773081425
49.4064773081425
540.0
35.90431097392411
0.24061295964601667
1332.7876175745798
2.4681252177307034
602.0
195.0
233.0
27900493.0
1.439763948312808
22.0
2.081827558004156
249.0
11.888362159358064
214.81893687707642
215.0
189.0
60.0
9.074200874257222
215.28198690796958
-0.06078262548892043
27900493.0
0.40194368715577083
199.1582460458494
5.073805954057324
2.198099731261291
3.6579127661099102
-0.018623927497489368
1.305271234440999
0.33707723335583534
0.5906469930769577
0.32971498257930526
0.9293391019595667
0.2257151126656963
0.23973541439948978
2.410555218041427
-0.24989167421317404
0.6984873495305901
0.8358787337880005
0.9666320728541025
0.8363695505064357
0.9179393668940002
0.3232730131498413
0.3888779884085345
2.0586417628557974
0.4105871169492086
100.67156962534911
0.3793960340399067
0.4937769434516647
3.957778122477621
9.828682859165596
55.64951790907093
2.461518126785772
0.4693924847793521
3.3711923704567757
86.70586783050463
0.31941971880531683
0.43978405315614616
4.344913202967009
0.5722972247587806
1.7210606987424975
0.3491222269018184
32.42857142857143
0.6618075801749271
0.5589337775926697
2.4285714285714284
1794.6938775510205
8306.367346938776
426.48072562358277
0.8242630385487528
9.285714285714286
0.18950437317784258
0.4067756473683934
0.4875556667552325
0.39779705689557077
3.159232082656006
0.08139534883720931
1643.7551020408164
4.045740937552653
78.44518272425249
0.1303076124987583
4.904151168309401
241.9700996677741
0.450491716426971
4.887043189368771
34.95348837209303
203.81727574750832
7.962716869693613
0.3438538205980066
0.08332709494219738
0.22865390748399766
0.05799084442909617
