1.0
1.0
1.0
40.0
30.0
1.0
228.03166666666667
189.0
255.0
1.0
1.0
1.0
40.0
30.0
1.0
0.0
0.0
0.0
40.0
30.0
1.0
857.0
3.0
23.57176196032672
14.096849474912485
0.0
23.57176196032672
14.096849474912485
0.0
0.8237046908488113
0.0
0.0
39.16857327637292
40.0
30.0
49.4064773081425
49.4064773081425
813.6666666666666
32.26333754160377
0.23404033105696603
1800.9062440745674
2.213321889481238
857.0
226.0
248.0
47651570.0
0.6760414334878885
10.0
2.893483692901861
255.0
6.172112699452243
235.67094515752626
235.0
223.0
32.0
4.298548362758412
235.80238646143968
0.6652767661763475
47651570.0
0.7684631608185184
61.971069468404195
4.271815770935616
2.052319708507888
0.9585942634728057
0.3016415624597023
0.3459351841381414
0.10676799721249974
0.5290452274011779
0.10676799721249974
0.48866077953736226
0.09517897486920171
0.6963934061904792
1.0546698158105738
-0.28716505590514674
0.5418870398523375
0.9466160013937501
0.98932320027875
0.9466160013937501
0.973308000696875
0.10676799721249974
0.8306950658834367
0.9479018185980748
0.11317579533766027
69.87570977748952
0.44907311776222836
0.38624778028741513
4.003056032599537
81.65015509126002
334.12754535565676
20.435911629386446
0.4154377999533976
4.123214335466977
24.143669099953097
0.15406559948424847
0.18028004667444575
48.66363058471458
0.3731766769312391
1.0086793114451682
0.259302345100953
21.242424242424242
0.6437098255280074
0.46464646464646464
2.242424242424242
16510.939393939392
66269.27272727272
4123.409932659933
0.8240740740740741
11.121212121212121
0.3370064279155188
0.5823843128385655
0.6001117352536777
0.5794044749812346
2.296870164800922
0.038506417736289385
15836.514233241505
2.5952926092578865
278.88098016336056
0.32541537942049076
4.073968376292976
658.5729288214702
0.1274343078961235
4.249708284714119
61.19369894982497
260.9428238039673
14.987780370802541
0.2757357707766109
0.04530124527662312
0.11594733914353159
0.030651745018610954
