1.0
1.0
1.0
40.0
30.0
1.0
237.27333333333334
180.0
255.0
1.0
1.0
1.0
40.0
30.0
1.0
0.0
0.0
0.0
40.0
30.0
1.0
808.0
2.0
17.366336633663366
14.679455445544555
0.0
17.366336633663366
14.679455445544555
0.0
0.7208194413468805
0.0
0.0
44.977033916651486
40.0
30.0
48.25971404805462
48.25971404805462
750.75
32.42032046124042
0.23101240122042646
1729.201979672992
2.3032993402237656
808.0
236.0
252.0
48373428.0
0.767422164275385
8.25
2.0449334084093933
255.0
4.780585236741496
244.6138613861386
245.0
234.0
21.0
3.9624197526762943
244.6795944912367
-0.1785922724119841
48373428.0
0.6523410695029899
32.16277815900402
1.6552434003875514
1.244253350602079
0.9209169770037383
0.5179744862074042
0.5832144536639409
0.1550333028373709
0.5810418297892013
0.1550333028373709
0.6180678454654451
0.130233080435489
0.5006430413138552
1.3785126914243837
-0.2817453906069145
0.5968746079228536
0.9224833485813145
0.9689933394325259
0.9224833485813145
0.9483222323875431
0.1550333028373709
0.6782299979792357
1.223479388587013
0.18456193912532792
117.13985098670963
0.5756704447293852
0.21216477763530742
1.918392125275402
30.08019697340609
43.190532820894504
26.802613011533985
0.7704019686811494
3.9626962103249186
30.885347799678335
0.14574246769551746
0.25092821782178215
11.8832223340662
0.30388648345796926
0.6512938645962486
0.2170346381733995
9.285714285714286
0.6632653061224489
0.16836734693877553
3.357142857142857
28222.0
30511.214285714286
27649.696428571428
0.4107142857142857
2.7142857142857144
0.19387755102040816
0.313837282899743
1.2181461931915591
0.08776005532678899
2.896291529045925
0.017326732673267328
24891.0612244898
3.3440986728871067
151.95049504950495
0.18805754337810018
3.334103274188805
527.0915841584158
0.17382946524850507
1.672029702970297
52.23019801980198
81.3799504950495
44.9427599009901
0.8319925742574258
0.03216141428839596
0.06921879891716495
0.022897068131203707
