1.0
1.0
1.0
40.0
30.0
1.0
233.39666666666668
185.0
253.0
1.0
1.0
1.0
40.0
30.0
1.0
0.0
0.0
0.0
40.0
30.0
1.0
888.0
1.0
21.667792792792792
14.073198198198199
0.0
21.667792792792792
14.073198198198199
0.0
0.602534464925382
0.0
0.0
48.202208414286766
40.0
30.0
49.4064773081425
49.4064773081425
848.4166666666666
29.04349185512402
0.23413691051285643
1851.0594565572517
2.181781109781654
888.0
232.0
248.0
51556607.0
0.2343882466221658
9.0
2.427864632297907
253.0
4.948365595325054
240.87725225225225
241.0
227.0
26.0
3.613704305251513
240.95485493576822
-0.4470273007299147
51556607.0
0.9263554094635176
37.391464521954376
1.1039845452786445
1.0412531512752705
0.31851279112069647
0.1814628901634426
0.11865284071760261
0.03954981709433379
0.5014300394962798
0.03954981709433379
0.2393509885744785
0.03793869900782404
0.8829599720862076
0.4270814476909226
-0.2788770150363481
0.3558279062545101
0.9802250914528331
0.9920900365811333
0.9802250914528331
0.9868167276352221
0.03954981709433379
0.9389719401775627
0.38753163059658907
0.039550664452984094
69.03447971781306
0.715585840417557
0.1422070797912215
1.5159391534391533
170.4930114638448
173.83514109347442
169.65747905643738
0.8710152116402116
4.4065983008419085
7.75681216931217
0.07896899174621838
0.10810810810810811
72.12054456762128
0.17673791795595006
0.4387360991728813
0.11123837265171732
4.333333333333333
0.7222222222222222
0.13888888888888887
3.5
121633.33333333333
121875.33333333333
121572.83333333333
0.375
2.0
0.3333333333333333
0.06635037969620647
0.2654008332109457
0.016587766317521662
1.7924812503605767
0.006756756756756757
99729.33333333331
1.737364813773066
436.55405405405406
0.49161492573654736
2.123630387143901
822.6036036036036
0.03682229526824121
1.114864864864865
68.30405405405405
71.89189189189189
67.4070945945946
0.9712837837837838
0.018100165251702948
0.024825160868067613
0.016418916347611785
