1.0
1.0
1.0
40.0
30.0
1.0
233.17083333333332
178.0
255.0
1.0
1.0
1.0
40.0
30.0
1.0
0.0
0.0
0.0
40.0
30.0
1.0
984.0
1.0
22.34349593495935
14.158536585365853
0.0
22.34349593495935
14.158536585365853
0.0
0.858762699707373
0.0
0.0
42.83525626760009
40.0
30.0
49.4064773081425
49.4064773081425
943.6666666666666
36.785320315021416
0.2281922288623248
2038.8988640760483
2.1606134200735236
984.0
233.0
254.0
57416623.0
0.8029423627620111
9.0
3.208716479618304
255.0
5.801019565073698
241.4400406504065
241.0
219.0
36.0
4.321720044560442
241.55791567658522
-0.16713302958595458
57416623.0
0.690935041972371
56.933396746315026
4.706954078118095
2.141629608343776
1.4054198226762602
0.5664744443699233
0.5554446549738368
0.07397049425253674
0.7647965374054042
0.07397049425253674
0.3789164277149779
0.06833587935729132
0.637064696079537
1.1216868927211048
-0.5200518286166796
0.7367988195982001
0.9630147528737316
0.9926029505747463
0.9630147528737316
0.9815073764368658
0.07397049425253674
0.785593861004472
1.0477163984685685
0.15735378730659338
58.28596040484685
0.4427064809334249
0.39727005947945165
4.546230467869526
126.82188229962676
562.1489736845713
30.41495023353007
0.355697507024289
4.624271295725706
13.030568530005494
0.0977975099366664
0.1326219512195122
62.04462432245069
0.2739312082603305
0.92921448668724
0.17835578362683313
9.470588235294118
0.5570934256055363
0.7197231833910036
3.0588235294117645
39141.294117647056
162572.0588235294
9622.622549019608
0.7467320261437909
3.588235294117647
0.21107266435986158
0.42257599703484017
0.6113574534233015
0.4016002416473925
2.9398290174663986
0.017276422764227643
35790.92733564014
2.3791867185055917
453.239837398374
0.4606095908520061
3.012542137616498
679.880081300813
0.16780582821072113
4.692073170731708
66.04065040650407
310.2489837398374
15.366841689250226
0.2497459349593496
0.027627855879253236
0.1015148227971556
0.013717958072916845
