1.0
1.0
1.0
40.0
30.0
1.0
229.25
189.0
253.0
1.0
1.0
1.0
40.0
30.0
1.0
0.0
0.0
0.0
40.0
30.0
1.0
749.0
1.0
20.2803738317757
15.38584779706275
0.0
20.2803738317757
15.38584779706275
0.0
0.7466932660075002
0.0
0.0
50.5041577654362
40.0
30.0
49.4064773081425
49.4064773081425
696.6666666666666
37.711114508831606
0.23777787159336922
1598.316232425823
2.29423382644855
749.0
229.0
246.0
42488289.0
0.11046172384248525
9.0
2.1184559089075705
253.0
5.085837636653054
238.09746328437916
238.0
227.0
26.0
4.20947265625
238.17365006113627
-0.03501395143357082
42488289.0
0.9710588751178697
36.28556098830482
1.029211257336853
1.0116227961648558
0.10126389208004788
0.05656860866817956
0.034630904866339754
0.011314262315428036
0.4964498356483935
0.011314262315428036
0.08885891254288815
0.011178149333251113
0.965849267075865
0.15210900062803082
-0.3252059080394807
0.23465339980994018
0.9943428688422861
0.9977371475369143
0.9943428688422861
0.9962285792281907
0.011314262315428036
0.9827200726774303
0.1407947383126031
0.011486291795441948
78.85327571675603
0.8558217420585754
0.07208912897071229
1.2355350058851737
126.38606035754246
127.23338573680923
126.17422901272577
0.9411162485287066
4.162332265332607
7.302724072540215
0.0758866991949076
0.12249666221628837
42.653495291279725
0.10991799969137804
0.26835336994872716
0.07030915712704075
1.6666666666666667
0.5555555555555556
0.2222222222222222
3.0
181569.66666666666
181634.66666666666
181553.41666666666
0.5
1.0
0.3333333333333333
0.02763666644234239
0.1105448297076485
0.00690962562601586
1.5849625007211552
0.004005340453938585
119236.22222222222
1.6741920700474793
343.3898531375167
0.458464423414575
2.195860613439192
727.3230974632844
0.014470562441065166
1.0440587449933245
66.51668891855807
67.27369826435248
66.32743658210948
0.9889853137516689
0.018635906916789364
0.02301730433556996
0.017540557562094217
