1.0
1.0
1.0
40.0
30.0
1.0
199.4775
83.0
245.0
1.0
1.0
1.0
40.0
30.0
1.0
0.0
0.0
0.0
40.0
30.0
1.0
820.0
1.0
20.29390243902439
12.673170731707318
0.0
20.29390243902439
12.673170731707318
0.0
0.6669633412548502
0.0
0.0
51.435008419211826
40.0
30.0
49.4064773081425
49.4064773081425
772.9166666666666
34.305265072748874
0.23577155285911292
1727.4858634284415
2.2350221413629434
820.0
206.9
233.0
39994556.0
1.2408689072201766
12.0
3.9575195820690507
245.0
8.107102914931588
220.58048780487806
222.0
188.0
57.0
5.143960653513483
220.8480219075729
-0.8754917268986362
39994556.0
0.4636377156454491
118.09718024985128
5.686796127656556
2.346918293667151
2.0068704317977115
0.023958169855248124
0.9635105652641354
0.24850584451091665
0.5896706794845812
0.23961577018429928
0.813266481077481
0.19003759387453845
0.3163473710280334
2.031314532236269
-0.2608553067204081
0.6690046269095306
0.8810811223405122
0.9755597266716753
0.8816737939622866
0.9405405611702561
0.2318369551485091
0.46126127682775026
1.762684566123551
0.30300410244376297
96.49172774752238
0.3856156780375874
0.47974924636382593
5.259252010462687
20.324510707784434
115.2509528042714
4.361739233411061
0.3250179868798282
4.057217093319316
50.48575064386065
0.198477569778095
0.3042682926829268
8.826210504706765
0.4305835830960305
1.8332023128262587
0.20145684537920674
13.32258064516129
0.4297606659729448
0.7346514047866806
3.5483870967741935
4327.354838709677
21980.548387096773
961.1173835125448
0.649641577060932
5.32258064516129
0.1716961498439126
0.39020908876479077
0.595239014977553
0.3500887604244455
3.5948748430508166
0.03780487804878049
3627.667013527576
3.861596184659179
135.98536585365855
0.16583581201665676
4.557858417608567
380.1829268292683
0.336220999405116
5.676829268292683
47.66829268292683
278.88658536585365
9.775643631436314
0.24407181571815717
0.04930470022245574
0.19915703562364423
0.02487125119105657
