1.0
1.0
1.0
40.0
30.0
1.0
219.35583333333332
114.0
255.0
1.0
1.0
1.0
40.0
30.0
1.0
0.0
0.0
0.0
40.0
30.0
1.0
975.0
1.0
19.70051282051282
14.50974358974359
0.0
19.70051282051282
14.50974358974359
0.0
0.623586458159721
0.0
0.0
45.27108012295069
40.0
30.0
48.25971404805462
48.25971404805462
940.9166666666666
28.23043251093577
0.2309972166824958
2010.225687771519
2.136454543730248
975.0
216.0
246.0
53817624.0
0.9369760757606136
11.0
4.551509764952469
255.0
8.748465483234718
234.64410256410255
238.0
194.0
61.0
5.435024883299255
234.9416163154648
-1.2819500295600688
53817624.0
0.6687379355687049
139.70820880999344
8.495269469592303
2.8909286601365065
3.025851466764247
-0.6552399869870776
0.6693532440036539
0.11822445033592643
0.6983941096464812
0.11168226476446849
0.5134042225338823
0.1055036674348342
0.6177127729358932
1.349795895892951
-0.42339831668732597
0.7157256365442151
0.9448130861749116
0.9931785624802179
0.9451803992805564
0.9778737533167318
0.10660793804778837
0.7792605251242584
1.2214777818749258
0.1968944235848951
52.45984824663459
0.34157439731230416
0.6540203104704067
6.954781532452197
114.21481682860447
1013.3434291450778
13.361902800164001
0.2545313566944579
4.432684250493621
28.16027550971685
0.17908572319266924
0.15692307692307692
69.69133736676541
0.4198934480729276
2.1391735202859063
0.1644222586871283
8.304347826086957
0.3610586011342155
0.9489603024574669
4.608695652173913
27089.347826086956
242854.78260869565
3044.9758454106277
0.5129830917874396
5.434782608695652
0.23629489603024575
0.48764655246966393
1.379593559478229
0.30299261094032526
3.427071480019025
0.02358974358974359
25292.32514177694
2.579015147104948
412.6348717948718
0.42321525312294545
3.948112031558185
652.0194871794872
0.23472557527942145
8.434871794871794
63.92717948717949
559.8646153846154
7.822592592592592
0.1454843304843305
0.035191742736980836
0.20682424995639284
0.012480375864337506
