1.0
1.0
1.0
40.0
30.0
1.0
209.85333333333332
114.0
255.0
1.0
1.0
1.0
40.0
30.0
1.0
0.0
0.0
0.0
40.0
30.0
1.0
822.0
1.0
17.548661800486617
13.941605839416058
0.0
17.548661800486617
13.941605839416058
0.0
0.8161039559164843
0.0
0.0
40.986103496967296
40.0
30.0
46.22769732530488
46.22769732530488
778.9166666666666
33.44892120147746
0.236914584760354
1728.036818882431
2.218513087256785
822.0
211.0
246.0
45340117.0
1.0449257314236555
13.0
3.6313453139101073
255.0
10.630963586528619
234.46593673965936
240.0
196.0
59.0
7.099883667451236
234.85802772600286
-1.2349915927692392
45340117.0
0.614837705199472
184.01769614198355
8.3330192969647
2.861368286556694
3.1346260055838178
-0.7882451529753689
0.733873024225871
0.1517575300257813
0.655671857518648
0.14768410805322077
0.6113808556765248
0.12960226234304084
0.5636967723985091
1.5203400927448314
-0.351167258754208
0.6866970724797835
0.9265652881706457
0.9911449703862345
0.9268368496354831
0.9705989591217745
0.14411986382723035
0.7416782152680254
1.3588325757999067
0.22140763856291307
61.89665674847947
0.3441938936597259
0.638093825999223
6.627145155451482
57.906388802047815
509.8980252510005
6.9051936453714635
0.26268458520252125
4.122944639393064
41.499863150812125
0.22545519282175275
0.21806569343065696
35.41698985403311
0.47498765351661654
2.478239036431566
0.17889328270531007
9.615384615384615
0.3698224852071006
1.3786982248520712
5.076923076923077
14660.538461538461
129483.23076923077
1700.1177884615386
0.6071047008547008
5.538461538461538
0.21301775147928995
0.45029671536391597
0.7962148031365728
0.41692090034610335
3.192005835492102
0.031630170316301706
13661.005917159762
2.9209023911554537
243.99026763990267
0.29682514311423686
4.76441650238869
505.3965936739659
0.27692234831666873
8.16058394160584
57.40632603406326
499.4111922141119
7.047081981616653
0.15660482562854827
0.04240040763759771
0.2232254816295266
0.01948528530441782
