1.0
1.0
1.0
40.0
30.0
1.0
219.0575
123.0
255.0
1.0
1.0
1.0
40.0
30.0
1.0
0.0
0.0
0.0
40.0
30.0
1.0
906.0
1.0
17.932671081677704
15.579470198675496
0.0
17.932671081677704
15.579470198675496
0.0
0.7395324812632278
0.0
0.0
46.95470477500688
40.0
30.0
49.4064773081425
49.4064773081425
859.0
34.72452932924317
0.2294564462833419
1904.49266300515
2.217104380681199
906.0
219.0
255.0
51842525.0
1.4438088494181642
21.0
2.985618324491464
255.0
11.371126510045855
238.80242825607064
242.0
199.0
56.0
8.83761748958953
239.20980335695913
-0.8441770366332702
51842525.0
0.4089659810242241
194.7302810792899
10.346223082241181
3.1718581225594797
4.8575272558204645
-0.27866069152192074
1.4055814219505651
0.2635866621085324
0.6841401870615146
0.25748315856913145
0.8355272369852117
0.19589981291101796
0.2665624543276603
2.3384338834102842
-0.3234997346644355
0.7666307001864575
0.8718687710693744
0.9846026111148993
0.8722756713053346
0.9487068184041538
0.2521425929721556
0.4346672014017414
2.05993635356217
0.41729202101477425
102.8201802064552
0.35778133531237993
0.5562642400564527
9.131814884255974
19.498408447632862
212.00883393897158
2.0730978354601644
0.1488373536107873
4.155706209646914
63.03918358726526
0.2139170367869564
0.3165011037527594
8.828198980489978
0.4395252207553453
3.572418146288895
0.0798151027597114
9.758620689655173
0.33650416171224734
1.1486325802615933
8.758620689655173
9090.896551724138
86449.06896551725
995.1992337164751
0.24209770114942528
3.4827586206896552
0.12009512485136742
0.31551152992586284
2.040836286555751
0.13925718660307188
4.254195650150774
0.03200883002207505
8114.872770511295
4.081784662628034
143.98454746136866
0.15892334156883958
4.396878304557792
370.52317880794703
0.447462099615514
10.197571743929359
46.2317880794702
503.8664459161148
4.924285626686289
0.1222252882021094
0.04611725071845434
0.3953375607356016
0.009609212118611491
