1.0
1.0
1.0
40.0
30.0
1.0
214.01166666666666
121.0
255.0
1.0
1.0
1.0
40.0
30.0
1.0
0.0
0.0
0.0
40.0
30.0
1.0
772.0
1.0
19.594559585492227
12.348445595854923
0.0
19.594559585492227
12.348445595854923
0.0
0.580537768762881
0.0
0.0
51.89354504332643
40.0
30.0
49.4064773081425
49.4064773081425
724.75
30.126162852648786
0.23832411126333233
1637.2247138127138
2.2590199569682152
772.0
217.0
255.0
45000432.0
1.4942701114341745
26.0
2.283914958370647
255.0
13.1182447850949
240.9559585492228
245.0
204.0
51.0
10.76473469387755
241.43470137059157
-0.7322811605625508
45000432.0
0.37190595720690484
230.94106553196056
5.835723205583873
2.329078345222278
6.698432783383643
-1.1824436485387344
1.8403625786993612
0.19638838310463763
0.8065575596245701
0.18826320884200543
0.7097287272574716
0.15952471161739112
0.29137479160864965
2.179286785187216
-0.4902129724610357
0.8664641025432527
0.9066809130052605
0.9807361697324269
0.907222591289436
0.9533404565026303
0.18115368136220228
0.4346188417406734
1.9675507044648515
0.5091877404509997
71.96028405770315
0.3530655255021015
0.5750000893641912
3.9671855338243187
33.92205264783673
240.6701764953524
6.957175007503777
0.5043103195139322
4.12609265467006
43.70745215719394
0.2074646235220656
0.2645725388601036
18.37834267260451
0.4418443493917773
1.1762892375131606
0.2950204002326312
8.8
0.44
0.64
3.2
7557.5
56225.05
1342.723611111111
0.6722222222222223
2.3
0.115
0.2902017692965547
0.4154202774844693
0.2746584916685214
3.741446071165516
0.025906735751295335
6067.539999999999
3.7652007715061835
174.66321243523316
0.22624768450159735
4.678118875674515
287.11139896373055
0.5575367795108593
5.713730569948186
52.05958549222798
343.04274611398966
12.186564478986758
0.32243091537132984
0.03984927105077302
0.14744625119285865
0.02292525611240786
