1.0
1.0
1.0
40.0
30.0
1.0
220.21166666666667
124.0
255.0
1.0
1.0
1.0
40.0
30.0
1.0
0.0
0.0
0.0
40.0
30.0
1.0
986.0
1.0
17.349898580121703
13.877281947261663
0.0
17.349898580121703
13.877281947261663
0.0
0.7996212429798015
0.0
0.0
45.56781423550788
40.0
30.0
49.4064773081425
49.4064773081425
942.9166666666666
36.43699225886951
0.22694204482477837
2049.044399488133
2.1730917184142817
986.0
218.0
248.0
54571658.0
1.0804406076748694
11.0
4.379600418182594
255.0
8.830067188097875
234.94929006085192
237.0
194.0
61.0
5.441107424068424
235.25838800729093
-1.1195353580400342
54571658.0
0.6139893601701715
145.34022769071254
8.81347613344992
2.942871382272599
3.605673862642827
-0.47047134065279195
0.7944909524311227
0.18279614584794565
0.6243887821991675
0.17454678796305723
0.6802787553793914
0.15120441173904958
0.5186746146190724
1.6933370661127274
-0.3166543885214961
0.6766249593088802
0.9135515418069602
0.9893928624422071
0.9141014989992862
0.9653656210035515
0.1673285998137799
0.7107828973798163
1.5025870573960165
0.2443217745697671
76.38590978838081
0.3391955129720585
0.6709625297425778
7.830258330015226
52.17788271479053
466.8276780575213
6.131569739615154
0.21790929549100735
4.461790309929251
42.74197194424566
0.18404278569537788
0.22641987829614604
29.378040987148434
0.4160826236718995
2.580047274512124
0.13541719792902895
10.161290322580646
0.32778355879292403
1.4672216441207075
6.0
18645.612903225807
167618.51612903227
2085.3060035842295
0.5116487455197133
4.870967741935484
0.1571279916753382
0.37752669904589387
0.8264970439715773
0.3276248176708791
3.7514797776402795
0.03144016227180527
17633.962539021857
3.151950546494556
261.4340770791075
0.2651461227982835
4.51816711856457
605.393509127789
0.2813547885405823
8.730223123732252
56.1947261663286
506.99391480730225
6.67873844940275
0.14298794230335812
0.04073410877761067
0.2532194790432137
0.015618384888100975
