1.0
1.0
1.0
40.0
30.0
1.0
226.30833333333334
131.0
255.0
1.0
1.0
1.0
40.0
30.0
1.0
0.0
0.0
0.0
40.0
30.0
1.0
949.0
1.0
19.146469968387777
15.068493150684931
0.0
19.146469968387777
15.068493150684931
0.0
0.7623012462101162
0.0
0.0
49.24176300261344
40.0
30.0
49.4064773081425
49.4064773081425
901.0
37.537057302475425
0.227032886105894
1987.064121331508
2.205398580834082
949.0
223.0
248.0
53658871.0
0.9088045074507858
10.0
3.140131016555076
255.0
7.503960133288771
237.5922023182297
240.0
211.0
44.0
5.031419385694549
237.78675440196415
-0.67215333553638
53658871.0
0.6626252913332319
92.48596659341929
3.9638255121650094
1.962209191636686
1.9231130830463545
-0.03598917360224711
0.5713751631765792
0.11730851830797853
0.6568323330670419
0.11730851830797853
0.5181166654105197
0.10303888170722733
0.6004608971012052
1.3434848348692014
-0.38575205262521745
0.6825531547020395
0.9413457408460107
0.9882691481692021
0.9413457408460107
0.9706728704230053
0.11730851830797853
0.7677027360737556
1.2261763165612236
0.1721709203711394
71.40933874291652
0.4020943628798017
0.4473942819994147
3.62805010683972
68.84449824016855
278.50759068335236
18.6180911156738
0.4991583990069448
4.327517981625042
24.919539888141692
0.13619896388547253
0.18730242360379348
36.45269067611483
0.33656839446462833
0.9562371204257324
0.24414446116394145
5.769230769230769
0.4437869822485207
0.8994082840236686
4.3076923076923075
44897.61538461538
179517.3076923077
11427.051282051281
0.6004273504273504
1.9230769230769231
0.14792899408284024
0.32181276703210493
1.6223476732138047
0.17730883307702486
3.3927474104487807
0.0136986301369863
39568.61538461539
2.780450908401601
316.16754478398315
0.33315863517806443
3.702052296188878
628.831401475237
0.19626893596609374
3.9841938883034773
59.97576396206533
244.67966280295047
17.105022831050228
0.3347383210396909
0.029376132492570848
0.11208131309933332
0.014166066934184554
