1.0
1.0
1.0
40.0
30.0
1.0
225.84
142.0
255.0
1.0
1.0
1.0
40.0
30.0
1.0
0.0
0.0
0.0
40.0
30.0
1.0
985.0
1.0
21.06700507614213
12.911675126903553
0.0
21.06700507614213
12.911675126903553
0.0
0.6463746212435354
0.0
0.0
47.741057288940596
40.0
30.0
49.4064773081425
49.4064773081425
943.0
30.858607822904904
0.22671023650094255
2051.2603702191277
2.175249597263126
985.0
220.0
251.0
55477641.0
1.1955649300989406
17.0
2.672336000262117
255.0
9.553717952021438
237.03857868020305
239.0
206.0
49.0
7.103131104117944
237.32357272843512
-0.6014506802550328
55477641.0
0.5278579710891803
135.19038985802263
4.309953864357044
2.0317534373676165
3.1288889800890667
0.0760534910614668
0.9393424993750276
0.21167603836650578
0.6317518169710369
0.20616253732987785
0.7450728087791455
0.16827127081347507
0.4015184009879114
1.9538765684303039
-0.3055304698867979
0.7055211036732316
0.8974700814387239
0.979086865441963
0.8978376481744991
0.948735040719362
0.20133822392282838
0.6108973477835439
1.726496446031825
0.2877546344353833
93.74049053283909
0.3699360631951474
0.5123801859334641
4.204213491821637
34.98930933658445
148.2663917605355
9.677875346454815
0.4437207233629036
4.304686913030342
46.55197234141052
0.17919512665283266
0.2571065989847716
18.76051766054872
0.3870620326992741
1.3932860819687294
0.21815880766653542
7.7
0.385
0.8474999999999999
4.65
23325.45
94526.2
5976.8180555555555
0.5319444444444444
1.8
0.09
0.10143330421090613
0.2959563675425116
0.0742857303438202
3.984183719779183
0.02030456852791878
20899.8875
3.63006091593949
192.08629441624365
0.1950114664124301
4.015041871730784
519.9401015228426
0.30649591589579733
4.3472081218274115
52.22233502538071
229.13299492385786
15.159926677946983
0.33917089678511
0.032501464554612974
0.12976446905139194
0.014881124439341444
