1.0
1.0
1.0
40.0
30.0
1.0
212.0575
164.0
255.0
1.0
1.0
1.0
40.0
30.0
1.0
0.0
0.0
0.0
40.0
30.0
1.0
619.0
4.0
18.378029079159937
16.867528271405494
0.0
18.378029079159937
16.867528271405494
0.0
0.7461400147557293
0.0
0.0
44.83391789741213
40.0
30.0
49.4064773081425
49.4064773081425
556.75
33.45238016153224
0.24060348879912224
1360.2613381329509
2.4432174910335895
619.0
215.0
245.0
32954629.0
1.155371018736491
19.0
1.9974484890476922
255.0
9.484639616244868
230.47011308562196
230.0
212.0
43.0
7.771264792899409
230.7346873819101
0.13030684657341657
32954629.0
0.4938159155028825
122.02293552840712
3.2079956309422704
1.7491636238706874
2.2648223923496604
-0.009715952878497122
0.854249156278188
0.2607540562304568
0.5323832489188133
0.2607540562304568
0.8226221172515907
0.19135255325470069
0.3405102594467604
1.9852109628279706
-0.22688980890293287
0.6246611029866962
0.8696229718847717
0.9739245943769543
0.8696229718847717
0.934811485942386
0.2607540562304568
0.5279048083100217
1.7244569065975146
0.27875080312716116
109.88671900644253
0.4667409640852527
0.33368309072382607
2.621949991327094
13.66048378382708
48.244100865264954
5.430600247908224
0.6415961763383207
3.4362302926659263
64.85700573017944
0.2688060895177707
0.3808562197092084
6.331361482026862
0.5169963802897716
1.0551672219673263
0.40193572140983963
19.0625
0.595703125
0.4130859375
2.21875
2505.90625
8691.8125
976.4088541666667
0.7994791666666666
4.875
0.15234375
0.36673034620225803
0.6946868323831673
0.3282157425633667
3.6626878900165183
0.051696284329563816
2131.7255859375
3.8662424369252557
87.07754442649434
0.14067454673100863
4.66824128760495
305.6720516962843
0.29595913989158606
3.1405492730210014
40.10823909531502
143.24717285945073
16.04133010231556
0.5097379285586071
0.062847198054714
0.14442388069330528
0.04633770842398269
