1.0
1.0
1.0
40.0
30.0
1.0
210.74083333333334
167.0
255.0
1.0
1.0
1.0
40.0
30.0
1.0
0.0
0.0
0.0
40.0
30.0
1.0
580.0
2.0
19.875862068965517
13.83448275862069
0.0
19.875862068965517
13.83448275862069
0.0
0.739628943015184
0.0
0.0
45.84169174967905
40.0
30.0
47.16990566028302
47.16990566028302
520.3333333333334
33.905842014843
0.24434803404931021
1280.352953210964
2.4606398844541264
580.0
215.0
245.10000000000002
30808029.0
1.124107116604447
20.0
1.902296254907769
255.0
9.670689655172414
230.19482758620688
230.5
212.0
43.0
7.6880307244561505
230.47188847950707
0.08050199732554503
30808029.0
0.5027407847800238
127.63273186682521
3.2129133738351787
1.7591138015520225
1.6677602147326533
-0.16999731475565846
0.744526699644207
0.2710856527111616
0.464463642420483
0.2710856527111616
0.8371158679482862
0.19600029445389872
0.3602730421670967
1.928454847045332
-0.17084810739881445
0.5383642556352182
0.8644571736444192
0.9728914347288837
0.8644571736444192
0.9322285868222095
0.2710856527111616
0.5524561796617489
1.657369194334171
0.2539030880888422
106.50628084085189
0.46738704508679707
0.35225707422287866
2.5846014126344996
12.88886754175779
45.177290645670844
5.0094863794404
0.6609534083857358
3.266388883343813
66.26377578824386
0.2828082076462747
0.3935344827586207
5.968782378500043
0.5341924030908939
1.0726335611660325
0.4339888932771768
11.083333333333334
0.4618055555555556
0.5815972222222222
2.9583333333333335
3846.0833333333335
13999.333333333334
1313.1875
0.6956018518518517
2.25
0.09375
0.22426861134090104
0.6249547969456143
0.17529626761461983
4.022055208874195
0.041379310344827586
3262.0555555555547
3.655343208543088
80.87931034482759
0.13944708680142687
4.826290130796671
291.5896551724138
0.2833650416171225
3.103448275862069
39.06896551724138
138.96896551724137
14.7433908045977
0.5105363984674329
0.056964375581011445
0.13723240376929827
0.04123857755905683
