1.0
1.0
1.0
40.0
30.0
1.0
200.02916666666667
107.0
255.0
1.0
1.0
1.0
40.0
30.0
1.0
0.0
0.0
0.0
40.0
30.0
1.0
797.0
1.0
21.062735257214555
13.677540777917189
0.0
21.062735257214555
13.677540777917189
0.0
0.6544679449088106
0.0
0.0
48.7762131795317
40.0
30.0
49.4064773081425
49.4064773081425
748.4166666666666
31.92246800004215
0.23636863535215788
1686.5138427642476
2.2534423909554584
797.0
201.0
248.0
41481882.0
1.5742675724709543
22.0
2.6188354828095193
255.0
13.533095406393802
227.52321204516937
230.0
187.0
68.0
9.739654778235025
228.1392792578166
-0.5727169177854685
41481882.0
0.40257143711754706
280.71872092492384
7.5192058909749075
2.6790537847309954
8.369055561320916
-1.0707240805006744
1.6806123717658064
0.31331881041327736
0.6855867440020645
0.293496471864499
0.913025021463768
0.22512525231279895
0.27761382023006337
2.527835346860649
-0.31384728045985233
0.774149682188962
0.8552339979226282
0.9819192877147856
0.8565554871592136
0.9419614502453929
0.2761519256343179
0.4812350133502687
2.1853889477640274
0.49848279554477104
83.0259755873174
0.29470049913040547
0.8357334106808214
6.353746266880954
17.981717890982495
145.52357814417172
2.862760210213966
0.3360321515914542
4.110590201601248
77.7430120543163
0.2704374815298949
0.35288582183186956
9.386634664748813
0.5244133741018933
2.6837631798678734
0.23850932697631358
11.909090909090908
0.3608815426997245
1.2341597796143249
4.878787878787879
6603.181818181818
56775.878787878784
831.6637205387206
0.5753367003367004
5.181818181818182
0.15702479338842976
0.3784509846398888
0.7347813853401368
0.3265898076459227
3.7953249996956093
0.04140526976160602
6019.886134067953
4.117245495406764
119.20577164366374
0.14956809491049403
5.124285077824779
320.84943538268504
0.568631741678723
7.392722710163111
43.27854454203262
349.2296110414053
6.80306357172731
0.22826920395929176
0.057507405652906636
0.2837904402548231
0.02853357837723528
