1.0
1.0
1.0
40.0
30.0
1.0
212.17833333333334
166.0
253.0
1.0
1.0
1.0
40.0
30.0
1.0
0.0
0.0
0.0
40.0
30.0
1.0
726.0
1.0
18.984848484848484
12.849862258953168
0.0
18.984848484848484
12.849862258953168
0.0
0.7851467348192662
0.0
0.0
45.50921888221407
40.0
30.0
49.4064773081425
49.4064773081425
663.9166666666666
35.73141460954567
0.23117563170007904
1592.02952930384
2.397935779044318
726.0
212.0
242.0
37243162.0
1.154254186048493
19.0
2.0381400063114556
253.0
9.917985262087441
226.20110192837467
225.0
209.0
44.0
7.952079719756487
226.49309307818024
0.3316413719504523
37243162.0
0.4736850093724624
132.1826985102718
2.6725948567607816
1.575648059559804
2.056688972817909
0.18937749005558518
0.9728465017622118
0.21323721437645343
0.639576476375237
0.21240939980691703
0.7433391715567836
0.16680884421822806
0.3203922128669454
1.9321136559041643
-0.3108744327213731
0.7058520172363139
0.8938780815534952
0.9787144853886409
0.8939332691914643
0.9469390407767476
0.21168506205857265
0.41758798167151834
1.7162520460640909
0.29652092903466626
113.09531784156623
0.4805887744888635
0.337396796633154
2.480677840474476
17.487211211832083
50.73837757618929
9.506917900437166
0.6798720545413013
3.7741269322314075
50.42152115044737
0.20526833668643388
0.3257575757575758
7.1468551007283
0.408674634021084
0.9287792551997746
0.30674521227860696
7.777777777777778
0.43209876543209874
0.4691358024691358
2.888888888888889
5802.888888888889
15228.444444444445
3463.29012345679
0.6512345679012346
1.3333333333333333
0.07407407407407407
0.14359401328438504
0.21921414348327206
0.1287881319692312
3.947702779220085
0.024793388429752067
4176.11111111111
3.8645475941009164
114.80440771349862
0.15813279299379976
3.836547291092746
343.89531680440774
0.30391063148388464
2.6584022038567494
44.71900826446281
124.22038567493112
25.544612794612796
0.6160085705540251
0.040228870422773746
0.09612507153407225
0.02825844222432877
