1.0
1.0
1.0
40.0
30.0
1.0
235.38
177.0
255.0
1.0
1.0
1.0
40.0
30.0
1.0
0.0
0.0
0.0
40.0
30.0
1.0
879.0
4.0
18.147895335608645
13.939704209328783
0.0
18.147895335608645
13.939704209328783
0.0
0.7563922583119456
0.0
0.0
46.864287687969465
40.0
30.0
49.4064773081425
49.4064773081425
812.6666666666666
35.44778439848393
0.22337740619332377
1885.3262388610665
2.319925642568991
879.0
233.0
253.0
52472755.0
0.8081073484790642
8.0
2.5869362456079417
255.0
5.621461972636711
244.226393629124
245.0
228.0
27.0
4.163284353296039
244.32758134922796
-0.5580271467795759
52472755.0
0.6269988261042321
49.43566287577284
1.6972261102861164
1.2581965378179447
0.9318497454978081
0.5165140892765308
0.611374069373653
0.15472700633543499
0.5961182993719583
0.15472700633543499
0.6167294045662671
0.12991903930571455
0.48703042283974146
1.4041525804506763
-0.29594648228692944
0.6139100311683774
0.9226364968322825
0.969054598732913
0.9226364968322825
0.9484243312215216
0.15472700633543499
0.6644399590143379
1.2494255741152418
0.191525268927272
123.52233133878715
0.5480037413806188
0.2259981293096906
2.0368802916263373
31.12456639012897
44.60460326059565
27.7545571725123
0.7407799270934157
3.9515318083801363
37.45601440889606
0.15909210315291158
0.2565415244596132
14.076718874886145
0.33126114232274545
0.7248245274115019
0.23287029605055637
7.571428571428571
0.5408163265306123
0.22959183673469388
2.9285714285714284
30660.35714285714
33473.92857142857
29956.964285714286
0.5178571428571429
1.2857142857142858
0.09183673469387756
0.17767875372676994
0.4325317981760545
0.11396549261444879
3.8073549220575993
0.015927189988623434
26718.31122448979
3.3201068143909627
181.12286689419795
0.2060555937362889
3.5148950159258954
551.13196814562
0.18650058694788393
1.7440273037542662
51.784982935153586
82.48122866894198
44.110921501706486
0.8139931740614335
0.031130327336344726
0.06310552687767054
0.023136527451013272
