1.0
1.0
1.0
40.0
30.0
1.0
227.37833333333333
162.0
255.0
1.0
1.0
1.0
40.0
30.0
1.0
0.0
0.0
0.0
40.0
30.0
1.0
847.0
1.0
21.494687131050767
14.62809917355372
0.0
21.494687131050767
14.62809917355372
0.0
0.6879371015378973
0.0
0.0
46.060661113500885
40.0
30.0
46.14108798023731
46.14108798023731
789.5
31.686837701341137
0.2280612897153386
1811.34275384591
2.294291011837758
847.0
225.0
249.0
48903918.0
0.8158841882191898
13.0
2.6114699047839602
255.0
7.26487679970561
240.12514757969302
243.0
219.0
36.0
5.574039595855835
240.2869152760769
-0.7434216976502696
48903918.0
0.7086459746114141
77.71515272320251
4.201856489748351
2.035496663337096
1.0774619657144617
0.1652559710249177
0.4053475129855627
0.17093839202151162
0.4060373612726662
0.1695778478038245
0.6589352197771093
0.1418955049330618
0.6033330463581246
1.3559943990287162
-0.15956629692884156
0.4515680634386068
0.9153471305198564
0.9829689551463574
0.9154378334677022
0.9576735652599282
0.16838737161334832
0.7705523157962094
1.1805852741561205
0.14407147625176858
92.7916330116077
0.4192792328374917
0.42691299704711555
4.100692788415897
40.47912946571211
165.15782989397377
10.339607410282113
0.4198825994349299
3.8825375047945654
53.48629658434341
0.2392644700626565
0.2603305785123967
24.999189075759723
0.49323074583717175
1.7947318377399646
0.2799358959542063
21.0
0.5675675675675675
0.7859751643535428
3.2432432432432434
13516.621621621622
54163.64864864865
3387.2672672672675
0.7394894894894894
8.891891891891891
0.24032140248356465
0.4637306101782304
1.0439993636371607
0.39925628164515514
3.073789851881543
0.043683589138134596
12992.582907231556
3.072575408533191
186.06965761511216
0.21968082363059288
5.216310361314118
600.2231404958678
0.1664350461173473
4.190082644628099
53.06611570247934
221.92325855962218
13.34297520661157
0.29824216187852554
0.052891078192175894
0.17554849021028676
0.031483255414511
