1.0
1.0
1.0
40.0
30.0
1.0
227.42916666666667
152.0
255.0
1.0
1.0
1.0
40.0
30.0
1.0
0.0
0.0
0.0
40.0
30.0
1.0
844.0
2.0
18.420616113744074
14.996445497630331
0.0
18.420616113744074
14.996445497630331
0.0
0.7167946845669205
0.0
0.0
50.053195363952
40.0
30.0
49.4064773081425
49.4064773081425
774.8333333333334
35.87786438247042
0.22328166284198497
1827.1320283109967
2.358096831547855
844.0
226.0
251.0
48403764.0
0.9281222787383425
15.0
2.092877329110145
255.0
7.777385952696479
239.30331753554503
240.0
220.0
35.0
6.076736037664326
239.47950075031653
-0.19710547391421696
48403764.0
0.6508641989173647
84.35349610296265
4.551875270192727
2.1123253218034326
1.364333702343416
0.33771051942168206
0.5520481749111522
0.19231292969482736
0.4839229241225018
0.1916541681665006
0.7031332854292804
0.15476022927582164
0.5175684037775298
1.5614953989590545
-0.20419774485587378
0.5382302404286178
0.9042387920695824
0.9807991114087476
0.9042827095048042
0.9521193960347911
0.1910777518292147
0.7057718488545035
1.3667096637319442
0.18609027615149487
111.6177344384092
0.4401389926195648
0.3999817407912314
4.408105372416807
26.658155085221953
114.53794764937254
6.649060776570726
0.37194749025341134
3.855984956642187
56.581065274395954
0.21974391076149624
0.2988744075829384
14.546256346196428
0.4591369228904798
1.8022255710726804
0.2350683947772635
25.47826086956522
0.553875236294896
0.7674858223062382
3.217391304347826
9690.826086956522
39118.434782608696
2415.349033816425
0.7355072463768116
13.565217391304348
0.2948960302457467
0.5483998635192845
1.3066398570671747
0.46314451364074377
2.848935467426601
0.054502369668246446
9354.183364839319
3.403561273893465
151.0781990521327
0.17900260551200556
4.972715123200287
549.3293838862559
0.203134475865322
4.502369668246446
48.65165876777251
218.86966824644549
11.725118483412322
0.2810689836756188
0.06221893400154515
0.21612214355419193
0.03669186813361908
