1.0
1.0
1.0
40.0
30.0
1.0
246.19583333333333
157.0
255.0
1.0
1.0
1.0
40.0
30.0
1.0
0.0
0.0
0.0
40.0
30.0
1.0
1087.0
1.0
19.845446182152713
15.326586936522538
0.0
19.845446182152713
15.326586936522538
0.0
0.7096020426255093
0.0
0.0
48.13500831485089
40.0
30.0
49.4064773081425
49.4064773081425
1044.25
34.15670022201407
0.22095424494161947
2252.7764502957107
2.1573152504627346
1087.0
242.60000000000002
255.0
68288562.0
0.8974068214324142
7.0
5.579183246261319
255.0
4.596286801701808
250.57589696412143
254.0
228.0
27.0
2.9205318646208425
250.64509594531296
-1.7083558694779992
68288562.0
0.5694098271027761
34.68398206114074
3.0514288917454335
1.6994674950235762
1.058359751995828
-0.5582487706924258
0.7468911716844333
0.09394718665059076
0.7764054582258377
0.09394718665059076
0.44718082545666293
0.08484808634754878
0.49473273448493904
1.3159111799711116
-0.5077743818266477
0.7672075082399207
0.9530264066747046
0.9812105626698819
0.9530264066747046
0.9686842711164697
0.09394718665059076
0.6524939016982808
1.221963993320521
0.21020958958375605
81.44084221926451
0.5004969383570244
0.24975153082148782
2.475638733889512
98.17367166466767
340.0309264052694
37.70935797951722
0.631090316527622
4.562860407845759
15.833925759846833
0.0941684672390881
0.1497240110395584
47.37453127719327
0.23357668597259118
0.4636754877014538
0.17605198554037552
5.0
0.5555555555555556
0.2222222222222222
3.0
66163.44444444444
229400.11111111112
25354.277777777777
0.5
1.0
0.1111111111111111
0.15187676159923866
0.5949112979858217
0.04111812750259293
3.169925001442309
0.00827966881324747
51576.172839506165
2.7089665571846493
421.2907083716651
0.38757194882397894
2.758486385475584
618.9484820607175
0.21529508644861195
3.058877644894204
63.63293468261269
204.442502299908
28.430542778288867
0.4852805887764489
0.021562978857766826
0.061571044181412384
0.011560962526855437
