1.0
1.0
1.0
40.0
30.0
1.0
227.93583333333333
157.0
255.0
1.0
1.0
1.0
40.0
30.0
1.0
0.0
0.0
0.0
40.0
30.0
1.0
714.0
8.0
19.991596638655462
15.089635854341736
0.0
19.991596638655462
15.089635854341736
0.0
0.79072385964424
0.0
0.0
42.52646158590529
40.0
30.0
49.4064773081425
49.4064773081425
648.5
33.62668784221953
0.23434790059466354
1546.0719852869513
2.3840739942744045
714.0
228.0
253.0
41900191.0
0.7918583525674829
15.0
2.0115887820750036
255.0
7.62786290986983
242.07983193277312
244.0
225.0
30.0
5.953579072532701
242.24727221654848
-0.42404658599806094
41900191.0
0.6371882086167799
81.09586775886828
1.7392130086294677
1.274741319640508
0.9070092962038699
0.48908062850389633
0.6268122270215848
0.17002190058411132
0.5743411913250235
0.17002190058411132
0.6523209296571197
0.1400410395747021
0.4615418966224498
1.4659600173675695
-0.27205154717759616
0.6002086844523247
0.9149890497079443
0.9659956198831777
0.9149890497079443
0.9433260331386296
0.17002190058411132
0.6402477300674366
1.2959381167834585
0.199208531901424
127.61595648381346
0.6141915925112105
0.1929042037443948
1.7835959650889404
22.757564626142944
36.01538392154664
19.44310980229202
0.8041010087277648
3.6598340055061707
37.854946350450646
0.1771696818073542
0.29096638655462187
9.886844329358205
0.34588758900495975
0.6426068298456744
0.27170777879478114
10.4
0.52
0.24
2.8
12750.4
13992.1
12439.975
0.55
2.3
0.115
0.2391188333358229
0.716434332470388
0.11978995855218169
3.584183719779184
0.028011204481792718
11475.91
3.482045794663899
119.96358543417367
0.16801622609828246
3.5088388296495063
454.95238095238096
0.18140589569160995
1.7142857142857142
48.02801120448179
80.86834733893558
39.817927170868344
0.8214285714285714
0.036248797358449554
0.07193165052617166
0.027328084066519022
