1.0
1.0
1.0
40.0
30.0
1.0
232.82333333333332
163.0
255.0
1.0
1.0
1.0
40.0
30.0
1.0
0.0
0.0
0.0
40.0
30.0
1.0
947.0
2.0
20.37170010559662
13.78247096092925
0.0
20.37170010559662
13.78247096092925
0.0
0.7970790147393676
0.0
0.0
43.36856138470996
40.0
30.0
49.4064773081425
49.4064773081425
893.1666666666666
34.5681701791884
0.22356243865725137
2006.1972184338274
2.246162215077993
947.0
228.0
251.0
55009739.0
0.796895896949241
9.0
2.804203175675193
255.0
6.24532983054363
240.88384371700104
242.0
222.0
33.0
4.332044120707596
241.01540522211906
-0.49597401940721675
55009739.0
0.706813825463393
63.39939050567066
4.497956066266784
2.1018331262853676
1.205526983460798
0.3403402747708457
0.4640602388816839
0.14305017217038743
0.5288363875685067
0.1418567714768479
0.5895670297111218
0.12239084253719063
0.602116997552327
1.3145595268913746
-0.2514281284446962
0.5534969290533669
0.92919095433093
0.9857500628149708
0.929270514377166
0.964595477165465
0.1408125458700008
0.7675196673978375
1.1668806330447383
0.15177760276301783
94.3673405122623
0.4474531109967965
0.3883757185865318
4.70695880730754
54.64635762584993
228.2259370435861
13.61350479850228
0.33641308516436497
4.185173139135349
39.015565717145094
0.181075986761134
0.2214889123548046
32.19534142133723
0.4055809833321524
1.708714892729386
0.18968928093859946
12.461538461538462
0.47928994082840237
0.8284023668639053
3.6923076923076925
23433.346153846152
94303.34615384616
5857.811965811967
0.6688034188034189
7.230769230769231
0.2781065088757396
0.5350829241497382
0.6583608500601822
0.5211349497090956
2.7732967821474657
0.027455121436114043
22106.705621301775
3.0157865234981243
240.93030623020064
0.25441426212270396
4.273213136799475
669.3526927138331
0.1630514412767936
4.503695881731785
56.518479408658926
247.21119324181626
13.810688724627479
0.26487152411122844
0.04185054918756583
0.14573844985410958
0.022639948737815743
