1.0
1.0
1.0
40.0
30.0
1.0
237.10416666666666
143.0
255.0
1.0
1.0
1.0
40.0
30.0
1.0
0.0
0.0
0.0
40.0
30.0
1.0
940.0
2.0
21.823404255319147
16.057446808510637
0.0
21.823404255319147
16.057446808510637
0.0
0.731373695231424
0.0
0.0
47.45847245008183
40.0
30.0
49.4064773081425
49.4064773081425
893.5833333333334
34.70987836585508
0.22857344931004675
1962.825609390601
2.1965781323031996
940.0
239.0
254.0
58646013.0
0.8783572533236701
4.0
7.386520499331147
255.0
5.074904934359436
249.66914893617022
253.0
221.0
34.0
2.366840636701415
249.77865307490728
-2.2471546106921907
58646013.0
0.6363671344499773
54.69160140334993
7.877504453253106
2.7786984721053636
2.1067544436063317
-0.9450870914692429
0.6992734147233076
0.07400601944438963
0.8080055794522111
0.07400601944438963
0.3794218332629657
0.06840445817483043
0.6060041219520198
1.1564712970907205
-0.5594671993930003
0.7687117510597897
0.9629969902778052
0.992599398055561
0.9629969902778052
0.9814984951389026
0.07400601944438963
0.7598392209872454
1.0824652776463315
0.1933198585419243
55.305492279556454
0.4015716971717258
0.4703165679369
5.9375454313957
111.9927610713707
964.6581186193486
13.77196895746361
0.27932472805467456
4.36061217109972
15.17628076023798
0.10990952429189747
0.1454787234042553
58.714789937102736
0.2712337856695498
1.0303638098455599
0.14352229562869126
7.5
0.46875
0.5
2.75
33983.0
297031.875
4022.7951388888887
0.7013888888888888
3.75
0.234375
0.44788436136442705
0.702475551637052
0.38701447628056945
2.8522170014624795
0.01702127659574468
30531.4375
2.4064560995432345
401.2723404255319
0.4268854685377999
3.1242236306020823
598.1851063829787
0.22845631507469444
7.785106382978723
64.52978723404256
529.3489361702127
8.664243498817967
0.15833333333333333
0.028350123195456274
0.1541251882943879
0.011457668295461517
