1.0
1.0
1.0
40.0
30.0
1.0
239.225
191.0
255.0
1.0
1.0
1.0
40.0
30.0
1.0
0.0
0.0
0.0
40.0
30.0
1.0
919.0
1.0
19.415669205658325
15.467899891186072
0.0
19.415669205658325
15.467899891186072
0.0
0.7534034274493745
0.0
0.0
43.93743345332669
40.0
30.0
49.4064773081425
49.4064773081425
877.6666666666666
33.10261295706513
0.231414043733049
1915.641114248666
2.1826522380349407
919.0
241.0
252.0
55950165.0
0.8202076643197964
5.0
4.771468145212455
255.0
3.3144319948470238
246.69967355821547
247.0
231.0
24.0
2.172642998027613
246.74191448001338
-1.2034358993755243
55950165.0
0.619352539366606
20.843427532173514
1.7231988676368317
1.2667467946081061
0.938480546211501
0.514608234960136
0.6282660376851559
0.15408303237497378
0.6064450627929269
0.15408303237497378
0.615611638744782
0.12956230762009693
0.4792631573498382
1.419088677056271
-0.3042824999205077
0.6255246636381293
0.9229584838125131
0.9691833935250053
0.9229584838125131
0.9486389892083422
0.15408303237497378
0.656211689204407
1.2650056446812976
0.19558726751503241
105.12126686700374
0.5332431129694317
0.23337844351528414
2.1137598578560755
45.952118522991974
64.87724250691457
41.22083752701133
0.7215600355359811
4.170226867646244
27.07115918262766
0.13276994179038687
0.2143634385201306
21.712094478053743
0.2707802294243856
0.6385135291826658
0.17884690448481555
6.8
0.68
0.16000000000000003
3.4
47649.9
51874.8
46593.675
0.4
1.2
0.12
0.21803946799611143
0.8534072231955184
0.05919752919625969
3.1219280948873593
0.01088139281828074
39204.29000000001
3.165725657037167
221.48313384113166
0.2410044981949202
3.2049029022178384
569.1849836779107
0.19032373031669708
1.7671381936887922
56.27747551686616
91.6278563656148
47.439880304679
0.808215451577802
0.02717669408673476
0.057583145568306716
0.019575081216341775
