1.0
1.0
1.0
40.0
30.0
1.0
236.96
173.0
255.0
1.0
1.0
1.0
40.0
30.0
1.0
0.0
0.0
0.0
40.0
30.0
1.0
918.0
1.0
20.270152505446625
14.74400871459695
0.0
20.270152505446625
14.74400871459695
0.0
0.7738375040230858
0.0
0.0
45.65170853065996
40.0
30.0
48.25971404805462
48.25971404805462
870.75
35.327004183755314
0.2288019942886618
1927.3176903415429
2.213399586955547
918.0
236.0
252.0
55142276.0
0.7398554785735274
7.0
3.2903177780714787
255.0
4.658393495379269
245.01307189542484
246.0
228.0
27.0
3.156731797804377
245.08741048849578
-0.7996538997240318
55142276.0
0.6691870648041351
36.43338032380707
1.5909456604970065
1.2172154562677489
0.9786543989577596
0.5634461796488063
0.5587234727504347
0.12140141661248122
0.6432058267464114
0.12140141661248122
0.528919336903284
0.10602584266592971
0.5539117126526123
1.2439488014922304
-0.35265533955365014
0.6363585314938692
0.9392992916937594
0.9757197166775038
0.9392992916937594
0.9595328611291729
0.12140141661248122
0.7220838354260104
1.1225473848797494
0.17003122234072898
98.27910644118595
0.5529364590577808
0.2235317704711096
2.012479089887347
57.537430516110035
75.71189464666054
52.993814483472406
0.7468802275281633
4.2798617949446305
21.8366684126292
0.11766373786931092
0.19362745098039214
26.28120298363019
0.24829740212876167
0.5487373812437981
0.17318740735000257
8.2
0.82
0.09000000000000001
3.7
53683.2
56610.0
52951.5
0.325
1.0
0.1
0.13575900362538074
0.5430354453236436
0.03393989320081505
3.3219280948873595
0.010893246187363835
45255.96000000001
2.9278229091115957
258.60130718954247
0.2817007703589787
3.060233243624247
614.3137254901961
0.16540646759793243
1.6274509803921569
58.57734204793028
87.26361655773421
51.4057734204793
0.8431372549019608
0.024676020270934164
0.04887125803682242
0.0186272108294621
