1.0
1.0
1.0
40.0
30.0
1.0
227.535
150.0
255.0
1.0
1.0
1.0
40.0
30.0
1.0
0.0
0.0
0.0
40.0
30.0
1.0
861.0
1.0
18.221835075493612
14.468060394889664
0.0
18.221835075493612
14.468060394889664
0.0
0.6996808053443225
0.0
0.0
45.304747417044844
40.0
30.0
49.4064773081425
49.4064773081425
819.75
31.698862158679056
0.23480045186361725
1804.0122393349807
2.2006858668313276
861.0
228.0
252.0
51040316.0
1.2128458753699063
10.0
3.7112334276078753
255.0
7.273019380268466
243.29616724738676
246.0
216.0
39.0
4.7767091049382735
243.4754075874684
-1.2621447119701374
51040316.0
0.4923683532504812
87.24910261546619
5.303047239177386
2.264349427442232
2.0872862430661314
0.20704434375361405
0.931776090414463
0.2288416098445963
0.6053813922116658
0.22820466716943708
0.7692660085362618
0.17483595304684568
0.3474666564734991
1.9687370272876097
-0.28211363955665975
0.6806638738972505
0.8859613606827974
0.9771452363697786
0.886003823527808
0.9429806803413987
0.22764734232867273
0.5261458034221049
1.7376300190582983
0.29015442506476485
95.48226770105614
0.3840062318067391
0.48346318257909915
4.7439912910042015
25.283522939970403
132.87554199640903
5.7287830304437435
0.3712567551487698
4.048329410414531
47.68414780717182
0.18647963405839224
0.28745644599303133
11.866434895783653
0.40648332426746625
1.4608668995340983
0.2319245623274844
16.642857142857142
0.5943877551020408
0.5242346938775511
2.4642857142857144
10975.392857142857
47532.0
2653.026785714286
0.7926587301587301
4.928571428571429
0.1760204081632653
0.41108932446396124
0.5203715282132441
0.3838821375478615
3.261490189373875
0.032520325203252036
10029.830357142857
3.654689007910079
159.49477351916377
0.18524363939507987
4.3701392514174024
423.92915214866434
0.31831824540246395
5.249709639953543
49.26480836236934
268.7317073170732
10.662117692605499
0.2640663311395019
0.046605140001972314
0.1662116862273795
0.02614734385728166
