1.0
1.0
1.0
40.0
30.0
1.0
211.96166666666667
116.0
255.0
1.0
1.0
1.0
40.0
30.0
1.0
0.0
0.0
0.0
40.0
30.0
1.0
774.0
1.0
24.89405684754522
14.790697674418604
0.0
24.89405684754522
14.790697674418604
0.0
0.8513036445169458
0.0
0.0
40.62647337039822
40.0
30.0
49.4064773081425
49.4064773081425
724.9166666666666
34.58546484409065
0.2376372982430308
1642.2082952927803
2.2653752780219985
774.0
210.0
254.0
43981631.0
1.4761415484640512
22.75
2.5902115637119105
255.0
12.895455668395996
237.86692506459949
243.0
202.0
53.0
9.60060296139899
238.37745837536465
-0.8841732457957306
43981631.0
0.38590763108520454
243.13862181092216
4.832785690028764
2.116854241003257
5.7273416159520565
-0.2200476587621814
1.6086477506735102
0.20202714421478402
0.7766692579229728
0.20128198773192263
0.7212498680471587
0.16019495270609874
0.2722282409281733
2.254795744281287
-0.43583831774505255
0.8421339544289517
0.8994335217823248
0.979831677416192
0.8994831988811822
0.9497167608911624
0.20062997580941888
0.4333492862523417
2.0503306877780827
0.45266872372207356
79.21268787163642
0.36371962353202286
0.5306818189211879
4.005139226827965
27.91016557647049
138.0117927977921
8.271411392971938
0.47874049869963264
4.226388370212828
42.030925032978836
0.1855639463661097
0.2810077519379845
13.645907204979714
0.3828163223844197
1.1999701391199131
0.23218929585319648
6.142857142857143
0.4387755102040816
0.923469387755102
4.642857142857143
13943.285714285714
57696.42857142857
4319.920634920635
0.5654761904761905
1.5714285714285714
0.11224489795918367
0.23502618674434728
1.3840517601946491
0.10735649257129785
3.5216406363433146
0.01808785529715762
10886.775510204081
3.9893610025904698
147.10594315245478
0.19005935807810695
3.9978967610119582
298.69250645994833
0.4790310411366839
4.741602067183463
49.58656330749354
255.79328165374676
15.324576514498995
0.36893482629916735
0.03608202099865691
0.14898737421085767
0.017850466370074362
