1.0
1.0
1.0
40.0
30.0
1.0
247.21583333333334
185.0
255.0
1.0
1.0
1.0
40.0
30.0
1.0
0.0
0.0
0.0
40.0
30.0
1.0
1047.0
1.0
20.829990448901622
12.89111747851003
0.0
20.829990448901622
12.89111747851003
0.0
0.6626178623583922
0.0
0.0
47.044803448463824
40.0
30.0
49.4064773081425
49.4064773081425
1011.1666666666666
31.17272709609181
0.2260851833470454
2154.9003219917718
2.131103005101472
1047.0
251.0
255.0
67224726.0
0.39282191586202886
1.0
21.031420594275975
255.0
1.8971072122195691
253.3658070678128
254.0
230.0
25.0
0.7083139168334202
253.3909965540814
-4.0396740695493625
67224726.0
0.8572425513747834
12.764943546349281
3.775544279313507
1.9323849496729235
0.5799907185715385
-0.3237238538362086
0.2089153129818317
0.04322113941052796
0.6548362730162824
0.04322113941052796
0.2556719829712698
0.04128545521210288
0.8326463185917172
0.5644513777315087
-0.416194945429917
0.5038721865867528
0.978389430294736
0.9913557721178944
0.978389430294736
0.985592953529824
0.04322113941052796
0.9107743799676596
0.521230238320981
0.06303411309808991
52.673259170054244
0.5380091506102047
0.23099542469489767
2.902232506479921
263.9262920932371
1045.6530638843465
68.4945991454598
0.5244418733800198
4.098176291689249
10.017643501197753
0.1073853793741813
0.09312320916905445
123.6396969559978
0.20048813657718056
0.3112486595298556
0.17279800583901184
2.5
0.625
0.1875
1.75
234293.75
934160.75
59327.0
0.8125
1.0
0.25
0.028710283829195344
0.028711087553331502
0.028710082898161304
1.9999999999999987
0.0038204393505253103
165780.6875
1.491872081776189
621.8022922636103
0.5938894864026841
2.061997301609456
897.5329512893983
0.07137872431260826
3.767908309455587
70.207258834766
273.1012416427889
19.483763132760267
0.30802292263610315
0.017727423347562523
0.05984745675835866
0.007197414994863487
