1.0
1.0
1.0
40.0
30.0
1.0
229.17166666666665
133.0
255.0
1.0
1.0
1.0
40.0
30.0
1.0
0.0
0.0
0.0
40.0
30.0
1.0
955.0
1.0
18.28586387434555
12.593717277486911
0.0
18.28586387434555
12.593717277486911
0.0
0.7150437729272584
0.0
0.0
42.80339733594862
40.0
30.0
46.22769732530488
46.22769732530488
920.4166666666666
30.60630272520126
0.23192910011822118
1972.9611383674383
2.1435521648174976
955.0
229.0
252.0
57048270.0
1.2493338833091419
9.0
5.0742854303134495
255.0
7.419765905539869
244.21361256544503
248.0
208.0
47.0
4.613932889501072
244.4103278852253
-1.632326048887811
57048270.0
0.4622471971711302
96.119814698062
5.60951095414095
2.3234601651183495
2.5144547335612666
-0.024631804147566577
1.0534357372399539
0.20930322701376622
0.6682597259360803
0.2076133800925197
0.7379287926349877
0.16513166078180647
0.32871115725900846
1.9958490495059786
-0.33418242716843194
0.7373345577910777
0.8963622946458647
0.9791476702334502
0.8964749511072811
0.9481811473229323
0.206134764036429
0.47671632623992855
1.7810780454211839
0.31568474106343003
90.97840143671485
0.3776694244605318
0.4969092941439991
5.1816944744052975
33.428343786437416
185.79266754596432
7.288297997680466
0.3372825172202093
4.350302487751717
42.98514503176504
0.1740646246301375
0.25157068062827226
16.332370219071592
0.39785250385054677
1.69297922474039
0.1910305170095204
10.727272727272727
0.48760330578512395
0.7768595041322314
3.4545454545454546
15243.045454545454
73821.13636363637
3468.876262626263
0.6893939393939393
2.5454545454545454
0.11570247933884298
0.24627840554105826
0.4570061706714599
0.2227986069865807
3.7321588913645654
0.023036649214659685
13358.696280991737
3.695757896957214
202.95602094240837
0.21251939365697212
4.357957292837367
441.4460732984293
0.3400520819056495
5.632460732984293
53.18219895287958
308.4387434554974
11.323851076207097
0.247934845840605
0.037268224353926176
0.16938599473141983
0.016635508112171248
