1.0
1.0
1.0
40.0
30.0
1.0
231.6325
112.0
255.0
1.0
1.0
1.0
40.0
30.0
1.0
0.0
0.0
0.0
40.0
30.0
1.0
1108.0
1.0
20.90974729241877
14.42418772563177
0.0
20.90974729241877
14.42418772563177
0.0
0.8198888170193759
0.0
0.0
43.476273163768305
40.0
30.0
49.4064773081425
49.4064773081425
1071.4166666666667
35.64571017265323
0.22211227785357573
2279.7321489048745
2.127773647573967
1108.0
219.7
248.0
62734444.0
0.9738459256781364
10.0
3.977987339043553
255.0
8.397711425927618
237.68953068592057
241.0
199.0
56.0
5.088559525312462
237.9485959110263
-1.1889862339285042
62734444.0
0.6365731991815349
123.22129833570098
8.754287096582022
2.933627137721117
2.4757007044654262
-0.2251849742357461
0.7148837213046562
0.12244792485544838
0.7074426377182842
0.12148080686705379
0.5317583102527801
0.10705810211738954
0.5501431124668081
1.493688658834295
-0.4225506266928429
0.7371599179190804
0.9393563083653126
0.9928142476788865
0.9394207828978723
0.975736075892869
0.12063457862720853
0.730523929379112
1.3680879797425949
0.20933291154002612
72.16717629331991
0.39217932968199504
0.48904243751604004
8.817420720933526
92.30762066195332
819.4104541808005
10.842045442257078
0.15043010974483215
4.706579009080596
24.327216110761963
0.12693420117694798
0.16561371841155234
51.2451667983943
0.2922010301932226
2.51060526307682
0.05515680088228922
4.384615384615385
0.33727810650887574
1.3609467455621302
9.461538461538462
58524.0
524760.1538461539
6584.077457264957
0.26816239316239315
1.4615384615384615
0.11242603550295859
0.24644276092814626
1.628039541756413
0.1597483156406193
3.5465935642949344
0.011732851985559567
51259.715976331354
2.82941871310312
407.4187725631769
0.36770647343247015
3.2608596488941597
705.3231046931407
0.21887096143570228
8.8014440433213
62.167870036101085
546.2202166064982
7.683971369835539
0.12875426193341358
0.02538998268280437
0.21880022978739563
0.0049459537060834455
