1.0
1.0
1.0
40.0
30.0
1.0
213.53833333333333
120.0
254.0
1.0
1.0
1.0
40.0
30.0
1.0
0.0
0.0
0.0
40.0
30.0
1.0
825.0
1.0
17.705454545454547
12.24
0.0
17.705454545454547
12.24
0.0
0.6593137340012281
0.0
0.0
47.99664675919257
40.0
30.0
49.4064773081425
49.4064773081425
783.6666666666666
31.644848394341196
0.23828196029315993
1725.0984162870996
2.201316566933772
825.0
222.0
251.0
47865212.0
1.225619031879463
11.0
5.484811557152832
254.0
9.09638053259871
240.5478787878788
245.0
198.0
56.0
5.34252422991637
240.8701699834971
-1.742453535356908
47865212.0
0.5336991735537191
155.1567985307622
9.82269293086744
3.1043637025347275
3.697120765106824
-0.014260784418327871
0.9531356768147193
0.21075355138996746
0.6364562888274246
0.20009237421874415
0.7409742493680062
0.16950772154786597
0.42268354411805636
1.9119876964396116
-0.32182610756777874
0.7131111823198253
0.9010199306077502
0.987790870691847
0.9017306757524985
0.9603368977286253
0.19076384419392375
0.6260375049628318
1.6902933675714547
0.2909723070511717
72.70729937643911
0.34088202923992994
0.652196077558918
8.912068931201201
36.78395499588483
356.2780317389656
4.056108761021568
0.1771596413731974
4.263419803778228
45.1061590090648
0.20467642113342224
0.25757575757575757
20.03982177438904
0.4413262376405921
3.3289009907296903
0.11059041284393033
9.206896551724139
0.31747919143876335
1.4078478002378123
7.068965517241379
11776.51724137931
107822.3448275862
1300.6530172413793
0.39391762452107276
5.551724137931035
0.19143876337693222
0.4346344845569855
1.8381782705475185
0.27951552773477606
3.74051989317699
0.03515151515151515
10967.212841854935
3.5073707761999233
180.2048484848485
0.2184301193755739
4.728448117539027
440.3018181818182
0.3337373737373738
9.738181818181818
52.88363636363636
532.0775757575758
5.6665067340067345
0.12643939393939393
0.04661229643372501
0.3467543347305252
0.014742582388829082
