1.0
1.0
1.0
40.0
30.0
1.0
254.22666666666666
234.0
255.0
1.0
1.0
1.0
40.0
30.0
1.0
0.0
0.0
0.0
40.0
30.0
1.0
1145.0
2.0
20.25938864628821
15.068995633187773
0.0
20.25938864628821
15.068995633187773
0.0
0.7373204817406444
0.0
0.0
45.30575529342973
40.0
30.0
49.4064773081425
49.4064773081425
1110.5833333333333
33.404861318575364
0.22113135584255506
2345.315264512008
2.1117868368082915
1145.0
255.0
255.0
74329975.0
0.01851976627762568
0.0
24.22171847197978
255.0
0.38637249480369057
254.78689956331877
255.0
249.0
6.0
0.0
254.7881644300309
-4.508243499568389
74329975.0
0.9965126523140291
0.6445445357640016
3.9963403783462623
1.9990850945865657
0.0018164518001938955
-0.0018197762555497675
0.0018264618826771216
0.0018298108268686789
-0.0009157434165127139
0.0018298108268686789
0.019277615215181
0.001826461882677122
0.99634540176255
0.021107426042049356
-0.00011452385355405024
0.001554808965307776
0.9990850945865656
0.9996340378346262
0.9990850945865656
0.9993900630577104
0.0018298108268686789
0.9981701891731314
0.019277615215181
0.0009140681773864501
49.91474621255948
0.921376442772169
0.03931177861391549
3.876440340580396
705.105629248928
2820.2989573362925
176.3072972270869
0.28088991485490095
3.2295511537799566
11.013621112197995
0.27065813439694913
0.04694323144104803
90.63656102721902
0.08927811709576068
0.23355280896343883
0.05320944412884114
2.0
0.5
0.25
2.5
326041.75
1304165.5
81510.8125
0.625
2.5
0.625
0.7500001916936827
1.5000007667747308
0.5625000479234207
1.4999999999999991
0.0034934497816593887
244102.6875
0.6429596299133378
896.5196506550218
0.7829865944585344
1.1253408592513492
1141.0069868995633
0.0017436738429854504
3.994759825327511
75.5065502183406
302.02096069869
18.877947598253275
0.25131004366812226
0.016860562509008133
0.06220207536354344
0.005525184295374304
