1.0
1.0
1.0
40.0
30.0
1.0
227.25833333333333
143.0
255.0
1.0
1.0
1.0
40.0
30.0
1.0
0.0
0.0
0.0
40.0
30.0
1.0
799.0
1.0
21.877346683354194
16.6558197747184
0.0
21.877346683354194
16.6558197747184
0.0
0.8446811641805385
0.0
0.0
42.06780521780758
40.0
30.0
49.4064773081425
49.4064773081425
755.6666666666666
35.53388268589784
0.23914479981603384
1677.6834737668653
2.2201369304369636
799.0
241.8
254.0
48988877.0
1.1837050551486121
6.0
8.165968391617149
255.0
4.699331611322666
247.51063829787233
249.0
218.0
37.0
2.5553371140516696
247.6140892022591
-2.229005998072629
48988877.0
0.46702464438495556
51.22110084414027
6.240605697453579
2.4656730362098562
1.4191370385373987
-0.14417884591225413
0.8997767041559409
0.2555572939317658
0.557320163103329
0.25346484869949665
0.8152812295405243
0.18900325633170162
0.3038980027823823
1.9775777078070718
-0.23632544734529187
0.6299727535588586
0.8734768201734786
0.974540845002159
0.8736163165222965
0.9367384100867393
0.2516339591212612
0.3766113940173379
1.7160036176124782
0.28883349952192666
104.97769491968134
0.41462903392256173
0.4210280848140313
5.681330590744851
23.215020696385295
152.35703004150162
4.250207348798888
0.2748071179119566
3.8841157106843136
58.6546236921916
0.22476006204711524
0.31539424280350437
11.844701574668555
0.4608366966698207
2.265363852259512
0.17281757379196955
15.457142857142857
0.4416326530612245
0.6906122448979592
3.342857142857143
5398.142857142857
30901.057142857142
1092.0333333333333
0.6682539682539682
12.371428571428572
0.35346938775510206
0.613093709672922
1.1083773721909682
0.5411040448739383
2.9276073019174857
0.04380475594493116
4876.99918367347
3.8147674509267153
133.83354192740927
0.1675013040393107
4.76010219282238
373.1526908635795
0.3160928632630588
6.254067584480601
46.70963704630788
306.57697121401753
8.416423306911417
0.21074954804616883
0.06029508454287939
0.2510400641738177
0.03144106169304251
