1.0
1.0
1.0
40.0
30.0
1.0
248.32166666666666
217.0
255.0
1.0
1.0
1.0
40.0
30.0
1.0
0.0
0.0
0.0
40.0
30.0
1.0
843.0
2.0
20.39620403321471
12.608540925266905
0.0
20.39620403321471
12.608540925266905
0.0
0.6691787506033593
0.0
0.0
46.6800754586313
40.0
30.0
47.16990566028302
47.16990566028302
781.8333333333334
31.237314573477427
0.22616947067382503
1814.650243190012
2.3210192835514967
843.0
247.0
255.0
53169656.0
0.9134776163887357
5.0
1.7017138007156736
255.0
2.338411789786519
251.12692763938315
251.0
247.0
8.0
2.338411789786519
251.1412999695892
0.028382153757652108
53169656.0
0.5587638904719489
7.218764819200479
3.033723237350804
1.7128491544708444
0.826188895634665
-0.4292875879669585
0.6091282865969356
0.2096484521234575
0.48783887839003315
0.2096484521234575
0.7379529794335923
0.16504061776090728
0.42557101287889626
1.5631735207745157
-0.19284277880829662
0.5268881822309449
0.8951757739382713
0.9580703095753085
0.8951757739382713
0.9301171826255141
0.2096484521234575
0.6080249284091155
1.3535250686510585
0.20469418468009826
129.81096508141354
0.5072523211169386
0.24637383944153068
2.333921264616712
20.75280638619257
72.06769223090878
7.924084925013519
0.666519683845822
3.531944483597342
52.63404735100117
0.20242945486249125
0.3039739027283511
9.312553803955435
0.4400806674415165
0.6835761879706383
0.37920678730923596
10.157894736842104
0.5346260387811634
0.23268698060941828
2.1052631578947367
5777.210526315789
19434.157894736843
2362.9736842105262
0.7236842105263158
1.736842105263158
0.09141274238227147
0.187932278871473
0.20679988275802863
0.1832153778998341
3.7474130395316374
0.022538552787663108
3808.6537396121885
3.4104548689676752
145.19928825622776
0.17224114858390008
4.568004739329824
471.03795966785293
0.22061805476402555
3.01423487544484
47.70937129300118
163.14709371293
18.84994068801898
0.49644128113879005
0.041645311775692216
0.08872004756166339
0.029876627829199427
