1.0
1.0
1.0
40.0
30.0
1.0
247.30333333333334
210.0
255.0
1.0
1.0
1.0
40.0
30.0
1.0
0.0
0.0
0.0
40.0
30.0
1.0
973.0
1.0
19.532374100719423
15.986639260020555
0.0
19.532374100719423
15.986639260020555
0.0
0.7406466691200284
0.0
0.0
44.26620444328274
40.0
30.0
49.4064773081425
49.4064773081425
923.5
32.785616875503564
0.22335169813719316
2053.3018522434313
2.2233912855911546
973.0
244.2
255.0
61257696.0
0.9094921124011159
6.0
2.2966556459746497
255.0
3.3922379054618594
250.88180883864337
252.0
242.0
13.0
2.683454693877549
250.9134309793671
-0.7262683688499777
61257696.0
0.5614119774507804
15.867839688020542
3.02871713030847
1.7058135460572124
0.8939343287061534
-0.4640133786240067
0.6530874967745351
0.17744701572633412
0.5722422269372723
0.17744701572633412
0.6674987013030451
0.14461968415750798
0.44011305959205743
1.5113664413389327
-0.27049680871875953
0.602758047911466
0.9112764921368329
0.9645105968547332
0.9112764921368329
0.9408509947578886
0.17744701572633412
0.6170900381940454
1.3339194256125992
0.2076336281252173
121.61972252095585
0.5072356482935462
0.24638217585322691
2.3301235041072696
37.661706433196805
134.04598053909342
13.56563790672265
0.6674691239731826
3.912699597881238
38.98717841643213
0.15714608916924677
0.24691675231243576
18.603942629576846
0.34783325531058307
0.590225191158547
0.28723527134859206
10.882352941176471
0.6401384083044983
0.17993079584775087
1.7058823529411764
17771.823529411766
64891.05882352941
5992.014705882353
0.8235294117647058
1.588235294117647
0.09342560553633218
0.21847218809868563
0.39564134223131797
0.17417989956552757
3.7345216647797463
0.017471736896197326
14495.9446366782
3.2711446521657677
209.32887975334017
0.21513759481329928
3.8678396880205423
546.2538540596095
0.21929401127460973
3.025693730729702
53.21377183967112
178.3103802672148
21.9396197327852
0.4935765673175745
0.03255890995010923
0.07711371994079501
0.021420207452437792
