1.0
1.0
1.0
40.0
30.0
1.0
242.32083333333333
138.0
255.0
1.0
1.0
1.0
40.0
30.0
1.0
0.0
0.0
0.0
40.0
30.0
1.0
1066.0
1.0
21.306754221388367
14.242026266416511
0.0
21.306754221388367
14.242026266416511
0.0
0.765414499142407
0.0
0.0
43.217664288194584
40.0
30.0
45.65084884205331
45.65084884205331
1032.9166666666667
33.07942686525315
0.22545096403452794
2191.8401825028195
2.1219913021406884
1066.0
239.0
255.0
66344324.0
0.9772213956142055
5.0
7.275146352475582
255.0
5.189180151290619
249.3639774859287
252.0
218.0
37.0
2.835974120110606
249.4728475978004
-2.1241466377157305
66344324.0
0.5763721932211385
54.30842095258881
7.547319920116806
2.717779732544888
1.8915117747301737
-0.8289685916574207
0.7742992950710453
0.13047158519182084
0.7105858921508645
0.13047158519182084
0.5554995889847293
0.11295379470540043
0.4982300663436899
1.449275291064049
-0.4099453455977091
0.7220148255477462
0.9347642074040896
0.986952841480818
0.9347642074040896
0.9673821037020448
0.13047158519182084
0.6737492948050732
1.3188037058722286
0.22619272006571656
76.6515935725584
0.4147747368028425
0.42075470858928804
5.646801391896458
82.3166582429086
696.823339121922
10.479852810419109
0.27663444897620376
4.364968888026654
22.92030695111563
0.12016659630898084
0.17260787992495308
44.45570876163292
0.2837153364487718
1.0050836592109027
0.14105974445888245
10.272727272727273
0.4669421487603306
0.34090909090909094
2.590909090909091
26641.727272727272
236454.63636363635
3053.9545454545455
0.6527777777777778
3.272727272727273
0.1487603305785124
0.32437883898069214
0.3505460566055855
0.3178371229416941
3.0837651410695486
0.020637898686679174
24293.88429752066
2.8239264555791563
353.8330206378987
0.33192591054211884
3.322110324581381
614.4127579737336
0.25572267845639923
7.4840525328330205
61.373358348968104
491.3377110694184
8.57061705232437
0.1669793621013133
0.029539359356069578
0.15031952707947188
0.012397917780809928
