1.0
1.0
1.0
40.0
30.0
1.0
229.81833333333333
163.0
253.0
1.0
1.0
1.0
40.0
30.0
1.0
0.0
0.0
0.0
40.0
30.0
1.0
953.0
4.0
22.58866736621196
13.288562434417628
0.0
22.58866736621196
13.288562434417628
0.0
0.7456177729006656
0.0
0.0
44.668047813009395
40.0
30.0
49.4064773081425
49.4064773081425
905.5
33.30529033015651
0.22760607951831188
1988.654036515345
2.196194408078791
953.0
225.0
246.0
54557326.0
0.5198803633982239
6.0
4.423055510953163
253.0
5.49860439612468
239.1479538300105
242.0
217.0
36.0
3.3993545839517454
239.26550338959652
-1.4872223286131496
54557326.0
0.8169320057387671
56.23729119618942
3.811452791870048
1.9398846254455702
0.7275799476652447
-0.2824222723164335
0.2482202827737156
0.05503521949836567
0.6344992808129402
0.05503521949836567
0.30664366185669767
0.0519529570042621
0.8009179456690589
0.7111002393719141
-0.39050264248465716
0.5381557802726517
0.9724823902508172
0.9944964780501634
0.9724823902508172
0.9862411951254086
0.05503521949836567
0.8930504904138679
0.656065019873549
0.07581387556802031
59.15547814254711
0.48126859733699123
0.3120313204822928
3.1282747424988804
156.96566259581962
620.4604637972865
41.30643526546775
0.520466183720494
4.225557573569665
19.08113627956608
0.15370284127947673
0.1282791185729276
87.25689866849791
0.3779408588484481
0.887731731072322
0.27998504635341914
13.727272727272727
0.6239669421487604
0.3987603305785124
2.1363636363636362
32765.954545454544
130627.09090909091
8304.104797979799
0.8169191919191919
5.0
0.22727272727272727
0.4451493994830068
0.5596749451577471
0.4299334171047258
2.7887549139935
0.023084994753410283
30889.489669421484
1.950722879638941
486.21720881427075
0.5101964415679651
3.435828096836741
778.5362014690451
0.0943747529478347
3.7817418677859393
67.01678908709339
261.0052465897167
18.776174653142125
0.3162236213128133
0.03191173207653121
0.08644279184799722
0.019319045051272226
