1.0
1.0
1.0
40.0
30.0
1.0
227.455
178.0
253.0
1.0
1.0
1.0
40.0
30.0
1.0
0.0
0.0
0.0
40.0
30.0
1.0
785.0
2.0
17.445859872611464
14.978343949044586
0.0
17.445859872611464
14.978343949044586
0.0
0.8007768850693755
0.0
0.0
44.73740038711274
40.0
30.0
49.4064773081425
49.4064773081425
739.1666666666666
35.824676128093614
0.23850029050294763
1657.639656332949
2.2425790164594575
785.0
230.0
245.60000000000002
44941306.0
0.37239229171982113
7.0
3.426732442903308
253.0
4.53372712888961
239.19490445859873
240.0
223.0
30.0
2.9789356903024844
239.26987135362367
-0.5676545867480609
44941306.0
0.8903452472716945
35.86901862144508
4.118423593825693
2.024266008161012
0.373401751066942
0.13894291741689488
0.14376398967596263
0.06068460829803105
0.4082585116130699
0.06068460829803105
0.32904061855343414
0.05691448633812159
0.8440831052930391
0.6008526411288981
-0.21681917935965767
0.36270944684620937
0.9696576958509844
0.9939315391701969
0.9696576958509844
0.9848288479254922
0.06068460829803105
0.9179558305203268
0.5401680328308677
0.05111214949349842
68.89528497800602
0.5836795405334991
0.2574023116988485
4.093669253085137
101.078059965892
407.50959895830056
25.30363027384524
0.3480753068006933
4.172758167633537
13.047122425905298
0.11027898951560719
0.14872611464968152
50.17951879149525
0.2723537213028694
0.9032641779618201
0.17026276297817045
11.444444444444445
0.6358024691358025
0.5709876543209876
2.5
30449.277777777777
121919.94444444444
7609.944444444444
0.8101851851851852
7.555555555555555
0.41975308641975306
0.6575334851766641
0.757307032165462
0.6464474932392403
1.83360567894174
0.022929936305732482
28547.3487654321
2.006578711408748
322.3324840764331
0.4106146293967301
3.165246460302649
698.9210191082802
0.05719339526958497
4.103184713375796
64.16433121019108
261.6675159235669
15.93927813163482
0.2624203821656051
0.03437765894279391
0.09827597900448219
0.02039433944300637
