1.0
1.0
1.0
40.0
30.0
1.0
235.805
171.0
255.0
1.0
1.0
1.0
40.0
30.0
1.0
0.0
0.0
0.0
40.0
30.0
1.0
880.0
2.0
17.261363636363637
15.588636363636363
0.0
17.261363636363637
15.588636363636363
0.0
0.749800136894543
0.0
0.0
45.65359972706436
40.0
30.0
49.4064773081425
49.4064773081425
823.9166666666666
34.23107532508153
0.22805392878849934
1863.668900654661
2.2619628611162064
880.0
233.0
255.0
52507894.0
0.8698926856041556
12.0
1.990038928927007
255.0
6.451477272727273
244.15
244.0
229.0
26.0
5.659254652923034
244.2704676452648
-0.22045125695573567
52507894.0
0.5874380165289257
58.83886363636365
1.8676784228219785
1.304872412369055
1.0558362512723294
0.5519579549609619
0.7537694492688989
0.09387762857037349
0.7787483765615667
0.09387762857037349
0.4462462619991674
0.0847094620740227
0.49146699900634105
1.32092817041221
-0.5112745589403628
0.7698934002197211
0.9530611857148132
0.9812244742859253
0.9530611857148132
0.9687074571432088
0.09387762857037349
0.6481887733457583
1.227050541841837
0.2119117694598181
91.99557182898181
0.5654272548815122
0.21728637255924388
1.9583180003311929
56.000274301798655
97.62395525224136
45.59435406418798
0.7604204999172018
4.380689494540307
18.458852935118063
0.1086911953774325
0.1846590909090909
22.81307985502268
0.2470299078922542
0.5097202003864764
0.18135733476869867
6.636363636363637
0.6033057851239669
0.1983471074380165
3.1818181818181817
36804.545454545456
45045.27272727273
34744.36363636364
0.45454545454545453
1.5454545454545454
0.14049586776859505
0.2085365650946553
0.8004754985504199
0.06055183173071414
3.095795255000931
0.0125
30404.54545454546
3.111051236379181
255.175
0.2899715909090909
3.147210743801653
516.9454545454546
0.20628099173553718
1.8727272727272728
59.73863636363637
110.65
47.01079545454545
0.7818181818181819
0.0261016961708926
0.05541094404933691
0.018774384201281524
