1.0
1.0
1.0
40.0
30.0
1.0
234.47166666666666
158.0
255.0
1.0
1.0
1.0
40.0
30.0
1.0
0.0
0.0
0.0
40.0
30.0
1.0
1041.0
1.0
19.00960614793468
13.54658981748319
0.0
19.00960614793468
13.54658981748319
0.0
0.7644937545518664
0.0
0.0
44.72084405409315
40.0
30.0
49.4064773081425
49.4064773081425
998.25
34.18880597764218
0.2232177951488265
2163.954822747663
2.1677483824168924
1041.0
232.0
250.0
60477244.0
0.7139841587974738
7.0
4.114677966337352
255.0
5.30206767489695
240.9164265129683
241.0
217.0
38.0
3.1756394994662682
241.02973935712356
-0.5733990238835345
60477244.0
0.7453512611183549
54.61069078446517
4.3987358028285115
2.0806924795789334
1.0299602453431458
0.367951143887261
0.38497407139413925
0.10716611080898018
0.5639263385171238
0.10613438758110716
0.4893953996198136
0.09572337722954675
0.6771933526892628
1.0972613303290928
-0.30276533886559615
0.5657239506809679
0.9470359785322336
0.9893310069142345
0.9471047600807585
0.9735179892661169
0.10523162975671828
0.817899727906115
0.985930627623555
0.12303504555077985
70.45249356635107
0.4094647199156707
0.44214348263486714
4.596034407192678
92.40487795302016
383.53037829515245
22.921549681921576
0.36921449673606155
4.446766489246748
25.138890829542106
0.1447975282151305
0.1642651296829971
51.97154561013849
0.3701514230469612
1.4862178209692354
0.21534011745697237
15.75
0.4921875
0.83984375
3.6875
23161.59375
93227.3125
5776.865451388889
0.6753472222222222
6.875
0.21484375
0.4026808839268814
0.6617446795025813
0.37388404337630216
3.0161267670198697
0.03073967339097022
22103.3115234375
2.4916065472774918
393.1671469740634
0.37768217768882173
3.8811550631597314
775.9106628242075
0.13930852344924383
4.420749279538905
62.95389048991355
273.24303554274735
15.260460027751094
0.2632885046429715
0.035716882992568005
0.1250393585227879
0.01955092873615649
