1.0
1.0
1.0
40.0
30.0
1.0
229.50666666666666
185.0
255.0
1.0
1.0
1.0
40.0
30.0
1.0
0.0
0.0
0.0
40.0
30.0
1.0
808.0
2.0
18.821782178217823
13.022277227722773
0.0
18.821782178217823
13.022277227722773
0.0
0.6295348444916942
0.0
0.0
48.625819367896845
40.0
30.0
49.4064773081425
49.4064773081425
756.0
30.61164763405015
0.23324965641495954
1720.5909811949573
2.275913996289626
808.0
228.0
248.0
46174517.0
0.36795254334510047
11.0
2.1295076510514384
255.0
6.235491618468777
238.93935643564356
240.0
225.0
30.0
4.855060297700703
239.05371667356596
-0.18424859324861273
46174517.0
0.8688639594157437
54.66340156602295
1.1742076532811998
1.0721276092939898
0.40065995113661623
0.24154205677691543
0.1833364944729234
0.08435034920153914
0.3693725587159731
0.08435034920153914
0.4156860714784545
0.07705188213331474
0.7891046960294541
0.6891252873154124
-0.1560618836605967
0.3213996821885323
0.9578248253992304
0.9831299301596922
0.9578248253992304
0.9718832169328202
0.08435034920153914
0.8856972161052408
0.6047749381138736
0.06692171091861564
92.67851786683451
0.6325151257906312
0.18374243710468438
1.7315552595551944
67.17213222224476
69.75808008994024
66.52564525532088
0.8171111851112015
3.9926443202194397
19.547441854588207
0.1284624643689824
0.1806930693069307
33.4600916981651
0.2901575268252662
0.7494623849875152
0.1753313122847039
9.615384615384615
0.7396449704142012
0.13017751479289943
3.5384615384615383
43311.07692307692
43436.38461538462
43279.75
0.36538461538461536
2.5384615384615383
0.1952662721893491
0.3194226478629595
1.046920950426197
0.13754807222215015
2.777362795064166
0.01608910891089109
39447.976331360944
2.456203793982867
234.27475247524754
0.28994400058817765
3.2396088618762864
702.0420792079208
0.06556802029212822
1.2116336633663367
60.30940594059406
64.1819306930693
59.34127475247525
0.9470915841584159
0.027664424818332173
0.05235605023087343
0.02149151846519686
