1.0
1.0
1.0
40.0
30.0
1.0
233.47
143.0
255.0
1.0
1.0
1.0
40.0
30.0
1.0
0.0
0.0
0.0
40.0
30.0
1.0
814.0
3.0
19.43243243243243
13.14987714987715
0.0
19.43243243243243
13.14987714987715
0.0
0.7469319191725764
0.0
0.0
45.89956402120959
40.0
30.0
49.4064773081425
49.4064773081425
750.75
34.28384944354662
0.2282955084491375
1749.7808179978763
2.3307103802835516
814.0
232.0
255.0
48527183.0
0.9285767873795824
16.0
1.8122256392513572
255.0
7.363470349956836
244.01351351351352
244.0
228.0
27.0
6.651314828341856
244.16327310061178
-0.15836305309354118
48527183.0
0.5486842661289837
73.10915399428913
2.0782113077789255
1.3828824494914245
0.9150789206258907
0.34510441024085403
0.8040012573698694
0.1408720813906958
0.7023890545347256
0.1408720813906958
0.5780414456523408
0.11956965665715036
0.407993673962567
1.5313317559258555
-0.4051315383410166
0.7271300256779294
0.9295639593046521
0.9718255837218609
0.9295639593046521
0.9530426395364348
0.1408720813906958
0.5466815098132276
1.39045967453516
0.2362183346901413
119.78838397752551
0.594128083093046
0.20293595845347706
1.849945314164166
34.32220387660479
70.9423485440891
25.16716770973371
0.7875136714589586
3.8583679031886415
32.309246535878565
0.1528781237722373
0.24815724815724816
15.81391842198267
0.32986580016671163
0.5123867929727604
0.28423555196519945
5.2
0.52
0.24
2.8
29718.4
40990.0
26900.5
0.55
1.2
0.12
0.20259980318170867
0.20983094703733918
0.200792017217801
3.1219280948873593
0.012285012285012284
23092.440000000002
3.4119060421121103
178.96805896805895
0.21986248030474076
3.6508883241069974
446.62899262899265
0.2256578669355082
2.031941031941032
52.85749385749386
112.12039312039312
38.041769041769044
0.742014742014742
0.030446781428924284
0.056094012611869755
0.02403497363318792
