1.0
1.0
1.0
40.0
30.0
1.0
239.61666666666667
134.0
255.0
1.0
1.0
1.0
40.0
30.0
1.0
0.0
0.0
0.0
40.0
30.0
1.0
1048.0
1.0
19.22996183206107
13.118320610687023
0.0
19.22996183206107
13.118320610687023
0.0
0.6868703921091139
0.0
0.0
48.26679985533504
40.0
30.0
49.4064773081425
49.4064773081425
1004.4166666666666
33.1530357424861
0.22317880303196855
2173.2371521224904
2.163680894836961
1048.0
235.7
255.0
64639979.0
1.1264463512682044
11.0
5.069624840502209
255.0
6.920145970514537
248.19370229007635
252.0
215.0
40.0
4.4974354764525994
248.35331540933606
-1.597006258871627
64639979.0
0.4991386719888118
79.25541835411691
6.9762681331909295
2.6065983743524876
2.097677258437926
-0.7049872902398089
0.9286398331603309
0.20115056786997598
0.6433138916860428
0.19444789328679535
0.7206624435531012
0.16190106563531387
0.3791966605490547
1.801395544247013
-0.3188468126718102
0.6951337897764465
0.9034463208149204
0.9801942974245339
0.9038931657871324
0.9517231604074603
0.18858305302651224
0.5471233633552657
1.58624846637223
0.28244760025757665
106.7518769310675
0.4176431828090193
0.41531350087612284
5.577217476653504
36.74014889221613
289.35456955906227
5.361315669441657
0.278889205239372
4.1964498499858625
40.955465835535605
0.15594519450267838
0.2428435114503817
17.91233281027722
0.3543943067020108
1.4013841120372503
0.15118246270078312
12.04
0.4816
0.48960000000000004
2.68
15716.72
135204.52
1922.5477777777778
0.7133333333333333
4.36
0.1744
0.38449388876189583
0.5070333020035757
0.3541938635732157
3.123215692534581
0.02385496183206107
13959.433600000004
3.413933730882228
238.04580152671755
0.22714294038808927
4.03679855486277
523.0973282442748
0.3075787760037294
6.930343511450381
53.841603053435115
404.67652671755724
8.367817005937235
0.18959393553859205
0.037135957745764406
0.17519329415926677
0.015989655323615952
