1.0
1.0
1.0
40.0
30.0
1.0
252.85333333333332
224.0
255.0
1.0
1.0
1.0
40.0
30.0
1.0
0.0
0.0
0.0
40.0
30.0
1.0
1081.0
1.0
18.61609620721554
13.22664199814986
0.0
18.61609620721554
13.22664199814986
0.0
0.6804295437837526
0.0
0.0
47.22239674528818
40.0
30.0
49.4064773081425
49.4064773081425
1044.6666666666667
32.1315138737718
0.2239000232194113
2223.728749116518
2.12864908977331
1081.0
255.0
255.0
70204239.0
0.0939426936013085
0.0
53.828460362724535
255.0
0.3079274423842547
254.8390379278446
255.0
246.0
9.0
0.0
254.8407186055428
-6.900937066130262
70204239.0
0.9762374407497767
0.8566074000415895
3.973216550304464
1.9926964823384303
0.04691438525603294
-0.028328226040064027
0.019252192136283944
0.009745793421652913
0.3187431722624415
0.009745793421652913
0.07907749707067295
0.009650470368757198
0.9758505368522743
0.11315248210899631
-0.17741458979356667
0.14563863398025867
0.9951271032891735
0.9980508413156695
0.9951271032891735
0.9967514021927824
0.009745793421652913
0.9878235856276036
0.10340668868734369
0.007249496389484215
48.015740894370396
0.7222134147685554
0.1388932926157223
3.494590085356636
472.3513415555924
1888.486428847962
118.31756973250003
0.37635247866084104
3.8417063237032316
7.644723128637183
0.13451053791528658
0.060592044403330256
145.8466580366982
0.1759379130934326
0.28505693600479826
0.1486581573655913
6.25
0.78125
0.109375
1.375
142582.625
570316.625
35649.125
0.90625
2.75
0.34375
0.5675001095891372
0.5675004383565487
0.5675000273972843
1.7499999999999987
0.0074005550416281225
124323.859375
0.8801256300725528
787.7696577243294
0.7287415890141807
1.550414569714375
1055.3126734505088
0.011881279625111566
3.963922294172063
74.06012950971324
295.93246993524514
18.59204440333025
0.2590194264569843
0.019365143168995423
0.06270725784403595
0.008529614500235287
