1.0
1.0
1.0
40.0
30.0
1.0
206.685
125.0
255.0
1.0
1.0
1.0
40.0
30.0
1.0
0.0
0.0
0.0
40.0
30.0
1.0
735.0
3.0
17.729251700680273
17.529251700680273
0.0
17.729251700680273
17.529251700680273
0.0
0.5666036242851842
0.0
0.0
50.571680806519495
40.0
30.0
49.4064773081425
49.4064773081425
692.75
28.654097631167435
0.24487342008300053
1546.1804124218806
2.23194574149676
735.0
212.0
246.0
39921729.0
1.0101855874706327
16.0
2.9957996553530206
255.0
10.388893516590308
232.69795918367348
236.0
200.0
55.0
7.186334486247252
233.05638277253942
-0.8445660740513378
39921729.0
0.588075338979129
166.93734277384425
3.5768202833721037
1.8566297720747373
1.8605083103617057
-0.3080641013410843
0.6709673495521071
0.15222298026397774
0.6277183134920179
0.15222298026397774
0.6108985304657211
0.12822766897929755
0.5111902564435059
1.5471686577791761
-0.32938707256967764
0.6676474677855969
0.9238885098680112
0.9847777019736023
0.9238885098680112
0.9619442549340056
0.15222298026397774
0.6974758246628678
1.394945677515199
0.20579758245402122
70.30825665587336
0.41805428221428836
0.4308817569288912
3.063510111231037
44.38855814573535
169.80322561975862
13.623063955407169
0.5931242422852593
4.077017708801172
32.40885172264625
0.18442950498932806
0.22891156462585036
23.32165858506957
0.3947912303384455
1.057380835719853
0.2853734273035168
5.285714285714286
0.37755102040816324
0.7397959183673469
3.9285714285714284
12119.357142857143
45262.642857142855
3864.329365079365
0.5853174603174603
1.5714285714285714
0.11224489795918367
0.19305593235977625
0.3528890074405001
0.17198878333935913
3.5216406363433146
0.01904761904761905
9363.107142857141
3.0874573492163515
194.03673469387755
0.2639955574066361
4.145687445046045
432.2353741496599
0.23528344671201812
3.54421768707483
55.53605442176871
208.29795918367347
18.612396069538928
0.41232048374905517
0.031241387333467024
0.09580968127991937
0.018020758186746606
