1.0
1.0
1.0
40.0
30.0
1.0
249.9575
218.0
255.0
1.0
1.0
1.0
40.0
30.0
1.0
0.0
0.0
0.0
40.0
30.0
1.0
941.0
2.0
20.318809776833156
15.977683315621679
0.0
20.318809776833156
15.977683315621679
0.0
0.7545199258570812
0.0
0.0
44.037264208355566
40.0
30.0
48.60041152089147
48.60041152089147
879.8333333333334
33.226993325437135
0.2206033522248639
2012.8231775160818
2.2877323480008505
941.0
249.0
255.0
60011412.0
0.683828756040086
4.0
2.3252500839784545
255.0
2.144046004375021
252.5228480340064
253.0
247.0
8.0
1.676383388216448
252.53531018560943
-0.7699416084199705
60011412.0
0.7026023144483053
6.294111336098685
3.477712877857432
1.852798876857303
0.6058817148242603
-0.3658823435326563
0.3406629763120542
0.16136750542895412
0.3538693248274768
0.16136750542895412
0.6294577094985966
0.1339192974715796
0.6150654616579162
1.1218331319652486
-0.13696384751591537
0.3546781703842169
0.9193162472855229
0.9677264989142091
0.9193162472855229
0.946210831523682
0.16136750542895412
0.772115124142826
0.9604656265362947
0.1255076204352521
118.60036190320113
0.5013200334391832
0.2493399832804084
2.533061905932481
42.57002229460286
164.78354757320005
12.016640974953567
0.6167345235168797
3.5468549250081622
54.15687752649404
0.22034582262803087
0.25132837407013814
24.09526636678641
0.4664127114615049
0.7717099766641135
0.39008839516085275
31.228571428571428
0.8922448979591837
0.053877551020408164
1.1714285714285715
16568.314285714285
66085.45714285714
4189.028571428571
0.9571428571428572
5.628571428571429
0.16081632653061226
0.3344112315139308
0.33526852276838276
0.3341969087003179
3.0681697173044586
0.03719447396386823
15845.472653061228
2.77713566473001
237.51009564293304
0.2524018019584836
4.998824367772996
661.1487778958555
0.14869884277584725
3.4548352816153027
53.850159404888416
206.96174282678
15.572263549415515
0.38629117959617426
0.044726328333907654
0.09472455867457387
0.032226770748741106
