1.0
1.0
1.0
40.0
30.0
1.0
216.97916666666666
104.0
255.0
1.0
1.0
1.0
40.0
30.0
1.0
0.0
0.0
0.0
40.0
30.0
1.0
802.0
1.0
22.450124688279303
11.718204488778055
0.0
22.450124688279303
11.718204488778055
0.0
0.6396695465290454
0.0
0.0
49.36014604502602
40.0
30.0
49.4064773081425
49.4064773081425
751.1666666666666
31.574182237229248
0.23551845450160488
1696.745555128451
2.2588136966431565
802.0
215.0
255.0
46870114.0
1.493554716910567
24.0
2.4095258388104335
255.0
13.303138662072996
241.2493765586035
248.0
205.0
50.0
10.329701978462309
241.74684828011013
-0.8925535680733846
46870114.0
0.37448150198070906
240.27696345171978
5.923034800015361
2.343663762833838
7.868465045118043
-1.66476526188866
1.9342225868084366
0.21361715496229944
0.8005849057098482
0.21219160272591991
0.7417254423947319
0.16644341885777442
0.2740697570368455
2.2564740349342745
-0.4408351340846669
0.8446433979621267
0.894046753860678
0.9787040792223721
0.8941417906764366
0.9470233769303391
0.21094424451908783
0.43765422044427543
2.038763467925298
0.5369599354426839
78.70989783687372
0.33969929927127257
0.6074120609444041
4.496222578556441
22.928421112950566
158.28083203353216
5.480800900968878
0.4488068007205795
4.210142856648206
44.16102324904147
0.1815623806001379
0.2889650872817955
9.525859657951138
0.36258320781303444
1.162625568547123
0.2129950523223711
3.909090909090909
0.35537190082644626
0.6942148760330579
4.0
11035.818181818182
69711.45454545454
2812.3636363636365
0.553030303030303
1.1818181818181819
0.10743801652892562
0.04800972751256687
0.1167019778729156
0.030895388038940222
3.4594316186372938
0.01371571072319202
5720.082644628098
3.891763265003327
151.67830423940148
0.18912506763017642
3.7033289593970182
300.33416458852867
0.5885784292386241
5.817955112219451
48.43640897755611
320.73815461346635
12.41694375173178
0.3275145469659186
0.032176209058482536
0.14728959206292658
0.014735861813527686
