1.0
1.0
1.0
40.0
30.0
1.0
220.9575
136.0
255.0
1.0
1.0
1.0
40.0
30.0
1.0
0.0
0.0
0.0
40.0
30.0
1.0
975.0
1.0
21.067692307692308
16.448205128205128
0.0
21.067692307692308
16.448205128205128
0.0
0.6862527752666913
0.0
0.0
46.961966335298946
40.0
30.0
49.4064773081425
49.4064773081425
929.25
32.22777972957983
0.22629285347254532
2035.0183620249609
2.189957882189896
975.0
217.0
241.0
51489818.0
1.243802447348406
12.5
3.4231707891587435
255.0
8.002804470742934
229.56102564102565
229.0
207.0
48.0
5.164031405223522
229.8044162839125
0.5649969457053807
51489818.0
0.47546508875739646
111.80525023011177
3.3863187315076986
1.7726463412568527
3.775679207134637
0.18369647117823376
1.1278182598375737
0.1516695822162187
0.7625848184694681
0.1516695822162187
0.6072503983224794
0.1274066194825662
0.37334526269322665
1.8408762568399681
-0.4853780547193265
0.8275359098671144
0.9241652088918906
0.9848330417783782
0.9241652088918906
0.9620826044459453
0.1516695822162187
0.5525970513034941
1.6892066746237502
0.31987196051344813
90.9711120849893
0.43696516739839986
0.3843091948243278
2.919227728304277
47.262118873259446
178.56402766838673
17.379682837568943
0.5998762822828059
4.40452636423378
29.529203445065644
0.136453565485037
0.21410256410256412
22.803806771728055
0.3206409526226993
0.7742325606290549
0.22101909356543523
5.5
0.4583333333333333
0.35416666666666663
3.4166666666666665
26884.916666666668
101310.83333333333
8785.474537037036
0.4884259259259259
1.1666666666666667
0.09722222222222222
0.20188110039661367
0.7450016998001597
0.06611785934641976
3.418295834054486
0.012307692307692308
20283.354166666664
3.517550175347796
253.41435897435898
0.2599121630506246
3.6036817882971732
463.5784615384615
0.33419487179487184
3.431794871794872
56.70666666666666
205.94666666666666
24.196666666666665
0.4763817663817664
0.028903304132669214
0.0887478267470331
0.015904455775134788
