1.0
1.0
1.0
40.0
30.0
1.0
230.20333333333335
126.0
255.0
1.0
1.0
1.0
40.0
30.0
1.0
0.0
0.0
0.0
40.0
30.0
1.0
977.0
1.0
18.824974411463664
14.962128966223132
0.0
18.824974411463664
14.962128966223132
0.0
0.6841303658101496
0.0
0.0
47.18711444444473
40.0
30.0
49.4064773081425
49.4064773081425
931.1666666666666
32.28213786640337
0.22532315104556078
2046.5856395339815
2.197872532164648
977.0
224.0
254.0
55582133.0
1.1467241870723601
15.0
2.1242344241261257
255.0
8.610280043875042
238.29375639713408
239.0
217.0
38.0
6.748330356419819
238.51754064532952
-0.10759716964341727
55582133.0
0.5494531858120603
106.70285763973645
4.5825168802327925
2.1001549974228513
2.6704738016915943
0.26914170186523034
0.8769378087971913
0.18969431652038443
0.6441341805821804
0.18969431652038443
0.6939306593300307
0.15225765882427453
0.4264207978954935
1.8335812176044572
-0.3342018672396007
0.7144015653023223
0.9051528417398078
0.9810305683479615
0.9051528417398078
0.9525764208699039
0.18969431652038443
0.6284087929382289
1.6438869010840735
0.2666580313293939
96.83224605499264
0.3938841881773226
0.4640671171124193
3.9368449899101012
33.56406085264996
153.72550635682842
8.556028009798519
0.4583064468188698
4.188682301644494
39.48050123580554
0.15460028330578124
0.2507676560900716
15.441876165957503
0.3563823773547249
0.8907630114383704
0.25615251589846044
16.68
0.6672
0.5504
2.4
19976.04
82787.04
4946.623333333333
0.8277777777777777
2.68
0.1072
0.26175665073658466
0.6618762616201899
0.21729888168919165
3.783465189601642
0.0255885363357216
18448.793599999997
3.436913782242605
205.22517911975436
0.2100564781164323
4.032715611573876
536.8157625383828
0.2851144386393708
4.526100307062436
52.9467758444217
251.57215967246674
13.325685204139658
0.3118105311042875
0.03687015935681676
0.12641144438745208
0.02064362812278497
