1.0
1.0
1.0
40.0
30.0
1.0
206.59
143.0
255.0
1.0
1.0
1.0
40.0
30.0
1.0
0.0
0.0
0.0
40.0
30.0
1.0
657.0
3.0
14.920852359208524
15.834094368340944
0.0
14.920852359208524
15.834094368340944
0.0
0.7392980275372101
0.0
0.0
44.653603924270364
40.0
30.0
49.4064773081425
49.4064773081425
608.25
33.0123213036409
0.2462442755848499
1409.849407909062
2.3178781880954573
657.0
211.0
249.0
34445900.0
1.3503914231140004
19.0
2.2333550193801126
255.0
10.985675861637581
228.5875190258752
226.0
205.0
50.0
8.285713298600076
228.97395384036744
0.3072539728915552
34445900.0
0.42175702943827037
176.81768288586326
3.2633303676195626
1.7303836754841462
4.34999089026627
0.4748681977660286
1.340241795115664
0.2641342394419526
0.6707239667766123
0.26057393469889717
0.8336953030828795
0.1947808298044197
0.26121381087031337
2.2912993753417235
-0.3079743745333503
0.7468353983296669
0.8700690631248569
0.9737508978131765
0.8703064167743939
0.9350345315624284
0.2574586680487237
0.3976303996181251
2.0182539225810774
0.4010940086394042
95.62578700116597
0.417677534008019
0.45734770438013744
3.0191336496380043
14.674327005947866
48.19704611734894
7.428177728590016
0.616687589807078
3.8749552633174433
52.67683403531835
0.22400929908337014
0.3485540334855403
5.963459066462413
0.44429528579904
1.225227842296602
0.30522481925210954
5.0
0.3333333333333333
0.6666666666666666
4.666666666666667
6919.0
20373.466666666667
3724.198148148148
0.45370370370370366
1.1333333333333333
0.07555555555555556
0.1032771041450067
0.8335888214105636
0.019466645702083236
3.773557262275181
0.0228310502283105
5000.5599999999995
4.134993365318576
96.56773211567732
0.14698284949113746
3.8897900840729385
277.0943683409437
0.4074050907102762
3.1902587519025873
42.473363774733635
141.4337899543379
21.526593945543716
0.5555978352782006
0.04130464222726127
0.13457830219014716
0.024776285180532178
