1.0
1.0
1.0
40.0
30.0
1.0
215.78166666666667
103.0
255.0
1.0
1.0
1.0
40.0
30.0
1.0
0.0
0.0
0.0
40.0
30.0
1.0
833.0
1.0
18.687875150060023
13.619447779111646
0.0
18.687875150060023
13.619447779111646
0.0
0.6613571170100858
0.0
0.0
47.62759950884914
40.0
30.0
49.4064773081425
49.4064773081425
776.0833333333334
31.498851901283448
0.2298763216457354
1776.6237217699263
2.289217723745207
833.0
215.0
250.0
45709064.0
1.3106018838690257
22.0
2.0753271617406766
255.0
11.33084974686153
233.87274909963986
236.0
205.0
50.0
9.01639085726464
234.24949504827572
-0.35662713625536996
45709064.0
0.4583802308438381
176.3631589490538
3.798405612737414
1.891396364467378
3.694025824072754
0.03743404410438478
1.1397623410056643
0.2559145060606565
0.6332146394300933
0.2545275008185077
0.816911287507941
0.1893421312941247
0.3113422670987872
2.196130219669604
-0.28428317477865134
0.7117285165898583
0.8728749501149611
0.9744725650204951
0.8729674171311043
0.9364374750574807
0.2533138712316275
0.5126523443135912
1.9354109971893825
0.34891921176658014
108.41444542482532
0.3879509946954359
0.48404412878021275
3.4882277104507082
19.574216496407765
75.242728373143
7.064902641524368
0.5383775132995609
3.932028175704553
68.15749088035052
0.23630909121346524
0.335234093637455
9.83717393686446
0.46681886707596887
1.404039781513719
0.3013512866535514
7.5
0.375
0.6875
3.75
12848.25
50557.4
3714.740277777778
0.5902777777777778
1.9
0.095
0.24547542639241757
1.1485407247468733
0.1332076665113117
3.9219280948873565
0.024009603841536616
11113.527500000002
3.9618634418501912
130.8607442977191
0.15709573144984285
4.404197213098925
381.83073229291716
0.3671019428179435
3.7406962785114044
44.32292917166867
172.42016806722688
16.75907029478458
0.4428771508603442
0.044642542580146195
0.1527279080566467
0.025236910844164663
