1.0
1.0
1.0
40.0
30.0
1.0
221.32916666666668
110.0
255.0
1.0
1.0
1.0
40.0
30.0
1.0
0.0
0.0
0.0
40.0
30.0
1.0
982.0
1.0
21.676171079429736
15.360488798370673
0.0
21.676171079429736
15.360488798370673
0.0
0.7903250302038834
0.0
0.0
41.89717219341688
40.0
30.0
47.01063709417264
47.01063709417264
940.0
33.1123838792195
0.22691837913106325
2045.0300193057321
2.175563850325247
982.0
210.0
254.0
54667469.0
1.617843971753851
26.0
2.238725034517124
255.0
13.939173970574204
235.36761710794298
239.0
197.0
58.0
11.054952615346457
235.94389241215544
-0.6381098347014963
54667469.0
0.3548641328018384
271.60518352752814
9.6773814451821
3.042224322742504
8.30456711368118
-0.5547718189883648
1.93142345690258
0.24260952453444895
0.7765297746216582
0.24149591669306242
0.7925944166183636
0.18192380624268337
0.23178199834886343
2.4903942662912124
-0.41573412256394815
0.8491470956596058
0.8793634024376076
0.9857485034010568
0.8794376429603665
0.9517379369227671
0.24052150983184922
0.3795771429082284
2.24475094024501
0.5435082453592573
90.89335900643685
0.3151980048040557
0.7320716272616874
8.520616061739311
22.9047879911204
241.5439456052883
2.757328422523977
0.19846157685323124
4.429674174576875
55.269272136066185
0.18316526679238618
0.29226069246435843
9.516925636718563
0.3833472120611908
2.7024695927912368
0.11368224694974763
10.172413793103448
0.3507728894173603
1.4482758620689655
5.448275862068965
6834.9655172413795
71992.3448275862
748.5038314176245
0.5847701149425287
7.137931034482759
0.24613555291319858
0.4962465482871185
1.2148835964320217
0.4452210404563611
3.2105865982028314
0.029531568228105907
5688.325802615935
4.203218604525001
168.0264765784114
0.17110639162771019
4.054740937693141
348.4765784114053
0.5804439171896583
9.592668024439918
48.435845213849284
492.67413441955193
5.9837067209775965
0.14666779814437655
0.04566552617690359
0.31073978308982186
0.01833961870702295
