1.0
1.0
1.0
40.0
30.0
1.0
220.01666666666668
92.0
255.0
1.0
1.0
1.0
40.0
30.0
1.0
0.0
0.0
0.0
40.0
30.0
1.0
900.0
1.0
17.594444444444445
14.767777777777777
0.0
17.594444444444445
14.767777777777777
0.0
0.7171163786463974
0.0
0.0
42.77681429693785
40.0
30.0
49.4064773081425
49.4064773081425
859.9166666666666
30.67595415864951
0.23296316339497966
1877.1592326627797
2.182954820423816
900.0
212.0
255.0
51917551.0
1.4362116859246468
33.0
1.9245851751762124
255.0
16.162622222222222
239.51222222222222
252.0
201.0
54.0
13.10499584700644
240.1794491162343
-0.7429940629375107
51917551.0
0.40296543209876545
320.0631839506173
5.980144041732403
2.3075696428342347
12.768116069877909
-2.8476330345483083
2.7611005873657564
0.1404757047808275
0.903056909735964
0.1349967960172472
0.5776254706731339
0.12170689746943847
0.34914597959580823
1.9860353464526508
-0.5958390893522889
0.9013457841525794
0.9330494928677344
0.9862053022340824
0.933414753451973
0.9665247464338672
0.13020275084911445
0.5315693523488065
1.8386856142827501
0.7253940730366462
62.234350570404615
0.3563301532174459
0.617985895716798
3.8205733461697235
62.67598985846565
463.4090704092332
16.45873424043287
0.5462273740524097
4.430493942807532
25.72042606476512
0.14500659266670024
0.19444444444444445
34.26174526698571
0.3394131070682873
0.9697660060856529
0.20737002463500093
3.888888888888889
0.43209876543209874
0.4691358024691358
2.888888888888889
32846.22222222222
246008.11111111112
8476.243827160493
0.6512345679012346
1.2222222222222223
0.13580246913580246
0.2391803326018603
0.25284790212127306
0.2357639672385622
2.947702779220087
0.01
22846.22222222222
3.438974900327526
274.1622222222222
0.30462469135802467
3.689135802469136
362.6688888888889
0.766383950617284
5.818888888888889
59.10888888888889
385.7366666666667
20.00256172839506
0.3928086419753086
0.027777867360936147
0.11963715059068895
0.014593850290173228
