1.0
1.0
1.0
40.0
30.0
1.0
210.58083333333335
116.0
255.0
1.0
1.0
1.0
40.0
30.0
1.0
0.0
0.0
0.0
40.0
30.0
1.0
824.0
2.0
19.993932038834952
12.675970873786408
0.0
19.993932038834952
12.675970873786408
0.0
0.699957190651913
0.0
0.0
50.75791059655994
40.0
30.0
49.4064773081425
49.4064773081425
770.4166666666666
35.52836450452906
0.23256484582906067
1747.5267650309258
2.268287850770266
824.0
215.0
252.0
46032958.0
1.3909307146006147
18.0
3.186951896182915
255.0
11.055412857008202
235.94660194174756
238.0
196.0
59.0
7.86254099337138
236.35828796820758
-0.815755039104031
46032958.0
0.4652152653407484
194.44132340465643
9.516583739811864
3.048114848103714
4.666435060309891
-0.13884495749684136
1.1632370312902038
0.261359274044145
0.6319657305842615
0.24151274253123023
0.833695468902578
0.20173679647373483
0.3493368873261435
2.182272815096215
-0.30324165791727575
0.729336170283351
0.8812282818856764
0.9849761579652783
0.8825513839865373
0.9523590025441845
0.22414702745742987
0.559568089451683
1.8996903511469285
0.35614907633358717
84.85604680735989
0.3313950189604439
0.6702521214654761
8.320384155327112
22.7686272329497
219.90777707889634
2.619748033469771
0.19285044035514848
4.141445845667706
62.144515901550236
0.23754208152469103
0.3100728155339806
11.649638263228944
0.4883969736772393
3.3652150641879595
0.12703646846237662
10.257142857142858
0.29306122448979594
1.3012244897959184
6.6571428571428575
7832.914285714286
72104.11428571428
869.9049603174602
0.4041666666666667
5.285714285714286
0.1510204081632653
0.3315092716049536
1.580036752185759
0.23173500011839496
3.836108018978102
0.04247572815533981
7278.648163265306
3.8742059988439372
142.49514563106797
0.1729310019794514
5.188943349985862
383.3373786407767
0.41495428409840707
9.356796116504855
47.69174757281554
472.31067961165047
5.364844592772384
0.13960524541531824
0.051826944583568776
0.37187736893570805
0.016746844684825467
