1.0
1.0
1.0
40.0
30.0
1.0
200.8
117.0
255.0
1.0
1.0
1.0
40.0
30.0
1.0
0.0
0.0
0.0
40.0
30.0
1.0
735.0
2.0
23.25170068027211
11.761904761904763
0.0
23.25170068027211
11.761904761904763
0.0
0.6622979076441848
0.0
0.0
47.34651712255449
40.0
30.0
49.4064773081425
49.4064773081425
676.5
31.357499224507407
0.23507220577868707
1585.3605338166558
2.343474551096313
735.0
204.0
240.60000000000002
37439017.0
1.2258326942074687
20.0
2.451981318873949
255.0
11.195724003887271
225.28571428571428
228.0
194.0
61.0
8.275035909221486
225.69323892229934
-0.6135257320267082
37439017.0
0.48335600907029486
183.7850340136054
7.0714146118624654
2.619898426496606
3.0788270812419585
-1.021474148018015
1.0520280510595776
0.22194692048761805
0.651726146007922
0.2139837198524063
0.7643328798866147
0.17502042794838696
0.38638892419993753
1.9008834053803856
-0.31977729246465825
0.7125446870320795
0.893804460137318
0.9870848258648791
0.8943353401796655
0.9574686960506925
0.2070159192965961
0.5751404795069704
1.6639103057616262
0.3184937428867989
86.69131843843034
0.3776921141356061
0.5057821474277138
5.314579643035408
27.462752528470933
222.32255994346335
3.9210167444447994
0.32681323118296945
3.804415711336227
64.05131525948164
0.2747593932643482
0.3112244897959184
16.36216286867391
0.5339545173592111
2.201214483497639
0.23647098390668653
16.243243243243242
0.4390065741417093
0.6238130021913806
3.081081081081081
5739.972972972973
49104.62162162162
713.6493993993994
0.6758633633633633
9.54054054054054
0.25785244704163623
0.5161031309053318
0.8450213297414971
0.46976900658035226
3.189051000705607
0.050340136054421766
5345.360116873631
3.6065575490520816
134.74693877551022
0.1833291684020547
5.713841454949327
355.26666666666665
0.3692609560831135
6.904761904761905
48.096598639455785
375.78639455782314
7.111791383219955
0.20871126228269085
0.0634889515771035
0.25120275245396717
0.03479319384979433
