1.0
1.0
1.0
40.0
30.0
1.0
221.28416666666666
119.0
255.0
1.0
1.0
1.0
40.0
30.0
1.0
0.0
0.0
0.0
40.0
30.0
1.0
934.0
2.0
20.262312633832977
13.642398286937901
0.0
20.262312633832977
13.642398286937901
0.0
0.66942970848272
0.0
0.0
50.23979036534281
40.0
30.0
49.4064773081425
49.4064773081425
885.5
33.6320082185044
0.2281667322033805
1954.4482651494059
2.2071691306035075
934.0
224.0
248.0
51499638.0
0.8781734167362356
12.0
3.5318427185178556
255.0
7.708036627248508
234.6017130620985
234.0
205.0
50.0
5.11813827528352
234.81652138468328
-0.2642544078025503
51499638.0
0.679697279551009
100.83494353222761
4.116973902160026
2.006607005775829
1.616741615057701
0.06737588143105691
0.5126230040286567
0.15066365812487928
0.5456147471260074
0.1470743402300827
0.6044946742474555
0.12802120088475016
0.591326651217787
1.4038985775099826
-0.27494644709435667
0.5874853951082136
0.9268217616744383
0.9850992950134256
0.9270610495340914
0.9634108808372192
0.14393368707213566
0.7623797807132072
1.2428218341503914
0.165821665538384
80.63040230444265
0.4013856311386533
0.4517712056381674
3.8456699465648234
55.767675425031484
226.27147339998538
14.644847600603942
0.4661533274842556
4.209737770354002
35.46899010644176
0.17170664811502453
0.21413276231263384
30.855758336990448
0.40369066779449553
1.25358606536647
0.2627243413809459
10.826086956521738
0.4706994328922495
0.8204158790170133
3.6956521739130435
25104.782608695652
100647.73913043478
6302.280193236715
0.6642512077294687
2.9130434782608696
0.1266540642722117
0.20861323640756552
1.0368739559652929
0.11205525053067768
3.9148663038830946
0.02462526766595289
23455.716446124767
2.886845431326158
274.0085653104925
0.29337105493628746
4.40374801113307
634.8372591006424
0.18583697481303507
4.100642398286938
57.50321199143469
239.33404710920772
15.318165596002855
0.3164406376397811
0.0348056105521755
0.13155363394465566
0.017062921223941593
