1.0
1.0
1.0
40.0
30.0
1.0
217.58416666666668
122.0
255.0
1.0
1.0
1.0
40.0
30.0
1.0
0.0
0.0
0.0
40.0
30.0
1.0
938.0
1.0
20.36993603411514
15.531982942430703
0.0
20.36993603411514
15.531982942430703
0.0
0.8456863469705858
0.0
0.0
41.3859198314293
40.0
30.0
48.25971404805462
48.25971404805462
898.4166666666666
34.99950735825896
0.23085556106231256
1950.423782066859
2.1709568115019304
938.0
220.0
244.30000000000007
51457160.0
0.8914812048440992
12.0
4.374335328456056
255.0
7.862298316519746
233.98507462686567
236.0
197.0
58.0
5.003973509933773
234.21865752095164
-0.9410211574993667
51457160.0
0.6755970376566756
109.36438277694684
8.542833890884676
2.908186396622357
1.753597193822896
-0.2751594601805374
0.5064474329548465
0.1653712474809279
0.5062188622460478
0.16074442456861968
0.6441446342870221
0.13893191350631184
0.5939250338838933
1.3904686431470341
-0.24874655678424984
0.562409162187171
0.920090470006921
0.9903539293760449
0.9203989248677416
0.9680053425166864
0.15669595452034998
0.7629561669969641
1.2175471504283681
0.1679546701089436
80.91533110688401
0.4009952090211623
0.4729145013371991
6.979805635217177
66.19250866976691
591.2230440951698
7.6015646418436145
0.2050541441523532
3.9892962401336574
46.87116341886891
0.22727258329907005
0.21481876332622601
42.670732968733546
0.4798408676394717
2.5530000130768267
0.13324906221562838
11.785714285714286
0.42091836734693877
0.7487244897959182
4.607142857142857
20620.571428571428
185393.2857142857
2300.4756944444443
0.4392361111111111
6.071428571428571
0.21683673469387754
0.45002521508217835
0.9778780096694524
0.3262463891779341
3.521640636343313
0.029850746268656716
19498.321428571428
2.736962540631355
295.6780383795309
0.31522178931719713
4.871745445783571
633.7100213219617
0.20219038829610705
8.47547974413646
57.89125799573561
518.454157782516
6.708052001895285
0.13696398957592987
0.04297494498273131
0.24046334488742982
0.014745354648046317
