1.0
1.0
1.0
40.0
30.0
1.0
214.12333333333333
57.0
255.0
1.0
1.0
1.0
40.0
30.0
1.0
0.0
0.0
0.0
40.0
30.0
1.0
915.0
1.0
19.291803278688526
12.543169398907104
0.0
19.291803278688526
12.543169398907104
0.0
0.6827608071874041
0.0
0.0
49.61216197378913
40.0
30.0
49.4064773081425
49.4064773081425
868.25
33.873239755536495
0.22963185031801378
1916.6752162744453
2.207515365706243
915.0
210.0
255.0
52989436.0
1.6213229714912756
29.0
2.832266177061662
255.0
16.390707396458538
239.89071038251367
253.0
186.0
69.0
12.472245559989735
240.64902225558347
-1.032687873981328
52989436.0
0.37982023948162086
364.3989847412583
11.624720598760153
3.3141236569983743
18.203514191072973
-3.804241067772624
2.79404541092721
0.2290280855524333
0.8482559560392422
0.20800328655913852
0.7690743994276861
0.18399326904797855
0.319204482772294
2.310452806446555
-0.5186805945398407
0.8929304442308583
0.8981008366197601
0.9868987855379738
0.8995024898859799
0.9591001693212822
0.1896065874400056
0.5238416931130357
2.0597695891373142
0.7557683741199108
65.5914378904354
0.27355789169731065
0.9513839304948115
7.8078196059047364
42.764919751128595
616.2136082836246
3.6862376742567413
0.2719168146532139
4.3435672572733335
54.17574020905977
0.2192647286810126
0.26147540983606554
26.396990412112295
0.4580835299539181
2.497677987357346
0.18428900441391433
12.818181818181818
0.3884297520661157
0.9256198347107438
3.909090909090909
7710.090909090909
112982.06060606061
602.2931397306397
0.6294191919191919
5.0606060606060606
0.15335169880624427
0.3421595845238091
0.5087536731564424
0.3017779047102733
3.711060786025114
0.036065573770491806
6941.289256198347
3.604443799504118
233.14426229508197
0.2548024724536415
4.97299292304936
347.53551912568304
0.8377843470990474
11.473224043715847
52.69617486338798
696.9486338797814
5.277299635701274
0.15085761991499697
0.044907765717094365
0.2931944478864203
0.01967521032958372
