1.0
1.0
1.0
40.0
30.0
1.0
226.43916666666667
102.0
255.0
1.0
1.0
1.0
40.0
30.0
1.0
0.0
0.0
0.0
40.0
30.0
1.0
1062.0
1.0
20.048964218455744
14.351224105461393
0.0
20.048964218455744
14.351224105461393
0.0
0.7637563838289597
0.0
0.0
45.91059370073716
40.0
30.0
49.4064773081425
49.4064773081425
1016.25
35.06450902431563
0.22128492958030774
2209.0183620249686
2.173695805190621
1062.0
224.0
245.0
57740773.0
0.7766947401667272
8.0
4.237470505061383
255.0
6.292962501906293
233.0009416195857
233.0
205.0
50.0
3.5975943123298357
233.17341775924885
-0.16250930548799875
57740773.0
0.7202166257035547
80.40395391561245
3.9235280642837798
1.9616868680390764
1.3124006655584197
-0.07989797748573164
0.4237761969797835
0.1226253842201111
0.5483395083912432
0.12211465899028476
0.5338872458767574
0.10727639874448161
0.6493615110295956
1.2146800767491805
-0.28588821663495156
0.56951184531595
0.9389937430278403
0.9877610335116732
0.9390277913764954
0.96949687151392
0.12166777441418669
0.8011047488822409
1.0899968976924557
0.13660039529997364
80.08498514783187
0.41514531092820484
0.42184531709880524
3.466611122373419
88.78876555254288
354.8635140511365
23.288433150226986
0.5125441261512972
4.21579507786026
34.31072648922901
0.17238474088147288
0.1812617702448211
55.051012815726835
0.3860760241943658
1.0521148386421242
0.27701731152232556
7.133333333333334
0.47555555555555556
0.8622222222222222
3.8666666666666667
53346.13333333333
213089.06666666668
13495.14074074074
0.6537037037037037
1.8
0.12
0.26028416590707654
0.9886899529311463
0.17935015465962653
3.6402239289418477
0.014124293785310734
48333.49333333334
2.5680148984175246
374.94161958568736
0.35305237249123106
3.868978333883055
764.8700564971751
0.15621309330013725
3.9114877589453863
60.87005649717514
245.58757062146893
16.592749529190208
0.32653274743670224
0.029051821668543264
0.1015469311896482
0.014707998557994262
