1.0
1.0
1.0
40.0
30.0
1.0
232.135
128.0
255.0
1.0
1.0
1.0
40.0
30.0
1.0
0.0
0.0
0.0
40.0
30.0
1.0
1034.0
1.0
18.184719535783366
14.912959381044487
0.0
18.184719535783366
14.912959381044487
0.0
0.7505691232473
0.0
0.0
45.08774003796933
40.0
30.0
49.4064773081425
49.4064773081425
994.6666666666666
33.84146550950082
0.22513175452305326
2140.420382278521
2.151897167170095
1034.0
230.0
255.0
60041899.0
1.0711571897469152
14.0
3.3483023519639894
255.0
7.857958988211262
240.76499032882012
240.0
210.0
45.0
6.654016305777557
240.9721987704615
-0.5350151565205431
60041899.0
0.5677132242628766
99.82001223394904
4.959718174731205
2.1859308195984997
2.2829654293056167
0.3917217609641732
0.8481372807432814
0.12249442870425346
0.7475522300870898
0.12091879845215263
0.5325329515759769
0.10739188726574266
0.48172029477236866
1.5809214556522584
-0.46585681430464937
0.7824437397336343
0.9396981637991337
0.9878232785258254
0.9398032058159405
0.969849081899567
0.11954012198156438
0.6630863052106414
1.4536029622222344
0.2426579273618837
71.94020919573755
0.40063097618448
0.45625111234464416
4.464167538159764
68.70470047436648
336.30113849822317
16.01660161255192
0.38902923349787255
4.599378803040389
22.265143506555834
0.1211975731658183
0.1728723404255319
32.409222098650744
0.3157925960663561
1.0918924694377605
0.19281006616237925
10.3
0.515
0.8275
3.55
29732.4
129518.2
7175.005555555556
0.6958333333333333
3.2
0.16
0.33045182079127233
0.9416496999511041
0.26254090748908415
3.384183719779185
0.019342359767891684
27059.509999999995
3.039873091722403
360.1392649903288
0.3482971614993509
3.6541009918103624
587.0154738878143
0.25662485175222327
4.924564796905223
61.67311411992263
310.3500967117988
14.443692241564582
0.26493660004298303
0.030439279354552908
0.12383136787740387
0.01437581860154295
