1.0
1.0
1.0
40.0
30.0
1.0
231.945
151.0
255.0
1.0
1.0
1.0
40.0
30.0
1.0
0.0
0.0
0.0
40.0
30.0
1.0
954.0
2.0
21.342767295597483
13.79454926624738
0.0
21.342767295597483
13.79454926624738
0.0
0.7453277631795626
0.0
0.0
43.55365452368763
40.0
30.0
49.4064773081425
49.4064773081425
907.3333333333334
32.46174790443553
0.22692901328492662
1997.2787306116932
2.2012623776028946
954.0
230.0
248.0
54580478.0
0.5583948401984526
9.0
2.7613941861314086
255.0
5.462899234822813
239.0901467505241
239.0
222.0
33.0
3.803711385991208
239.19080477758075
-0.237684033517157
54580478.0
0.8163113273472832
48.14281695959635
4.2408420185891025
2.049915235030005
0.6409567751017564
0.24676200457492053
0.25087986323540057
0.09613606841681627
0.4473464016503314
0.09613606841681627
0.45532214597648346
0.08673409526746959
0.7483783103861803
0.895186155752381
-0.21686506148128076
0.43794096699932217
0.9519319657915919
0.9903863931583183
0.9519319657915919
0.9759659828957958
0.09613606841681627
0.8626828531141045
0.7990500873355655
0.08675398291305421
74.98034481025607
0.4647882541908277
0.3718907335026608
4.35912804536015
91.95842804596603
372.9797587301248
22.995779481899596
0.3654750763971364
4.256025988225249
25.790025970702317
0.15910322488386403
0.16745283018867924
53.46037002912988
0.3897316401080989
1.4109216651876602
0.22202299683314405
19.25
0.6015625
0.62109375
2.6875
22819.625
91405.34375
5702.361979166667
0.7864583333333334
11.375
0.35546875
0.6098121607485301
0.641781454717155
0.6057391657874186
2.2291159218625456
0.033542976939203356
21930.83984375
2.3474573905843146
356.22851153039835
0.3734051483547152
3.9999604446026664
778.7610062893082
0.09838416201890748
4.237945492662474
62.681341719077565
260.82494758909854
15.442202422548334
0.2650535755881668
0.04217789744207334
0.1183912802930785
0.02669495892568319
