1.0
1.0
1.0
40.0
30.0
1.0
226.66333333333333
145.0
255.0
1.0
1.0
1.0
40.0
30.0
1.0
0.0
0.0
0.0
40.0
30.0
1.0
995.0
1.0
19.91457286432161
15.791959798994975
0.0
19.91457286432161
15.791959798994975
0.0
0.6650060715890417
0.0
0.0
49.071021783839946
40.0
30.0
49.4064773081425
49.4064773081425
953.6666666666666
32.63252742533169
0.2265373774091177
2068.2767887390673
2.168762798398183
995.0
222.0
253.60000000000002
55541988.0
1.1354612362714436
14.0
2.5232843994617875
255.0
8.633240574732964
236.01608040201006
235.0
209.0
46.0
6.146092874013856
236.264879885557
0.02176174837831646
55541988.0
0.5573162293881468
117.50325900861088
4.377647785591352
2.049301164292469
2.9111476124022664
0.22510664336164818
0.8765334786687047
0.16454925778817506
0.6836609516943736
0.16454925778817506
0.6426285658487265
0.13700215347122127
0.4547107910948405
1.7591714464961599
-0.38104768263902
0.7476643193860726
0.9177253711059125
0.9835450742211824
0.9177253711059125
0.9588626855529563
0.16454925778817506
0.6550076137903478
1.5946221887079852
0.26027068411421994
85.25574105651657
0.38951549135141483
0.4733144532755208
3.7480682807368715
44.44288791641877
196.1913716239705
11.608979194698687
0.4908878636694601
4.358831901382469
34.29086241563077
0.15278805631162942
0.2198492462311558
22.32902311847176
0.3589134908937234
0.9669918997721159
0.2560423296838681
13.56
0.5424
0.8
3.36
21123.72
86764.36
5286.0488888888885
0.7211111111111111
3.8
0.152
0.3647166635322876
1.348668493108009
0.25538864995788924
3.6390795706241703
0.02512562814070352
19539.680000000004
3.3521239540302266
246.40904522613064
0.24764728163430216
3.9780005555415268
554.529648241206
0.28003737279361635
4.35678391959799
56.413065326633166
257.9527638190955
15.103517587939699
0.32719151312116135
0.03608883846670997
0.1325808348558109
0.01945646359439199
