1.0
1.0
1.0
40.0
30.0
1.0
225.12166666666667
143.0
255.0
1.0
1.0
1.0
40.0
30.0
1.0
0.0
0.0
0.0
40.0
30.0
1.0
1015.0
1.0
19.757635467980297
15.333004926108375
0.0
19.757635467980297
15.333004926108375
0.0
0.6842249317416161
0.0
0.0
49.31286459768549
40.0
30.0
49.4064773081425
49.4064773081425
973.1666666666666
33.74109141333491
0.2255780158439754
2105.2911689214684
2.1633408140998136
1015.0
226.0
245.0
56380238.0
0.6193848493958775
10.0
4.80604902398516
255.0
6.799320536775947
235.51724137931035
236.0
202.0
53.0
4.645147987557733
235.68417959700918
-0.9198939012458451
56380238.0
0.7902865878812881
78.66152539493801
3.9634555735263612
1.980715341847097
0.751068829931637
-0.043990975643671
0.2693673385198797
0.1085473055291828
0.42162821745046586
0.10800676498864226
0.4918219513211114
0.09639873749112896
0.7290730839938766
0.9783796555581952
-0.200675008103016
0.4230021251703987
0.9460506715597329
0.9891702174720297
0.9460867075957688
0.9730253357798664
0.10753379201566927
0.8513990288733855
0.8676574180909638
0.09447866101226562
70.26683420816886
0.4183060096872773
0.41823404579164847
3.569262101997715
92.99293816222453
371.7214861380138
23.939496418327156
0.4933916451923801
4.049135183566891
32.112727886759664
0.18339689754673133
0.1650246305418719
51.15033108819861
0.4173078710643061
1.189124406129038
0.29926992806640196
9.444444444444445
0.5246913580246914
0.79320987654321
3.388888888888889
44909.055555555555
179525.27777777778
11284.938271604937
0.7114197530864197
3.3333333333333335
0.18518518518518517
0.16131713870570652
0.3381654179469338
0.14166730119572726
3.3027227528624854
0.017733990147783252
41729.34876543209
2.2328528525015323
409.91822660098524
0.4038603217743697
3.9930403552622
802.1408866995074
0.11347618238734256
3.9458128078817736
62.97241379310345
253.13004926108374
16.353639846743295
0.3040503557744937
0.028670991284672966
0.09393347923004268
0.015072455037935627
