1.0
1.0
1.0
40.0
30.0
1.0
200.65916666666666
97.0
255.0
1.0
1.0
1.0
40.0
30.0
1.0
0.0
0.0
0.0
40.0
30.0
1.0
701.0
1.0
19.049928673323823
14.042796005706133
0.0
19.049928673323823
14.042796005706133
0.0
0.7425762575009014
0.0
0.0
48.05750780794934
40.0
30.0
49.4064773081425
49.4064773081425
629.3333333333334
35.68636429284737
0.22741415434508291
1561.6622879627976
2.481454906720547
701.0
203.0
247.0
36353552.0
1.5154209375825762
25.0
2.044474197150228
255.0
13.581803862833004
227.16119828815977
229.0
196.0
59.0
10.57657963744861
227.7269431307476
-0.2313277517455022
36353552.0
0.4051253456952671
257.3506199621082
7.6544568364878005
2.7268480481378763
5.122453582157275
-0.23227336680380584
1.3169872983893591
0.44203889579275757
0.4984631736660665
0.3995714331358121
1.0635976446227167
0.2786143856328807
0.2343118922697713
2.649352555696267
-0.16431479674596405
0.5985069717251186
0.8044610296977885
0.9747471378237839
0.8072921938749181
0.9215012954614025
0.36241240331098495
0.4189817530650644
2.159249259322809
0.43975654854552915
121.56855563094842
0.35745296395114057
0.6070385536743599
6.570637356502509
7.759822671816119
62.190969080348125
1.203840797364717
0.2535166247333135
3.456380267954999
126.59720998449991
0.36517159199346194
0.48502139800285315
3.3105481991436445
0.6189591061127702
3.4852063315487594
0.1929873874077953
18.789473684210527
0.3296398891966759
1.172668513388735
4.964912280701754
1624.6842105263158
12222.754385964912
248.979410331384
0.5503167641325536
12.68421052631579
0.22253000923361035
0.47861212824605376
0.9764572516879716
0.3975257645819721
3.735381639138225
0.08131241084165478
1473.4373653431824
4.120940338763319
90.4978601997147
0.12909823138333051
4.701760883677485
283.99286733238233
0.48365794941402235
7.410841654778888
30.914407988587733
258.7917261055635
4.323753764463465
0.19808012363290536
0.09536249887232327
0.4431900044981273
0.04491764399398477
