1.0
1.0
1.0
40.0
30.0
1.0
209.19833333333332
106.0
255.0
1.0
1.0
1.0
40.0
30.0
1.0
0.0
0.0
0.0
40.0
30.0
1.0
932.0
1.0
18.73283261802575
13.90450643776824
0.0
18.73283261802575
13.90450643776824
0.0
0.7570910108288078
0.0
0.0
46.73110224761087
40.0
30.0
49.4064773081425
49.4064773081425
886.25
35.37969743778809
0.2286332971180853
1951.561059986521
2.202043509152633
932.0
207.0
243.0
49018673.0
1.2017455479817756
12.0
4.2160002082200405
255.0
9.902022048665474
228.92811158798284
231.0
185.0
70.0
5.9591705271237085
229.3363091703158
-1.0891794694247905
49018673.0
0.5586790141649322
187.06242862274124
7.947504983005629
2.7844167124582238
5.4957608298962795
-1.2922657748378845
1.0385798877522283
0.26063037009899764
0.597945436580691
0.23710870778728754
0.830601294794876
0.20306907468098354
0.45705625183003407
1.9270052462371892
-0.2598465489582425
0.6522582345378048
0.8837978123375272
0.9850838899173244
0.885365923158308
0.9533623138529328
0.2165272532645412
0.6623941609564479
1.6491677977435655
0.32480256446280653
88.61925118374381
0.3321754887542672
0.6709220646982508
6.117384637335343
33.22458670165917
291.12543902526346
4.195386003832554
0.3111473713799529
4.02614578585517
64.21339732251957
0.23675570064345106
0.28567596566523606
19.902042714029346
0.489092762128028
2.142091075596401
0.21459850611958986
18.73913043478261
0.40737240075614367
0.7679584120982986
3.717391304347826
9901.91304347826
88810.06521739131
1114.1888586956522
0.5893719806763285
6.913043478260869
0.1502835538752363
0.3519197103199528
0.846246128991286
0.29736691704332247
4.042280097634883
0.04935622317596566
9491.410207939509
3.358793214026388
186.38197424892704
0.19998065906537235
5.341289211442465
520.6888412017167
0.3846301737000129
7.853004291845494
50.427038626609445
438.5847639484979
6.513017107773009
0.18747764663805438
0.05321279599703496
0.25586824107325334
0.025481409717277338
