1.0
1.0
1.0
40.0
30.0
1.0
225.95583333333335
143.0
255.0
1.0
1.0
1.0
40.0
30.0
1.0
0.0
0.0
0.0
40.0
30.0
1.0
1077.0
1.0
18.220984215413186
14.389972144846796
0.0
18.220984215413186
14.389972144846796
0.0
0.7734717951698927
0.0
0.0
43.829329678041255
40.0
30.0
49.4064773081425
49.4064773081425
1035.6666666666667
33.900750307167634
0.2222026909099738
2227.82706730633
2.1511043456449914
1077.0
220.0
243.0
57799488.0
0.8834184202016601
13.0
3.071142732264156
255.0
7.170554404623041
231.48560817084493
232.0
205.0
50.0
5.212965343238251
231.6616493448123
-0.19378299650825084
57799488.0
0.632143001856148
81.53298693282089
3.411159565020742
1.8173050779471085
1.310083106203814
-0.4309664155367082
0.5957497630000254
0.16151306876948343
0.5731937147522657
0.1610110607373549
0.6336664766476341
0.13471446488038985
0.5143333264513957
1.4865635121970429
-0.27549335117930984
0.6062413482450899
0.9195446704345354
0.9838718627245344
0.9195781376366772
0.9597723352172677
0.16057180370924248
0.6970496860303377
1.323080338027025
0.18931570794237723
102.11571502393515
0.44919153765974396
0.35322489090342324
3.043984827518929
55.044318361631
207.77454693608613
17.066608597778483
0.5573193985838063
4.312384541986334
34.619360975169926
0.14653663783957097
0.21053853296193129
29.145421354865626
0.34090434204756254
0.9360886408465585
0.23574114876056046
9.0
0.42857142857142855
0.7755102040816326
3.7142857142857144
32242.04761904762
127642.14285714286
8397.473544973545
0.6388888888888888
2.0476190476190474
0.09750566893424037
0.24577036388600426
1.024709137458527
0.1388291653158468
4.201841232302564
0.019498607242339833
29611.823129251694
3.0669376783746314
278.1977715877437
0.25830805161350395
3.692353583710727
680.8180129990715
0.19652927032602857
3.4512534818941503
57.211699164345404
206.62859795728878
20.2113380790261
0.40885174868461777
0.03095295995216409
0.10041570824657109
0.016703917590025107
