1.0
1.0
1.0
40.0
30.0
1.0
233.34166666666667
165.0
255.0
1.0
1.0
1.0
40.0
30.0
1.0
0.0
0.0
0.0
40.0
30.0
1.0
865.0
2.0
19.741040462427744
14.61271676300578
0.0
19.741040462427744
14.61271676300578
0.0
0.7499309852446642
0.0
0.0
48.553869172696714
40.0
30.0
49.4064773081425
49.4064773081425
802.6666666666666
36.41205094612098
0.22568629895294326
1850.6988218630988
2.305687900992233
865.0
231.0
254.0
51731247.0
0.9143939719015295
11.0
2.5638197014547415
255.0
6.839480102910222
244.40809248554913
246.0
225.0
30.0
5.141530211625013
244.55042389370254
-0.6858366293758541
51731247.0
0.5581542985064653
69.59415416485683
1.95766445293662
1.3535350140035396
0.8388962124721073
0.35559892586808256
0.7082032807934644
0.20588117814799747
0.5500497119997794
0.20588117814799747
0.7259392178810031
0.16181044444334
0.3811473260859291
1.6460587537355107
-0.2438128522626229
0.5943621672674482
0.8970594109260013
0.9588237643704005
0.8970594109260013
0.9313729406173341
0.20588117814799747
0.5435243969224617
1.4401775755875135
0.22852111473536546
138.152433865156
0.5379421070664279
0.2310289464667861
2.0874040744635836
21.533021793573695
40.152305869958134
16.878200774477584
0.7281489813841041
3.76281633774386
47.98598120726227
0.18018557874288899
0.2968208092485549
8.642665252922065
0.3519144977736708
0.7452184685914658
0.25358850506922204
15.421052631578947
0.8116343490304709
0.09418282548476455
3.6842105263157894
17507.105263157893
20449.473684210527
16771.513157894737
0.32894736842105265
1.736842105263158
0.09141274238227147
0.143551907063952
0.5738123879228325
0.03598678684923181
3.6818808028033985
0.021965317919075144
15434.459833795016
3.620526390983784
144.16531791907514
0.16666510742089613
3.4504514016505734
482.8034682080925
0.22092285074676735
1.9884393063583814
47.346820809248555
91.7849710982659
36.23728323699422
0.7528901734104047
0.034336299602264364
0.0773100215252018
0.02359286912153001
