1.0
1.0
1.0
40.0
30.0
1.0
225.79833333333335
126.0
255.0
1.0
1.0
1.0
40.0
30.0
1.0
0.0
0.0
0.0
40.0
30.0
1.0
955.0
1.0
19.09214659685864
13.569633507853403
0.0
19.09214659685864
13.569633507853403
0.0
0.6827280595750735
0.0
0.0
47.029029133154786
40.0
30.0
49.4064773081425
49.4064773081425
906.8333333333334
32.10803780377837
0.22563654165021876
2007.9813441677395
2.2142782696207384
955.0
220.0
253.0
54851949.0
1.310915234121735
18.0
2.656348683267745
255.0
10.424841424303064
239.3329842931937
243.0
207.0
48.0
7.809394381876275
239.6593328279087
-0.8198091730354021
54851949.0
0.46845536032455254
156.318440832214
4.638323538904754
2.1049778284186025
3.4544840367834957
0.06631854057388412
1.0904327922951131
0.2609709353728429
0.6138840830530802
0.25339800591436445
0.8299684431119215
0.19479297636337753
0.32421095932651467
2.1735734380562466
-0.2732801499759759
0.6953381206372362
0.8740582899886657
0.9742524262838762
0.8745631519525643
0.9370291449943329
0.24677169263819573
0.528189768855291
1.8955812215199153
0.337850931916989
108.58150092686215
0.3652586324495769
0.5225105551246343
4.211367212413472
22.23601432747401
102.72366769075212
6.075994784960059
0.44740861171605617
4.064880571826126
68.23011480775713
0.22447123584402895
0.31099476439790574
11.136624945661065
0.47091381183574144
1.6450748485794318
0.2738215668981453
19.0
0.48717948717948717
0.7495069033530571
3.358974358974359
8683.923076923076
36760.820512820515
2157.5477207977206
0.6951566951566951
5.9743589743589745
0.1531886916502301
0.31210172056154817
1.0673914115489076
0.2254183832280222
3.8129426812924843
0.040837696335078534
8084.301117685734
3.9360693218956615
159.25549738219894
0.1667596831227214
4.888598448507442
447.37486910994767
0.3648978920533977
4.61151832460733
47.29528795811518
227.12879581151833
12.958202443280978
0.335631180919139
0.050780380903573376
0.19087961000766412
0.02767146948624967
