1.0
1.0
1.0
40.0
30.0
1.0
237.41333333333333
201.0
255.0
1.0
1.0
1.0
40.0
30.0
1.0
0.0
0.0
0.0
40.0
30.0
1.0
943.0
1.0
21.589607635206786
14.712619300106045
0.0
21.589607635206786
14.712619300106045
0.0
0.771573595269619
0.0
0.0
44.79457925832553
40.0
30.0
49.4064773081425
49.4064773081425
892.8333333333334
34.56231456693613
0.22471403415876123
1995.4194083197046
2.2349293354336806
943.0
234.0
251.0
55541676.0
0.5469042594740172
9.0
2.360560896475246
255.0
4.82133350726287
242.61930010604453
243.0
231.0
24.0
3.784540848530339
242.6909848015036
-0.018867569692977246
55541676.0
0.7794633449123924
34.78931997674442
1.3520044853094253
1.1314018250085114
0.8414491295634179
0.48649050409778183
0.37211966149414216
0.08440197943221808
0.6307440885818943
0.08440197943221808
0.4147522995917342
0.07698830050131
0.6947508790355099
0.920712183529168
-0.35995931257878033
0.571740852723647
0.9577990102838909
0.9831196041135564
0.9577990102838909
0.9718660068559274
0.08440197943221808
0.8263971852753795
0.8363102040969502
0.11413041023159005
94.61853103262321
0.6051391211164744
0.19743043944176283
1.8125197882177146
74.56402522246321
85.03301011103616
71.94677900031998
0.7968700529455714
4.273635666590386
16.616326192359196
0.10315085893980935
0.16569459172852596
33.73133478579945
0.22382633182050005
0.4940394458993256
0.15627305330079366
6.25
0.78125
0.109375
3.625
85416.125
87048.5
85008.03125
0.34375
1.75
0.21875
0.04717804840875688
0.18871164133273702
0.011794650177761847
2.4056390622295645
0.008483563096500531
71521.609375
2.579320940123865
302.7391304347826
0.32103831435289776
2.773122038933977
735.033934252386
0.11026832754380382
1.378579003181336
61.67020148462354
77.32555673382821
57.756362672322375
0.9053552492046659
0.021589136626725628
0.03588298009200146
0.018015675760406673
