1.0
1.0
1.0
40.0
30.0
1.0
197.94
110.0
255.0
1.0
1.0
1.0
40.0
30.0
1.0
0.0
0.0
0.0
40.0
30.0
1.0
808.0
2.0
17.258663366336634
14.659653465346535
0.0
17.258663366336634
14.659653465346535
0.0
0.6355495431680079
0.0
0.0
49.01898756289481
40.0
30.0
49.4064773081425
49.4064773081425
757.6666666666666
31.153995152156057
0.23462713757992634
1713.0025239268375
2.260892024540481
808.0
198.0
244.0
39741707.0
1.6554626690141263
30.0
1.9373289923925274
255.0
15.261264214292716
221.0730198019802
223.0
186.0
69.0
12.180158165574968
221.77754832397724
-0.003095375950001114
39741707.0
0.3564938486422899
312.00085622733076
6.445083159941333
2.4592715506772107
9.045527277337236
-0.07398275383453617
1.9054332698510095
0.3174778751767743
0.714264767390417
0.3028274745987856
0.9181145372493297
0.2236916695288447
0.21884466692550966
2.683128355884741
-0.33566613624997615
0.808157251710884
0.850051302758406
0.9815833673527424
0.851027996130272
0.939922851766176
0.29000837409304553
0.3395944268253451
2.338510411807869
0.5557277862569459
92.54460948919794
0.31304090473218277
0.7484993120147899
5.524560288922611
15.688362877636926
108.14273797643924
3.2151302205002836
0.37292277200951884
4.067708231836564
82.48834609854345
0.2729206330039115
0.3654084158415841
7.658522752145693
0.5240703937123343
2.3894430393629302
0.24903040804853577
19.0
0.41304347826086957
0.871928166351607
3.6739130434782608
3226.782608695652
23586.869565217392
527.3790760869565
0.6598731884057971
5.956521739130435
0.12948960302457466
0.3257325666065859
0.5561376871841858
0.2860110440855238
4.125335644937425
0.05693069306930693
2918.2457466918713
4.4053439297020764
114.24009900990099
0.14138626115086755
5.169854671110675
288.0470297029703
0.5941574355455348
6.358910891089109
42.09653465346535
292.55940594059405
8.557369018151814
0.2734546892189219
0.0626290158069095
0.26980701418356123
0.03310737916397027
