1.0
1.0
1.0
40.0
30.0
1.0
218.42416666666668
104.0
255.0
1.0
1.0
1.0
40.0
30.0
1.0
0.0
0.0
0.0
40.0
30.0
1.0
970.0
1.0
17.562886597938146
15.405154639175258
0.0
17.562886597938146
15.405154639175258
0.0
0.7980038594971846
0.0
0.0
43.43988919105749
40.0
30.0
49.4064773081425
49.4064773081425
931.5
34.6651992305939
0.22902800614898178
2013.9596804517225
2.1620608485794124
970.0
209.0
255.0
54816561.0
1.741014416916316
27.0
2.804325763150635
255.0
15.070045700924648
237.02989690721648
243.0
189.0
66.0
11.199916408163267
237.72235603051942
-0.9621025326120974
54816561.0
0.32624721011797214
328.74652885535124
10.109168205077617
3.092995867254733
15.485977123530168
-2.1309720946900503
2.442896659351005
0.2728692217144129
0.798633931492704
0.26398094426798885
0.8493401196191124
0.20102631659878506
0.21256752872483187
2.6647120267230155
-0.4157024171036712
0.8636775940316488
0.868898355610648
0.9841057212658537
0.8694909074404096
0.9475000870612831
0.2562037015023678
0.3180051587158705
2.3752379745806516
0.6789414702663544
83.83114478444557
0.28162909174081646
0.91214775583749
8.234842096190869
21.388906607694572
240.37046130573972
2.603889309342032
0.24751032913541834
4.468198113628437
61.09009731094813
0.20048236627203986
0.3061855670103093
9.820219416507213
0.42009514322329866
2.5692208119147475
0.14856713876481561
9.774193548387096
0.3152965660770031
1.161290322580645
5.161290322580645
6737.290322580645
68690.90322580645
739.4056899641578
0.5208333333333334
3.5161290322580645
0.11342351716961499
0.30665434360844734
0.923074979831306
0.1946841729026759
4.260332600569869
0.031958762886597936
5758.2060353798115
4.331443029455352
162.96494845360826
0.1680051014985652
4.36291210543097
316.459793814433
0.7486406631948135
10.010309278350515
47.27216494845361
523.420618556701
5.905763172966781
0.16885022909507447
0.04413888223292371
0.3087606170761547
0.015047514065100609
