1.0
1.0
1.0
40.0
30.0
1.0
194.88083333333333
118.0
255.0
1.0
1.0
1.0
40.0
30.0
1.0
0.0
0.0
0.0
40.0
30.0
1.0
604.0
5.0
19.30298013245033
14.028145695364238
0.0
19.30298013245033
14.028145695364238
0.0
0.9190699268616164
0.0
0.0
34.831109634478175
32.0
30.0
43.86342439892262
43.86342439892262
560.5833333333334
32.0122253842688
0.25579175528659737
1285.358784873833
2.292895112009216
604.0
202.0
250.70000000000005
31528367.0
1.6545756295200849
27.0
1.9624630051716672
255.0
14.72222709530284
227.81291390728478
230.0
195.0
60.0
11.486712721862046
228.47162430503877
-0.26660649360542693
31528367.0
0.3664148502258673
300.55936965483966
7.8533820044073295
2.731863816162061
8.596377047190309
-0.2863563561179513
1.820799301594576
0.2599409625712029
0.7499144065799195
0.2570995486523618
0.8186284895298334
0.19067291935261726
0.25819521817463487
2.4980928088447696
-0.40311568962872346
0.8400926268203985
0.8717343670657033
0.9847594977414381
0.8719237946602926
0.9486748040668224
0.25461331147337585
0.4391684289727686
2.2316123670100194
0.5201850660414448
61.848630967755014
0.3005031715584846
0.8048883990053601
6.168641041678272
21.686594212073178
182.68131437055493
3.217062325213938
0.3355892906899186
3.9852476812955557
49.20784968372861
0.23471326432161752
0.3402317880794702
12.07884113594759
0.4592271296894325
1.9286934747720528
0.23668005706102152
20.89189189189189
0.5646457268078889
0.6778670562454346
2.72972972972973
2859.135135135135
24525.945945945947
370.38006756756755
0.7796546546546547
11.81081081081081
0.31921110299488675
0.5754938068249457
1.0901863191816934
0.5236861574766791
2.7462546425030263
0.061258278145695365
2592.6515704894086
4.037065245630044
108.16225165562913
0.17907657558878998
4.810052190693391
221.31456953642385
0.5963225297136091
7.596026490066225
44.22516556291391
374.5132450331126
6.494308774834437
0.2148523730684327
0.07041356079775545
0.2851582702617471
0.04322433189860596
