1.0
1.0
1.0
40.0
30.0
1.0
199.72916666666666
106.0
255.0
1.0
1.0
1.0
40.0
30.0
1.0
0.0
0.0
0.0
40.0
30.0
1.0
808.0
1.0
20.969059405940595
17.996287128712872
0.0
20.969059405940595
17.996287128712872
0.0
0.7625242073886574
0.0
0.0
40.83439970889533
40.0
30.0
42.44997055358225
42.44997055358225
775.1666666666666
31.137218272217037
0.24370784468001758
1674.4724572048497
2.1601450748718767
808.0
214.0
244.0
43095478.0
1.2206010931509945
15.0
4.132676975430144
255.0
10.168022742868347
230.56435643564356
233.0
186.0
69.0
6.82258953168044
230.94585431170307
-0.9792589647639715
43095478.0
0.5398459709832368
176.0651651798843
7.944861606238847
2.7847879729109697
4.056126416751704
-0.8038577808466352
0.9963054989183262
0.23745372843673132
0.6120443549877722
0.21419121339261743
0.7849415880556145
0.18996931460846517
0.42706854435930286
1.9483955914584479
-0.3013465533206642
0.6964556199857241
0.8952306448081027
0.9864426485927356
0.8967814791443769
0.9579371744896137
0.19383651272901775
0.6310665549510286
1.688265836406034
0.3084398068387644
68.32207814867633
0.33587539295065727
0.6782439592228685
6.659893190376396
39.994222699872346
343.1534930579652
5.232778525048406
0.2793567578849545
4.258279174737001
42.12910013894755
0.1996875476796034
0.2524752475247525
22.08532657032447
0.4309077324306554
2.221973391918972
0.18471023664318031
12.333333333333334
0.37373737373737376
0.7952249770431589
4.212121212121212
9801.69696969697
87514.36363636363
1115.0559764309764
0.5199915824915825
6.212121212121212
0.18824609733700642
0.3794021376616835
1.2904228814731102
0.24880963824373378
3.884858891889041
0.04084158415841584
9202.189164370982
3.474645131367466
182.0371287128713
0.2252934761297912
4.710003921184198
436.19554455445547
0.3569993137927654
7.878712871287129
53.43316831683168
447.0272277227723
7.2010107260726075
0.17562224972497248
0.04583257560449922
0.2539422405605073
0.01899589433324375
