1.0
1.0
1.0
40.0
30.0
1.0
245.40083333333334
192.0
255.0
1.0
1.0
1.0
40.0
30.0
1.0
0.0
0.0
0.0
40.0
29.0
1.0
900.0
1.0
18.40111111111111
13.086666666666666
0.0
18.40111111111111
13.086666666666666
0.0
0.6551299956221474
0.0
0.0
46.12010505736727
40.0
29.0
48.82622246293481
48.82622246293481
842.4166666666666
30.214664224325993
0.22446192337126147
1921.7316589029715
2.281212771474494
900.0
243.0
255.0
56372217.0
0.9655128454140394
7.0
2.0941833335854674
255.0
3.838562962962963
250.23222222222222
251.0
241.0
14.0
3.2861021691059857
250.2714459675068
-0.6144915948691192
56372217.0
0.5237135802469136
19.631628395061732
2.8506249310158567
1.6489174615913234
0.8567506102316917
-0.3686719271379227
0.7188258339025916
0.19225490751622668
0.5770013660433337
0.19225490751622668
0.6953614878442893
0.1531460500437048
0.39131357924688603
1.6132735748281126
-0.2735669688217968
0.6167275621637639
0.9038725462418866
0.9615490184967548
0.9038725462418866
0.9359150308279245
0.19225490751622668
0.5527900078332101
1.4210186673118859
0.22777018535470459
128.134250492941
0.5167542666640866
0.24162286666795668
2.22847252295873
33.23335670546902
113.59556129762113
13.14280555743099
0.6928818692603175
3.7426135399475973
47.12194934030135
0.1808123514588837
0.2761111111111111
16.834352106193172
0.36452151866964394
0.6259329369678631
0.2991686640950892
6.538461538461538
0.5029585798816568
0.2485207100591716
2.3846153846153846
16795.69230769231
54283.692307692305
7423.692307692308
0.6538461538461539
1.3076923076923077
0.10059171597633136
0.16957640581085456
0.20202288790219053
0.16146478528802058
3.5465935642949344
0.014444444444444444
12002.792899408285
3.4187351468290776
174.0822222222222
0.1934246913580247
3.9785876543209877
471.34222222222223
0.23814320987654322
2.8266666666666667
50.09777777777778
158.36444444444444
23.031111111111112
0.5433333333333333
0.03414747522465777
0.07581245223398002
0.0237312309723272
