1.0
1.0
1.0
40.0
30.0
1.0
187.49833333333333
94.0
254.0
1.0
1.0
1.0
40.0
30.0
1.0
0.0
0.0
0.0
40.0
30.0
1.0
753.0
1.0
18.185922974767596
15.764940239043824
0.0
18.185922974767596
15.764940239043824
0.0
0.6803150191900367
0.0
0.0
49.09802905445617
40.0
30.0
49.4064773081425
49.4064773081425
702.25
33.40212657837533
0.23804761744714362
1605.0237036859392
2.2855446118703298
753.0
188.2
240.0
34719536.0
1.638851620130831
31.0
1.931067459460029
254.0
16.411640732334057
213.86985391766268
213.0
179.0
75.0
12.84521010206018
214.72839015953303
0.08922375827849455
34719536.0
0.33295591428002025
367.9671257422721
4.902165040776837
2.1102517463759853
8.622675244076714
-0.08019652626873364
2.1249612695385274
0.32911992080654606
0.7316245537019681
0.3049042765515485
0.9382542868531669
0.23420667003258713
0.19071654792292514
2.7014303916217983
-0.33781932933384096
0.812144224141749
0.8499694261497255
0.981067339557056
0.8515838024333919
0.9398263328315235
0.2837155878284257
0.27419803055516134
2.3391526103451104
0.6135202975862682
92.91137812642118
0.3347139673793243
0.660148228762088
4.3658004529947965
13.409017437686295
70.35592386630152
4.956350835814257
0.47555226617561364
4.041963666437903
71.08004573285442
0.24948145918770523
0.36885790172642763
5.580675130162406
0.494053357524439
1.8847111575463338
0.26834597176423314
10.466666666666667
0.3488888888888889
1.0055555555555555
4.366666666666666
3304.8333333333335
15285.333333333334
1031.8541666666667
0.5877314814814815
3.933333333333333
0.13111111111111112
0.32836588132224503
1.3204676306406322
0.2383337219822638
4.123231428797615
0.0398406374501992
2674.8233333333337
4.496866587256137
101.83134130146082
0.1352341849952999
4.538090224317426
250.71580345285525
0.6363743785372014
4.884462151394422
41.13014608233732
218.10358565737053
14.972406669617826
0.4129039397963701
0.05590391206652353
0.23261532312005026
0.03016187792269422
