1.0
1.0
1.0
40.0
30.0
1.0
230.39916666666667
111.0
255.0
1.0
1.0
1.0
40.0
30.0
1.0
0.0
0.0
0.0
40.0
30.0
1.0
979.0
1.0
18.78855975485189
15.112359550561798
0.0
18.78855975485189
15.112359550561798
0.0
0.7412039242578586
0.0
0.0
46.24744208515734
40.0
30.0
49.4064773081425
49.4064773081425
932.5833333333334
34.27878556040666
0.22515165665762008
2050.2213140243693
2.198432290974214
979.0
230.0
255.0
59124820.0
1.3187456549425838
9.0
5.91315119874681
255.0
7.808334576671909
245.5056179775281
249.0
205.0
50.0
4.549274687250469
245.7500245491006
-1.8371983500694653
59124820.0
0.4306357929178739
120.06610735559099
6.112103910398045
2.428346602327209
3.031221591722059
-0.5536719268298489
1.1463247972973312
0.285533786876613
0.601348264701686
0.27706273477382876
0.8662770605579295
0.2063898621991957
0.2755920912551186
2.195337837047263
-0.2526822252925915
0.6742937826672293
0.862315737823364
0.9718375929478518
0.8628804746302163
0.9311578689116821
0.26965056418389255
0.38171772535330045
1.8950247236325313
0.35796464604348605
123.4174989739726
0.3829617275942316
0.4847579795238109
5.057635356630362
18.966523768372177
127.25863563663187
3.6098952933748807
0.34283082973959556
3.961208697623191
72.43054832581021
0.21959504968265386
0.3278855975485189
8.875514328276276
0.4562422735707037
1.8063976182934787
0.2158956254086881
17.17142857142857
0.4906122448979592
0.5926530612244898
2.8857142857142857
7279.4
46835.54285714286
1339.2849206349206
0.719047619047619
5.057142857142857
0.14448979591836736
0.3614705930171621
0.40035396007210006
0.35416103607514676
3.6204648653114253
0.03575076608784474
6496.999183673469
3.959485926148063
150.87946884576098
0.1541159028046588
4.533113671055391
421.5924412665986
0.3928984674069661
6.057201225740552
45.198161389172625
303.19101123595505
8.477726705254796
0.24528997843604586
0.05045695383476281
0.20263530744269104
0.025986517271601763
