1.0
1.0
1.0
40.0
30.0
1.0
250.01083333333332
227.0
255.0
1.0
1.0
1.0
40.0
30.0
1.0
0.0
0.0
0.0
40.0
30.0
1.0
861.0
3.0
15.05691056910569
14.256678281068526
0.0
15.05691056910569
14.256678281068526
0.0
0.9219662738616399
0.0
0.0
38.424280113029106
40.0
30.0
49.4064773081425
49.4064773081425
813.5833333333334
35.425890361625356
0.23193243644996908
1817.1495172546413
2.2335136952837953
861.0
250.0
255.0
55114311.0
0.41482053573079775
3.0
2.7798539674459244
255.0
1.6801844275286921
252.99767711962835
254.0
248.0
7.0
1.3516459685697373
253.00588058334947
-0.9032431062165882
55114311.0
0.8467384574293728
4.150981828384735
3.7888384568335263
1.9418119381470371
0.3158045539279545
-0.1930285929548119
0.1459480560099835
0.07319471521516993
0.3295987390922625
0.07319471521516993
0.37725607535168587
0.06779295947738712
0.8226356549100362
0.5974995419775848
-0.131675529463713
0.27974401176842845
0.963402642392415
0.9853610569569662
0.963402642392415
0.9756017615949434
0.07319471521516993
0.905214580539452
0.5243048267624152
0.05478569280628836
70.15945461210298
0.5197249445001171
0.2401375277499415
2.7492812942919294
100.34576938028769
398.5014315421039
25.806853839833646
0.5626796764270177
3.782115768044755
22.458218879584827
0.1667025040184151
0.15621370499419282
55.52083673464769
0.4019182040971835
0.5843553521814328
0.3563089170761212
16.11111111111111
0.8950617283950617
0.05246913580246913
1.1666666666666667
34609.72222222222
138363.22222222222
8671.347222222223
0.9583333333333334
3.111111111111111
0.1728395061728395
0.21403078022295752
0.21403104795154285
0.2140307132908112
2.863826390090813
0.020905923344947737
32321.69444444444
1.989014350104592
360.27293844367017
0.41843546857569125
3.8598286032636335
729.0418118466899
0.07663077128531366
3.749128919860627
63.926829268292686
253.37282229965157
16.56533101045296
0.3127177700348432
0.029934452993568915
0.07623123047988929
0.018360258621988822
