1.0
1.0
1.0
40.0
30.0
1.0
230.46333333333334
164.0
255.0
1.0
1.0
1.0
40.0
30.0
1.0
0.0
0.0
0.0
40.0
30.0
1.0
919.0
1.0
19.545157780195865
16.0
0.0
19.545157780195865
16.0
0.0
0.7592926599469381
0.0
0.0
43.54940964588553
40.0
30.0
46.87216658103186
46.87216658103186
877.75
33.06674708914327
0.23097829012591414
1919.3765648445903
2.1867007289599436
919.0
229.0
251.0
53844402.0
0.9008514969098044
10.0
3.1780471667733927
255.0
6.694694640174008
241.90642002176278
244.0
218.0
37.0
4.61342105263158
242.05414460971767
-0.9551589895969101
53844402.0
0.6594206931174895
71.49287499659586
4.552232273214509
2.1142831950247682
1.2665153328635426
0.3086546529355414
0.5161776115773646
0.18803775758503816
0.4659267432358296
0.18744393335700965
0.6938655510461486
0.15199606404352597
0.5331823191461271
1.511808861383916
-0.19003630986495426
0.5112046877929483
0.906337415744298
0.981223631513559
0.9063770040261666
0.9531687078721491
0.1869243371574847
0.7174565735275538
1.321489429800475
0.17605384229060073
90.16382448615451
0.3968123456499088
0.46035560265001163
4.829245517559666
39.90976847811798
168.1839341638601
9.972261633054686
0.3535242114389403
4.118723891961101
44.870556439078506
0.19268344872241228
0.24591947769314476
22.024569843326464
0.4271156048820265
1.8808289859647502
0.21325021677160194
13.222222222222221
0.4897119341563786
0.9135802469135801
4.074074074074074
19963.296296296296
80346.70370370371
4985.139917695474
0.6430041152263374
4.037037037037037
0.149519890260631
0.3543875897673873
0.8361348305568437
0.3008600897678729
3.6287255778461787
0.029379760609358
18804.77640603566
3.0767739614477128
210.2208922742111
0.22874961074451697
4.497302148690267
606.0076169749728
0.19492730542850073
4.573449401523395
53.95538628944505
237.35690968443961
13.124954660863256
0.271067585539838
0.04113112767171915
0.1635492608863962
0.020546441730325753
