1.0
1.0
1.0
40.0
30.0
1.0
240.79333333333332
138.0
255.0
1.0
1.0
1.0
40.0
30.0
1.0
0.0
0.0
0.0
40.0
30.0
1.0
1065.0
1.0
19.656338028169014
15.72300469483568
0.0
19.656338028169014
15.72300469483568
0.0
0.7266952134114885
0.0
0.0
45.57769081187269
40.0
30.0
49.4064773081425
49.4064773081425
1021.75
33.12108975133666
0.2220236657534967
2209.6048774204564
2.1625690016348975
1065.0
235.0
255.0
65529988.0
1.1477797874072158
6.0
6.09863315902626
255.0
5.922352266966437
247.91361502347416
251.0
217.0
38.0
3.3811835356207367
248.0534320752673
-1.8893762847050781
65529988.0
0.4918327492340585
69.34465031188697
6.841846015956476
2.578644947528634
2.5921242639182576
-0.7893949188566385
0.9858122837652988
0.21608284498878802
0.6403695893463323
0.21608284498878802
0.7459461210916476
0.16778510190027507
0.3506225472148632
1.8908834352451258
-0.3018811549075921
0.6923419304128008
0.891958577505606
0.9783917155011213
0.891958577505606
0.9459792887528029
0.21608284498878802
0.515764303038553
1.6748005902563388
0.3004737821885217
119.20164724784625
0.42034600403759803
0.41013878709709883
5.816584857658919
27.530793193837624
212.3743209260616
4.2352075318318905
0.26328186027525563
4.180462205963091
45.53949247049013
0.15447547065967962
0.26549295774647885
11.567201297994728
0.3318534652008593
1.4619386735389832
0.12902354208707142
11.64
0.4656
0.3296
2.64
17262.6
149410.88
2090.2411111111114
0.6344444444444445
3.24
0.1296
0.3287717371581351
0.5769752013014788
0.26672098169272085
3.6390795706241703
0.023474178403755867
15447.839999999998
3.5719932359899125
213.4093896713615
0.2003844034472878
3.7085816306288435
523.8018779342723
0.3178064317044678
6.869483568075117
50.988732394366195
376.86760563380284
8.323395931142409
0.1940792905581638
0.036831040032079605
0.18473740813487627
0.014003342943709684
