1.0
1.0
1.0
40.0
30.0
1.0
219.1425
121.0
255.0
1.0
1.0
1.0
40.0
30.0
1.0
0.0
0.0
0.0
40.0
30.0
1.0
772.0
1.0
17.764248704663213
13.646373056994818
0.0
17.764248704663213
13.646373056994818
0.0
0.6406401968476436
0.0
0.0
46.614645703859544
40.0
30.0
49.4064773081425
49.4064773081425
719.5
29.863215799703745
0.23523698462674508
1650.690757300485
2.2942192596254136
772.0
222.0
250.0
43784120.0
1.0566053351957034
13.0
2.7748950598454716
255.0
8.173065048726142
237.92746113989637
240.0
212.0
43.0
5.726272049661185
238.1494936949274
-0.7030615997318772
43784120.0
0.5945562296974416
105.70458267336036
4.112500918396191
2.0028781173504644
1.8608676402526378
0.10146865377539252
0.6173758459228696
0.2138067348240865
0.4820990814737643
0.20777693640165004
0.7467029908897104
0.1693950684675382
0.4943621659337424
1.6924773294739897
-0.20710010160705422
0.5514554296548917
0.8967145116414186
0.978897624906319
0.8971164982029144
0.9483572558207093
0.20250086278201812
0.6912346146040176
1.4634121384223269
0.20779564518673907
85.44875714464419
0.377646227355742
0.4997188980861336
3.768801570440354
29.731150593853826
122.05945389353084
8.00755896827792
0.499609568878732
3.8145512656507505
63.07336445222229
0.26802090911567245
0.29306994818652854
17.186580700929152
0.5211634193148191
1.7177737134273328
0.33729994249268114
18.166666666666668
0.5046296296296297
0.8333333333333333
3.611111111111111
9333.722222222223
37460.13888888889
2355.1736111111113
0.6867283950617283
8.0
0.2222222222222222
0.47376658088622214
1.7324198491099716
0.33102266446734
3.6468994063503497
0.046632124352331605
8873.858024691359
3.383175963749668
153.80310880829015
0.19922682488120486
5.6714341324599316
458.9974093264249
0.24838754060511692
4.089378238341969
49.96632124352332
211.45725388601036
13.28529792746114
0.3442357512953368
0.059080200733143
0.21242007969470653
0.03478677052269873
