1.0
1.0
1.0
40.0
30.0
1.0
241.22416666666666
165.0
255.0
1.0
1.0
1.0
40.0
30.0
1.0
0.0
0.0
0.0
40.0
30.0
1.0
957.0
1.0
20.53291536050157
13.478578892371996
0.0
20.53291536050157
13.478578892371996
0.0
0.7442711968852059
0.0
0.0
46.634544430208535
40.0
30.0
46.14108798023731
46.14108798023731
911.0833333333334
34.70874819926762
0.2265613099604211
2006.0285613900103
2.2018057931656565
957.0
239.0
255.0
59423249.0
0.9762970097116231
10.0
3.1250327244028684
255.0
5.474406807235689
249.098223615465
252.0
230.0
25.0
4.170678885006215
249.18519045712907
-1.0492042858056538
59423249.0
0.5163394839105573
43.33413477549248
2.786979933100317
1.6215458945196883
0.896108215134281
-0.3427318851001589
0.7854373706378015
0.155315500917496
0.6693317502595666
0.155315500917496
0.6167169036596066
0.13000051305908478
0.39962305116326646
1.5650573107294852
-0.3639481425743692
0.7008481248982367
0.9223422495412519
0.9689368998165008
0.9223422495412519
0.9482281663608346
0.155315500917496
0.5438881440609403
1.4097418098119894
0.23518821788882435
109.66286168547931
0.5194527432949871
0.24027362835250637
2.204501298571571
40.49259194787694
130.44153318604438
18.005356638335087
0.6988746753571071
4.032403457253198
29.4378611468561
0.13373232171621022
0.2207419017763845
17.577460182927894
0.2818289416005439
0.4673075152369852
0.23545929819143355
5.545454545454546
0.5041322314049587
0.24793388429752064
2.3636363636363638
22039.909090909092
63870.0
11582.386363636364
0.6590909090909091
1.1818181818181819
0.10743801652892562
0.013225972906272294
0.03310385161009741
0.008256503230316015
3.277613436819112
0.011494252873563218
14470.909090909092
3.243882037114348
234.2246603970742
0.244748861438949
3.305715243451704
494.13688610240337
0.24183025804472136
2.7711598746081503
55.63740856844305
167.816091954023
27.592737722048067
0.5572100313479624
0.025188666811203755
0.06073056588245423
0.01630319204339114
