1.0
1.0
1.0
40.0
30.0
1.0
239.69
124.0
255.0
1.0
1.0
1.0
40.0
30.0
1.0
0.0
0.0
0.0
40.0
30.0
1.0
1056.0
2.0
18.4375
13.826704545454545
0.0
18.4375
13.826704545454545
0.0
0.7352101668678153
0.0
0.0
44.93206310446961
40.0
30.0
49.4064773081425
49.4064773081425
1012.4166666666666
33.034509612752316
0.22239965702650416
2192.415524574451
2.165526898912949
1056.0
232.0
255.0
64021425.0
1.1802876592477285
14.0
2.9550249603074175
255.0
7.68215356691919
246.05208333333334
249.0
220.0
35.0
5.992849694622374
246.22418531049743
-0.9383748135798473
64021425.0
0.4677402576905417
84.72171914457068
6.2872134118643155
2.470542141710325
1.6488787559721365
-0.20723982718848072
0.9521030771524568
0.21759712380572205
0.6277088448245283
0.2155556402568966
0.7538286213892829
0.16989258142556912
0.3227693827691174
1.922505750684917
-0.29682390821040017
0.6925173751407847
0.8924263282264341
0.9783345099370658
0.8925624271296891
0.9462131641132171
0.21376934215167437
0.4007552946184219
1.698324722077647
0.29242505023954474
116.74050565972547
0.4151563109350547
0.42003260661992525
5.5689602495892565
27.4251277367171
184.19254905225347
4.906769007493185
0.2810960457001278
4.214976849516818
46.82876580193053
0.16221371052346528
0.26538825757575757
12.095639801412316
0.3605487465709982
1.590254049047188
0.15241376582722693
13.357142857142858
0.4770408163265306
0.6058673469387756
2.9642857142857144
10837.142857142857
66928.10714285714
2056.5843253968255
0.7073412698412699
4.928571428571429
0.1760204081632653
0.39305515554647824
0.7180976273954724
0.35260450699587775
3.3657646371790175
0.026515151515151516
9414.77551020408
3.6937676488125994
201.5719696969697
0.19088254706152433
4.049238837235997
493.9337121212121
0.31484500545224975
6.2793560606060606
51.34090909090909
338.87215909090907
9.252919823232322
0.20941182659932658
0.04059196089175009
0.1872418466720302
0.01794364782467771
