1.0
1.0
1.0
40.0
30.0
1.0
237.29416666666665
179.0
255.0
1.0
1.0
1.0
40.0
30.0
1.0
0.0
0.0
0.0
40.0
30.0
1.0
891.0
1.0
19.860830527497193
14.927048260381595
0.0
19.860830527497193
14.927048260381595
0.0
0.6875055824750624
0.0
0.0
46.271440758834096
40.0
30.0
47.16990566028302
47.16990566028302
840.5833333333334
31.81187383086258
0.22854461228009804
1884.6627779646853
2.242089157884031
891.0
235.0
255.0
54163881.0
0.9843502568475276
13.0
2.2447191178122345
255.0
6.399067366519667
246.44107744107745
248.0
229.0
26.0
5.309321431790992
246.5562611230749
-0.5857531552945182
54163881.0
0.510808294945968
56.78524867077056
2.2510938650762524
1.4492124605809416
0.8155216361254285
0.1426460184525704
0.796504292030995
0.1930870333331449
0.6098256813935852
0.1930870333331449
0.7026192775434628
0.1546991832161536
0.3505051541017764
1.6933081915735382
-0.29390307309010566
0.6582447660509724
0.9034564833334275
0.9613825933333711
0.9034564833334275
0.9356376555556184
0.1930870333331449
0.454244022752486
1.500221158240394
0.247397831341035
124.20919582595025
0.5217468976539545
0.23912655117302273
2.1903270994192097
26.205314048753657
61.31902559603343
17.42688616193372
0.7024182251451976
3.9701709464440147
39.22290263961574
0.15864958904921508
0.2673961840628507
10.81612889982107
0.3330653901131558
0.7021085011555863
0.24080461235254816
11.777777777777779
0.654320987654321
0.1728395061728395
3.3333333333333335
13999.277777777777
23666.61111111111
11582.444444444445
0.4166666666666667
2.111111111111111
0.11728395061728394
0.2545359108129974
0.6847797954397697
0.14697493965630434
3.5724312513221155
0.020202020202020204
11549.027777777777
3.6322517054079664
162.7598204264871
0.18267095446294848
3.6192401631982625
455.13019079685745
0.24459585252701602
2.2794612794612794
50.69023569023569
118.52861952861953
33.73063973063973
0.6801346801346801
0.03426731181103609
0.07910196842589552
0.02305864765732123
