1.0
1.0
1.0
40.0
30.0
1.0
236.56083333333333
120.0
255.0
1.0
1.0
1.0
40.0
30.0
1.0
0.0
0.0
0.0
40.0
30.0
1.0
965.0
1.0
20.00518134715026
14.509844559585492
0.0
20.00518134715026
14.509844559585492
0.0
0.7450482776707251
0.0
0.0
47.86697045901423
40.0
30.0
49.4064773081425
49.4064773081425
916.0
35.66320389780404
0.2252972096229873
2024.5350225233526
2.2101910726237475
965.0
235.0
255.0
59386887.0
1.1208331159518719
11.0
4.002118651814746
255.0
6.876589438642649
247.92642487046632
252.0
220.0
35.0
4.929794884833519
248.07421378297553
-1.3326712961540488
59386887.0
0.4910317055491423
73.30339499046954
6.838164328770955
2.579926843959613
1.5145402648327606
-0.46913644958112155
0.911722301230607
0.1833004341801313
0.6645711455655261
0.17927903191729636
0.6823769208941991
0.1496374105786409
0.3735054304994114
1.7571973280542648
-0.3520954965840184
0.7179442244690141
0.9107626242676353
0.9818555597633485
0.9110307177518244
0.9553813121338177
0.17576030493731573
0.5187815104145946
1.5639315129217592
0.2737556838526846
99.80036986926382
0.4223889540719172
0.4054089791257318
5.686436584636661
33.84494888298275
252.80272390238906
5.282621762216245
0.2689731457804031
4.21128910480539
36.619285541216065
0.15035167971434296
0.2437823834196891
15.167333735006157
0.3490218264817694
1.4829159732642765
0.14810864743110325
13.518518518518519
0.5006858710562414
0.6200274348422495
2.925925925925926
8836.333333333334
55191.48148148148
1658.9866255144034
0.7242798353909465
11.148148148148149
0.41289437585733885
0.650172209398555
1.0592926154021949
0.5890633177808987
2.510318652751325
0.027979274611398965
7558.932784636487
3.401273485814163
226.32849740932642
0.23453730301484604
4.057629466562861
473.8455958549223
0.2973180488066794
6.795854922279792
53.75647668393783
390.4580310880829
8.611600460564192
0.18891767415083477
0.04454786300434586
0.19165231678931408
0.022392298666892078
