1.0
1.0
1.0
40.0
30.0
1.0
237.79
151.0
255.0
1.0
1.0
1.0
40.0
30.0
1.0
0.0
0.0
0.0
40.0
30.0
1.0
903.0
1.0
19.434108527131784
13.296788482834994
0.0
19.434108527131784
13.296788482834994
0.0
0.6624306620706903
0.0
0.0
46.6349909260123
40.0
30.0
47.16990566028302
47.16990566028302
853.75
30.892447914778963
0.228526235606411
1904.4454457828758
2.2306828061878488
903.0
236.0
255.0
55540010.0
0.9861329344185297
11.0
2.8677532086698725
255.0
6.339640597540622
247.8892580287929
251.0
228.0
27.0
4.795003616668957
248.00423763035485
-0.9976582638098278
55540010.0
0.509581081395962
57.01763654803908
2.700133955336867
1.5938244032117828
0.8693075247986274
-0.2699923981060998
0.8020815127570212
0.16267850859696245
0.662628303364322
0.16267850859696245
0.6355966536565303
0.13525772385830104
0.3823622654647071
1.6048682533317966
-0.35290627094869914
0.6994304631116228
0.9186607457015188
0.9674642982806075
0.9186607457015188
0.9457738304676792
0.16267850859696245
0.5124851489133015
1.4421897447348342
0.24119000533849594
108.93309112611982
0.5102344701839387
0.24488276490803063
2.2883101504594054
37.25610922078701
116.3134905607262
17.49176388580221
0.6779224623851486
4.054723289744181
32.37009396758921
0.14635394046778422
0.23671096345514953
17.376898995422824
0.31811130857979075
0.608979680167385
0.24539421568289219
5.0
0.5
0.25
2.5
20417.7
65706.3
9095.55
0.625
1.2
0.12
0.12674737549005854
0.13192467576803932
0.12545305042056337
3.1219280948873593
0.01107419712070875
12263.61
3.398768162770563
202.45514950166114
0.2242028233683955
3.5235814174236486
460.15171650055373
0.24520945930201898
2.707641196013289
54.02325581395349
156.93355481727573
28.295681063122924
0.5730897009966778
0.02882741003993575
0.06823523084636833
0.018975454838327604
