1.0
1.0
1.0
40.0
30.0
1.0
224.87333333333333
142.0
255.0
1.0
1.0
1.0
40.0
30.0
1.0
0.0
0.0
0.0
40.0
30.0
1.0
794.0
1.0
20.267002518891687
14.196473551637279
0.0
20.267002518891687
14.196473551637279
0.0
0.7092701539104109
0.0
0.0
47.567134842382146
40.0
30.0
46.22769732530488
46.22769732530488
740.0
33.737949050733654
0.23346916194561493
1694.6333407131592
2.290045055017783
794.0
224.0
254.0
45944980.0
1.3296719615354566
20.0
1.8319281742006603
255.0
9.828055504444542
240.2846347607053
241.0
218.0
37.0
8.055842574931228
240.55189482894008
-0.3009400568870625
45944980.0
0.447997893521309
128.50840370791005
5.188171656815408
2.2277695348646778
3.0291282268255797
0.09920866999574077
1.1402083906895366
0.23955027022890435
0.6527004861851085
0.23955027022890435
0.7896649672406323
0.18099400485308442
0.31078980221061553
2.1229189732286575
-0.3224846582145654
0.7428775597044266
0.8802248648855479
0.9760449729771095
0.8802248648855479
0.9401124324427739
0.23955027022890435
0.48335621241439974
1.8833687029997543
0.3449396652296103
96.31399670623635
0.3750297995203301
0.5006837742751318
4.276812870137881
17.98343628016621
99.3555181536067
4.201871908260491
0.429906402166512
3.8785904135447433
55.00086772087677
0.20874853163099716
0.3227329974811083
7.685317665630043
0.4382387093302267
1.300838715763945
0.28198085935254674
22.72222222222222
0.6311728395061729
0.5084876543209876
2.361111111111111
4976.666666666667
23164.694444444445
1164.5362654320988
0.8140432098765432
5.055555555555555
0.1404320987654321
0.34264448653200746
0.42384129266731857
0.33360433056532146
3.514819197956921
0.04534005037783375
4490.219135802469
3.832924929615214
129.44836272040303
0.1630332024186436
4.598462016763001
355.7103274559194
0.3786728549765559
5.109571788413098
45.79093198992443
255.88035264483628
10.23471172684019
0.29726420375034984
0.052757724101395384
0.16733645410305184
0.033207151303823144
