1.0
1.0
1.0
40.0
30.0
1.0
244.63583333333332
161.0
255.0
1.0
1.0
1.0
40.0
30.0
1.0
0.0
0.0
0.0
40.0
30.0
1.0
1115.0
1.0
18.86457399103139
14.25829596412556
0.0
18.86457399103139
14.25829596412556
0.0
0.7674868968162762
0.0
0.0
46.187186261040225
40.0
30.0
49.4064773081425
49.4064773081425
1068.6666666666667
35.448060256161114
0.21862687973842138
2312.1113385537956
2.1635477279043624
1115.0
242.0
255.0
68704582.0
1.0123978235518585
8.0
5.181207757236727
255.0
4.381908343220253
248.16681614349775
249.0
224.0
31.0
3.5666749338624335
248.23065723803157
-1.0839274736681968
68704582.0
0.5090317520963623
31.690558024492752
6.0748655617840255
2.4292559184904157
0.9103660033950907
0.20493636307990826
0.8447335297963252
0.15050193038424647
0.6977339174754971
0.1480702594910371
0.6058794509917953
0.1276589276214931
0.3841814324466229
1.6085462139942295
-0.39919815036871076
0.7377666872875963
0.9262080373438023
0.9850620379258772
0.926370148736683
0.9631040186719012
0.14594254745947893
0.49408785268660177
1.4507012278558689
0.2488088650451429
111.3512442285257
0.49439008998434625
0.2763453996095637
6.006951725098107
57.0583474561775
321.7932922552899
11.678294285572823
0.20684494112516405
4.3923873544677905
30.480605204741725
0.12871493296763248
0.20134529147982064
27.487764730482155
0.310919786273627
1.6336799573171183
0.07949019082900129
9.083333333333334
0.3784722222222222
0.4982638888888889
5.375
15994.875
90215.45833333333
3270.053240740741
0.3229166666666667
3.4166666666666665
0.1423611111111111
0.34592465313080467
1.219498943830361
0.2021533763019472
4.001629167387817
0.021524663677130046
13836.498263888889
3.2941825035062577
318.6089686098655
0.28574795391019325
3.78033260270667
567.5704035874439
0.2499917553138008
6.083408071748879
58.38116591928251
355.5542600896861
11.207972097658196
0.19451918285999004
0.032824148219327595
0.1768820409745031
0.009331403905146548
