1.0
1.0
1.0
40.0
30.0
1.0
246.8425
184.0
255.0
1.0
1.0
1.0
40.0
30.0
1.0
0.0
0.0
0.0
40.0
30.0
1.0
1117.0
1.0
20.457475380483437
13.91942703670546
0.0
20.457475380483437
13.91942703670546
0.0
0.7526450971714321
0.0
0.0
44.92281495359502
40.0
30.0
49.4064773081425
49.4064773081425
1074.1666666666667
33.81093642596279
0.2189579422678759
2316.529680862378
2.1565831008804137
1117.0
242.0
255.0
69176380.0
0.9999855462793725
7.0
2.9361500235994673
255.0
4.006136144503961
248.80931065353624
250.0
235.0
20.0
3.1583105862893035
248.85841415438256
-0.7734562140502221
69176380.0
0.5000100185222439
24.43722754628758
2.4325111184662154
1.5115845878193512
0.7959006416754976
-0.03122897041945613
0.7949287024868319
0.20448528998367665
0.590767621231681
0.20448528998367665
0.7193288599553835
0.1601629211037845
0.3401300826609613
1.7187833372207642
-0.2804724321160956
0.6401476393165942
0.8977573550081617
0.9591029420032646
0.8977573550081617
0.9318382366721077
0.20448528998367665
0.4093419428275129
1.5142980472370877
0.24985349811762714
141.58850166134593
0.5024707424370094
0.24876462878149527
2.3999105713620716
30.55772877797864
79.06381688600621
18.431206750971754
0.6500223571594821
4.072337649623247
41.7168234787772
0.14107264437751
0.2522381378692928
11.698768624963073
0.26488155493358784
0.5460996743199161
0.19457702508700572
5.2
0.52
0.24
2.2
30522.3
78811.8
18449.925
0.7
1.2
0.12
0.013319364918732871
0.040412182381589536
0.006546160553018705
3.3219280948873595
0.008952551477170993
18045.410000000003
3.519710956999922
222.50044762757386
0.19919467110794437
3.1080052801619633
558.5111906893464
0.24999499073887804
2.5067144136078783
51.857654431512984
132.62667860340196
31.665398388540734
0.6233213965980304
0.02716906447415997
0.06385009633184485
0.017998806509738747
