1.0
1.0
1.0
40.0
30.0
1.0
213.94583333333333
128.0
253.0
1.0
1.0
1.0
40.0
30.0
1.0
0.0
0.0
0.0
40.0
30.0
1.0
853.0
1.0
19.749120750293084
12.131301289566236
0.0
19.749120750293084
12.131301289566236
0.0
0.6362598565505079
0.0
0.0
51.38057762166089
40.0
30.0
49.4064773081425
49.4064773081425
807.6666666666666
32.69139894704019
0.23435539346506204
1789.6328567562437
2.2158062609445857
853.0
216.2
243.0
45471539.0
0.9839375530074366
14.0
2.9130559152565874
253.0
8.364253328367296
230.64126611957795
231.0
202.0
51.0
5.702578237201263
230.88478321103284
-0.36976244614577597
45471539.0
0.5863712515925448
112.38948116364699
3.4217934657784967
1.8161389629793625
1.6388405665932009
-0.33155388021854326
0.6749144709044514
0.18132152823920858
0.5755995817854767
0.18132152823920858
0.6769927092882447
0.14722110133185767
0.47051031359913675
1.628313927190749
-0.27719380402681526
0.6277961117043479
0.9093392358803957
0.9818678471760791
0.9093392358803957
0.9546696179401978
0.18132152823920858
0.6614408578997437
1.446992398951541
0.214058999785915
94.79541758264126
0.4448925838833498
0.3630660875696056
2.9133643238071976
38.47522721258753
145.21428080727895
12.22469994764244
0.5906484859844578
3.9281405488890186
36.80216831542094
0.16697428027814779
0.24941383352872215
20.28720638160212
0.3558284766881582
0.8146693673477268
0.27727146274259024
3.75
0.46875
0.734375
3.375
50208.875
194007.375
14339.388888888889
0.6840277777777778
1.0
0.125
0.13243375066755764
1.1341708436494073
0.021129492854193955
2.9999999999999973
0.009378663540445486
38839.984375
3.1609060077394453
197.8487690504103
0.23194462960188783
3.786613414622414
500.1746776084408
0.2284606155228976
3.4079718640093786
52.85228604923798
192.47010550996484
18.756740914419694
0.4305718379575355
0.03029724041716031
0.0933037427445469
0.017273821744841395
