1.0
1.0
1.0
40.0
30.0
1.0
204.6225
74.0
255.0
1.0
1.0
1.0
40.0
30.0
1.0
0.0
0.0
0.0
40.0
30.0
1.0
882.0
1.0
17.79705215419501
15.74716553287982
0.0
17.79705215419501
15.74716553287982
0.0
0.7470779248914065
0.0
0.0
48.19327733933879
40.0
30.0
49.4064773081425
49.4064773081425
833.9166666666666
36.00413362838927
0.2311220661575195
1853.7783921683279
2.2229779860117853
882.0
203.0
254.0
47242671.0
1.7333952975544102
26.0
2.719495870793414
255.0
14.812475254652124
230.70634920634922
233.0
182.0
73.0
10.913299865767646
231.437073623953
-0.6485970354493611
47242671.0
0.3444886647024645
337.6994834971027
8.485182072551046
2.8284406229939503
13.225000008327104
-0.8392842610934634
2.2333097843318925
0.2929947656442776
0.7679279788806902
0.26292692611889673
0.8783576291220169
0.22186690856064306
0.22880631315589842
2.6770965070162474
-0.4094049848942984
0.8607832975154042
0.8715433208930897
0.983376966395467
0.8732277410953366
0.9483802929585586
0.23964075617709632
0.40748959038197896
2.3545103388508153
0.6315761374940425
81.35533121647074
0.2937509378859577
0.8590807304174661
6.983372113125905
21.511388333769098
201.0316934297749
3.1807533712512184
0.3037925402755845
4.367128034712451
62.509433948033205
0.22083759561151528
0.3134920634920635
10.553513662471213
0.464292252375071
2.573217726284856
0.19470125662926005
10.67741935483871
0.34443288241415193
1.0801248699271593
4.580645161290323
5512.129032258064
49415.16129032258
721.0640681003583
0.575268817204301
5.129032258064516
0.16545265348595214
0.3852731107550026
1.3413280767617535
0.2597909024872319
3.9292144551992125
0.035147392290249435
4702.634755463059
4.362146145119174
144.53061224489795
0.16386690730714054
4.812295288485765
303.8390022675737
0.6908489775350806
8.419501133786849
46.95918367346939
436.8208616780045
7.024392164273117
0.2058453010833963
0.05044746962571037
0.3036674435563257
0.020715898007900704
