1.0
1.0
1.0
40.0
30.0
1.0
209.855
137.0
242.0
1.0
1.0
1.0
40.0
30.0
1.0
0.0
0.0
0.0
40.0
30.0
1.0
871.0
1.0
14.83467278989667
14.158438576349024
0.0
14.83467278989667
14.158438576349024
0.0
0.8996202564935405
0.0
0.0
37.278173886615114
40.0
30.0
44.28317965096906
44.28317965096906
834.25
33.536200353487494
0.23641708275326292
1812.742348269914
2.1729006272339393
871.0
211.0
236.0
44179256.0
1.0338762201451606
13.0
2.951999296979755
242.0
7.940889037107142
225.00344431687716
227.0
198.0
44.0
5.642129629629628
225.21645666695082
-0.7702530300276287
44179256.0
0.5161901347277567
95.90239915849527
7.073147721841388
2.6263079166214043
1.2154393943399033
-0.47546797045330524
0.8427268867152737
0.1401937093687205
0.714743449343033
0.1401937093687205
0.581385744722388
0.11998274560997227
0.41635034397739784
1.5748461050961997
-0.4125828964765571
0.7444512589325614
0.9299031453156397
0.9859806290631279
0.9299031453156397
0.96495157265782
0.1401937093687205
0.5676111773069913
1.43465239572748
0.24573014902099857
79.84408988984639
0.46149449993256686
0.33282985191768977
5.864228534376689
53.16369807153499
418.2579871079647
7.617921603155119
0.23324825851623654
4.33074814884279
22.82496197230197
0.12744778414234542
0.19804822043628015
24.65038825904613
0.30886837031068953
1.4222773467703684
0.10626934154365483
6.176470588235294
0.3633217993079585
0.7335640138408305
4.0588235294117645
17081.70588235294
138058.11764705883
2333.877450980392
0.5620915032679739
3.7058823529411766
0.2179930795847751
0.449471334027081
0.5592457546343177
0.4310882140379109
2.8138461086383817
0.01951779563719862
14456.65051903114
3.153708213101225
254.93800229621124
0.2926957546454779
3.6366792725412944
449.601607347876
0.2608031994052523
7.017221584385764
58.62801377726751
434.6498277841561
9.109101926266105
0.17307692307692307
0.032676628992371705
0.16492448128420056
0.012959186340160932
