1.0
1.0
1.0
40.0
30.0
1.0
234.60666666666665
125.0
254.0
1.0
1.0
1.0
40.0
30.0
1.0
0.0
0.0
0.0
40.0
30.0
1.0
1040.0
1.0
17.24903846153846
14.639423076923077
0.0
17.24903846153846
14.639423076923077
0.0
0.7577465673702388
0.0
0.0
42.774796753165994
40.0
30.0
46.14108798023731
46.14108798023731
1006.6666666666666
32.41245540967117
0.22726018663099531
2137.393860858433
2.1232389346275826
1040.0
234.0
252.0
62218657.0
1.1568788361772873
9.0
6.899543363937975
254.0
6.225371671597633
244.4451923076923
247.0
208.0
46.0
4.058578314022153
244.59278756899033
-1.845763667675793
62218657.0
0.4941734467455621
72.17968842455622
5.639809921788339
2.3285113119780387
2.2005228075633756
0.1384474102877423
1.000544424032841
0.12930464340536282
0.770974886848721
0.12930464340536282
0.5517201940361038
0.112002860795618
0.39814394162642386
1.7043160914321596
-0.47946355348470093
0.8087566383451951
0.9353476782973187
0.9870695356594638
0.9353476782973187
0.9676738391486593
0.12930464340536282
0.5449306827184526
1.5750114480267976
0.2824622668595509
72.78815639269406
0.40498073558088266
0.4431104067201355
5.280141925711275
71.50891837899543
400.0976710682297
15.142374519169788
0.3093477875102447
4.786841065171759
20.38684497936424
0.10941080415173388
0.171875
32.55459799042451
0.2700921758573728
1.1759607883076246
0.12657767071584788
3.4
0.34
0.6
4.6
42021.8
232282.0
8778.861111111111
0.4333333333333333
1.6
0.16
0.0616076763049475
0.2810948362372093
0.031428106468306724
3.12192809488736
0.009615384615384616
31205.800000000003
3.1854645525490985
344.9846153846154
0.33171597633136096
3.1670673076923084
513.9403846153846
0.29644600591715975
5.630769230769231
61.30769230769231
350.67692307692306
12.985683760683761
0.23226495726495724
0.02367776151593116
0.12451585318065973
0.007264684122798376
