1.0
1.0
1.0
40.0
30.0
1.0
229.37583333333333
118.0
255.0
1.0
1.0
1.0
40.0
30.0
1.0
0.0
0.0
0.0
40.0
30.0
1.0
998.0
1.0
18.147294589178358
14.599198396793588
0.0
18.147294589178358
14.599198396793588
0.0
0.6943907335367117
0.0
0.0
47.66375606184437
40.0
30.0
49.4064773081425
49.4064773081425
954.25
33.097270534898996
0.22539450444999232
2079.611676997154
2.1793153544638764
998.0
225.0
250.0
58390355.0
1.0879008742385028
10.0
5.025703974485891
255.0
7.71279834217533
241.65831663326654
245.0
206.0
49.0
4.599928928536421
241.88296703050207
-1.6024020703016686
58390355.0
0.5762426656921056
108.62774145485359
4.58923186739751
2.1060860005925486
2.4415978565769003
0.1891437781853509
0.7891970466261679
0.17479823635950387
0.6370100050709252
0.1742469684432966
0.6654584059136162
0.14368669966270364
0.46240429654534293
1.7329021281483226
-0.32351082539982534
0.6930542026228713
0.9129316425699724
0.9825456194986438
0.9129683937643862
0.9564658212849863
0.17376460901661522
0.6608651665293892
1.5559963827284862
0.24099882074641793
88.38679262121293
0.3811428581200092
0.48927057470438773
4.4485952089576895
40.150211531478966
174.1192631624059
10.399447854964766
0.40428617997180805
4.406889220212852
35.14422008045851
0.1481426298044309
0.23146292585170342
19.772034950499457
0.34879288790678425
1.2569802676155606
0.20473573630683192
6.142857142857143
0.4387755102040816
0.923469387755102
4.642857142857143
38929.28571428572
157572.7142857143
9799.539682539684
0.5654761904761905
1.2857142857142858
0.09183673469387756
0.15740474839744054
0.2019102496491822
0.15245963715862249
3.6644977792004574
0.014028056112224449
33847.63265306123
3.348764069951508
231.84769539078155
0.23231232003084326
3.8557636314713593
575.0901803607214
0.2610350962445934
4.56312625250501
54.95390781563126
251.32264529058116
14.200623469160544
0.2984858606101091
0.03080588883107611
0.12196369843491467
0.01421280252531462
