1.0
1.0
1.0
40.0
30.0
1.0
232.91333333333333
154.0
255.0
1.0
1.0
1.0
40.0
30.0
1.0
0.0
0.0
0.0
40.0
30.0
1.0
920.0
1.0
20.658695652173915
17.479347826086958
0.0
20.658695652173915
17.479347826086958
0.0
0.6287007042505387
0.0
0.0
45.61532394035197
40.0
30.0
49.4064773081425
49.4064773081425
885.1666666666666
28.678386285915746
0.23419118046470572
1903.6931891750096
2.1506607296272
920.0
232.0
254.0
55249397.0
1.1407631043339346
11.0
3.1405020482170816
255.0
7.0310727788279745
244.9076086956522
247.0
220.0
35.0
5.118463999999998
245.0585489047553
-0.9475907916516798
55249397.0
0.4933199432892249
73.95559428166351
5.81788502585648
2.368437954394282
1.5692638640985646
0.21408087540040222
0.9646668008543933
0.13124964747505802
0.7606081433772959
0.13124964747505802
0.5582248081072511
0.11360871701818656
0.3963694197531961
1.6705206096878022
-0.47361462240809105
0.8015190259028306
0.9343751762624709
0.9868750352524942
0.9343751762624709
0.9671875881312355
0.13124964747505802
0.5246171442455901
1.5392709622127447
0.2739791120823628
70.34459236983199
0.41532975151358076
0.4305970115598992
4.913046521800181
58.05298767824456
341.7353714811807
11.647509272902482
0.3339584382511462
4.411466529410674
20.054949471262105
0.11696275302931569
0.18288043478260868
25.187808331104627
0.2897699797173662
0.9422158960088751
0.17811515529789101
12.368421052631579
0.6509695290858726
0.5484764542936288
2.4210526315789473
18945.36842105263
91446.84210526316
4304.035087719299
0.8201754385964912
4.052631578947368
0.21329639889196675
0.4057060236861654
0.5110024596775123
0.3940063466617107
2.655050539417772
0.020652173913043477
16600.770083102492
3.153975743360621
288.9826086956522
0.3141115311909263
3.5508081285444235
453.85434782608695
0.29080812854442345
5.752173913043478
60.356521739130436
361.1347826086957
11.866062801932367
0.22379227053140097
0.032368924723673684
0.13069552448596186
0.01623064987423669
