1.0
1.0
1.0
40.0
30.0
1.0
219.24416666666667
86.0
251.0
1.0
1.0
1.0
40.0
30.0
1.0
0.0
0.0
0.0
40.0
30.0
1.0
993.0
1.0
19.550855991943607
14.678751258811682
0.0
19.550855991943607
14.678751258811682
0.0
0.7020759479585307
0.0
0.0
48.70245905151515
40.0
30.0
49.4064773081425
49.4064773081425
943.5
34.192825106504024
0.22351026342676608
2081.363449648107
2.2060025963413956
993.0
217.0
245.0
54792380.0
0.8309945525374176
10.0
5.4708861193673775
251.0
8.934288255451813
234.57603222557904
238.0
191.0
60.0
5.088883938516372
234.90132058566687
-1.6824095832149633
54792380.0
0.7133915251676135
152.71551819432906
8.3623213131476
2.8742957359521752
2.9640178298352535
-0.9325630932617042
0.5647189259239508
0.16178093893767964
0.5545738023328375
0.1450911011836341
0.6162979024863219
0.14043518102856367
0.6631712940530057
1.2425061319971813
-0.2634375336097174
0.5532739158067002
0.9291234331835876
0.9907780007287372
0.9302360890338572
0.971538107688408
0.13048749314884428
0.8105385520620562
1.0773626369014018
0.1816249662154076
72.92295886340594
0.35543821750097926
0.6103071704704512
6.2443275413915185
65.77117245037647
585.2360012309666
7.655115004094364
0.29231852464365005
4.042221745138715
50.355983077618205
0.24457912912026294
0.20568982880161127
40.86482006688842
0.5075365644230939
2.2387811877093546
0.21647809364320664
14.0
0.4666666666666667
0.9066666666666666
3.466666666666667
23083.166666666668
207182.63333333333
2582.5835648148145
0.7016203703703704
5.733333333333333
0.19111111111111112
0.40633563110694293
0.599725482408736
0.38844250445147577
3.1459265481648324
0.030211480362537766
21987.556666666667
2.480934932547191
347.84994964753275
0.3503020640962062
5.082802173117158
708.3977844914401
0.23590105562705302
8.260825780463243
59.171198388721045
524.9577039274925
6.913512644064004
0.15600173436276155
0.042326505524816316
0.2134216513896596
0.019648028407567738
