1.0
1.0
1.0
40.0
30.0
1.0
228.9025
110.0
255.0
1.0
1.0
1.0
40.0
30.0
1.0
0.0
0.0
0.0
40.0
30.0
1.0
973.0
1.0
18.702980472764647
13.745118191161357
0.0
18.702980472764647
13.745118191161357
0.0
0.7736652567884326
0.0
0.0
45.096253731574606
40.0
30.0
49.4064773081425
49.4064773081425
923.3333333333334
34.88940472343498
0.22441927885291094
2043.288253090026
2.2129475665234937
973.0
224.0
249.0
54702388.0
0.9063776669600017
11.0
2.714639840973596
255.0
6.862134781970342
236.94347379239466
238.0
216.0
39.0
4.755951109528895
237.10828138584105
-0.2848433308804383
54702388.0
0.6668233464909178
78.12732893996065
4.164703557948454
2.0119637453907577
1.9671544947215753
0.14768668870094873
0.5810091787094842
0.11422781465990382
0.6710303020681758
0.11422781465990382
0.5110499202941684
0.10096777394340348
0.6020971935154289
1.3430011764157295
-0.40089155659936726
0.697875366696612
0.9428860926700481
0.9885772185340096
0.9428860926700481
0.9714430463350241
0.11422781465990382
0.7689236089546733
1.228773361755826
0.17380924834234698
76.33849975460197
0.4185408889439909
0.41732209730599995
3.5223621496292816
66.19862062097913
273.0507113111156
17.310009904157685
0.5009254745367704
4.32652592340636
27.082219025081624
0.14580641574391415
0.1867934224049332
35.04246211792993
0.3668786864368293
0.8491346533755404
0.27760359042271837
15.181818181818182
0.6900826446280992
0.4896694214876033
2.227272727272727
28130.31818181818
113051.90909090909
7083.051767676767
0.8446969696969696
4.090909090909091
0.1859504132231405
0.418111069266975
0.7821545015641397
0.3776617681199816
3.2025459616189647
0.022610483042137718
26174.26652892562
2.8389353314318884
322.21274409044196
0.3311538993735272
3.9416432791221148
648.8191161356629
0.1949301225588315
4.121274409044193
60.276464542651595
257.9383350462487
16.015730272924518
0.3178885463058125
0.034555360246949836
0.10598957730479044
0.02035113713370088
