1.0
1.0
1.0
40.0
30.0
1.0
247.46916666666667
215.0
255.0
1.0
1.0
1.0
40.0
30.0
1.0
0.0
0.0
0.0
40.0
30.0
1.0
950.0
1.0
18.569473684210525
11.849473684210526
0.0
18.569473684210525
11.849473684210526
0.0
0.650957841079859
0.0
0.0
46.348482355733964
40.0
30.0
49.4064773081425
49.4064773081425
914.6666666666666
30.17090801161652
0.2321045713718673
1963.2502673189697
2.1464106421125764
950.0
246.0
255.0
60105380.0
0.9009142482329293
6.0
2.4435336752631005
255.0
3.235191135734071
251.50526315789475
253.0
242.0
13.0
2.6634818388988015
251.53294228118824
-0.7632998039769985
60105380.0
0.5670936288088643
13.923656509695293
3.0494584832394627
1.6967541536839152
1.0795877474809907
-0.5682399792352951
0.7634790978614723
0.08160795562456669
0.8065423989547611
0.08160795562456669
0.4046283135806878
0.074601238991263
0.5028552342657175
1.2787337861511903
-0.5550235261021597
0.788453069270492
0.9591960221877167
0.9836784088750866
0.9591960221877167
0.9727973481251445
0.08160795562456669
0.655950175871632
1.1971258305266241
0.2112717633715097
64.15226705226304
0.5012791410318335
0.24936042948408324
2.4492335770088163
116.3568561343964
413.90811271162613
41.96904199008897
0.6376916057477959
4.606983936115434
11.691028775798472
0.08765523263006564
0.13473684210526315
52.47014100039556
0.15787976986603308
0.3378545163424173
0.11288608324693705
2.0
0.5
0.25
2.5
124330.5
431591.25
47515.3125
0.625
1.0
0.25
0.013089883464765794
0.022350973778712552
0.010774610886279104
1.9999999999999987
0.004210526315789474
67924.25
2.603961289306138
391.5978947368421
0.4122083102493075
2.3770903047091414
538.738947368421
0.21645318559556784
3.0494736842105263
65.13684210526316
207.9778947368421
29.42657894736842
0.4876315789473684
0.019169661090557077
0.05397536383949291
0.010468235403323123
