1.0
1.0
1.0
40.0
30.0
1.0
244.86416666666668
167.0
255.0
1.0
1.0
1.0
40.0
30.0
1.0
0.0
0.0
0.0
40.0
30.0
1.0
1045.0
1.0
21.39425837320574
14.149282296650718
0.0
21.39425837320574
14.149282296650718
0.0
0.8149595576895838
0.0
0.0
44.37558209691362
40.0
30.0
49.4064773081425
49.4064773081425
1002.9166666666666
36.164304757918536
0.22383048370557007
2164.751870748257
2.158456372993692
1045.0
243.0
255.0
65934028.0
0.7985237652450756
5.0
6.756012745866237
255.0
4.165851514388404
251.12153110047848
253.0
227.0
28.0
2.549358714073865
251.18671070811774
-1.9914031781579833
65934028.0
0.6330193905817174
32.74025411506147
3.27920499154344
1.7699385292101786
1.1595102999967264
-0.6657346966345873
0.6472979286693228
0.061221192174191155
0.8270268283679844
0.061221192174191155
0.3306354747514533
0.057344501188460885
0.5883959383897821
1.092219320776651
-0.596114524727748
0.7762750228090288
0.9693894039129045
0.9877557615651618
0.9693894039129045
0.9795929359419363
0.061221192174191155
0.739327933123083
1.0309981286024603
0.17712978021087852
63.17949053346844
0.5038281934948915
0.24808590325255425
2.606336715611066
157.02952763304154
581.7036293321391
50.861002208267124
0.5984158210972335
4.574068288539839
11.045667375338008
0.0863769222351267
0.11985645933014354
73.34383875318598
0.17431145050718894
0.39991905123612903
0.11790955032495393
2.6
0.52
0.24
2.2
136929.8
511392.2
43314.2
0.7
1.4
0.28
0.1080036253725624
0.2580045867569559
0.07050338502646401
2.321928094887361
0.004784688995215311
93248.8
2.3104237214786654
493.15885167464114
0.47192234610013506
2.3131393512053293
661.5052631578948
0.1834903047091413
3.2736842105263158
66.9732057416268
228.2382775119617
26.656937799043064
0.43157894736842106
0.019137932614123093
0.05737323859191028
0.009579106119676295
