1.0
1.0
1.0
40.0
30.0
1.0
223.87
137.0
255.0
1.0
1.0
1.0
40.0
30.0
1.0
0.0
0.0
0.0
40.0
30.0
1.0
862.0
3.0
17.112529002320187
11.53828306264501
0.0
17.112529002320187
11.53828306264501
0.0
0.63125863358111
0.0
0.0
47.9926538601354
40.0
30.0
48.60041152089147
48.60041152089147
820.25
30.295777097680254
0.23592102072250848
1796.1736128451746
2.189788007126089
862.0
223.0
252.0
49774033.0
1.172225518672315
15.0
2.7171816336710157
255.0
9.049286448716362
240.04524361948955
243.0
212.0
43.0
6.626622348844572
240.29668678492922
-0.8124854297530308
49774033.0
0.5373167672439318
120.77869547429222
4.589001260512598
2.093587107978051
3.2263835371651854
0.18486574326110258
0.956213128697678
0.13275215311179595
0.7560136455248402
0.13275215311179595
0.5625105952296026
0.11474551364475169
0.45767818326101917
1.713606482245908
-0.46275526568092085
0.8001243178148597
0.9336239234441019
0.9867247846888204
0.9336239234441019
0.966811961722051
0.13275215311179595
0.6525950182878094
1.5808543291341124
0.2722413204523685
65.08884593750403
0.3808704136207797
0.4906459592104919
3.936295367124079
57.71126338642946
261.3652040563981
14.918132302034863
0.47056745621495033
4.404467728085436
24.418239770025544
0.14099271574936234
0.19779582366589327
29.72394411192375
0.349382848552374
1.0465348377031851
0.23257596765050403
5.285714285714286
0.37755102040816324
0.7397959183673469
3.9285714285714284
26710.0
111804.85714285714
6681.920634920635
0.5853174603174603
1.7142857142857142
0.12244897959183673
0.185979871149484
0.8339238468811033
0.105718816515625
3.8073549220575997
0.016241299303944315
22918.95918367347
3.2309995658156385
268.1856148491879
0.31112020284128533
3.8650254897421954
463.1670533642691
0.2962031858140299
4.522041763341067
58.88631090487239
277.19721577726216
15.7200309358082
0.3167053364269142
0.02960586274339589
0.1184686080756957
0.01381153456621733
