1.0
1.0
1.0
40.0
30.0
1.0
251.03333333333333
229.0
255.0
1.0
1.0
1.0
40.0
30.0
1.0
0.0
0.0
0.0
40.0
30.0
1.0
928.0
7.0
15.607758620689655
13.59698275862069
0.0
15.607758620689655
13.59698275862069
0.0
0.8327512448678129
0.0
0.0
40.454805151386935
40.0
30.0
49.4064773081425
49.4064773081425
879.1666666666666
33.68878935070228
0.2294465334233606
1934.2685312466328
2.2001158649250803
928.0
250.0
255.0
59852447.0
0.32881223775612145
1.0
4.81845949759279
255.0
1.4741193519619442
253.95366379310346
255.0
248.0
7.0
1.0496354473529175
253.96096419766346
-1.7579983451634784
59852447.0
0.8865933412604043
3.7079822662752684
3.8624100073566057
1.9610861046498922
0.276011387634595
-0.1602685939482174
0.10786272079371603
0.04169661318614202
0.4354754907120675
0.04169661318614202
0.24970897256464908
0.03994122365689956
0.8852791093531713
0.4197415344518347
-0.22517484628454632
0.31448272764615526
0.979151693406929
0.9916606773627716
0.979151693406929
0.9861011289379527
0.04169661318614202
0.9402377980568212
0.378044921265693
0.03738983349496451
59.399996737783
0.5345890516212601
0.23270547418936993
2.882920662882495
191.94325424269445
764.8585681767106
48.71442575919039
0.5292698342793762
3.850207563125629
21.14525129944977
0.18646679233545543
0.11907327586206895
112.31408012787519
0.4199875272140878
0.8163370194220677
0.3209001541620927
11.631578947368421
0.6121883656509696
0.19390581717451522
1.7894736842105263
38411.26315789474
153580.63157894736
9618.921052631578
0.8026315789473685
2.6842105263157894
0.14127423822714683
0.2802416398413841
0.32074489966099107
0.2701158248864823
3.3660913291191887
0.020474137931034482
36025.711911357335
1.5863183967986971
526.6875
0.5675511853448276
3.400769173602854
822.7586206896551
0.05670332936979786
3.8189655172413794
68.16163793103448
270.46120689655174
17.58674568965517
0.2952586206896552
0.027521268684676935
0.07621833623296062
0.015347001797606018
