1.0
1.0
1.0
40.0
30.0
1.0
234.95
181.0
247.0
1.0
1.0
1.0
40.0
30.0
1.0
0.0
0.0
0.0
40.0
30.0
1.0
1050.0
2.0
20.417142857142856
15.443809523809524
0.0
20.417142857142856
15.443809523809524
0.0
0.7338979184478873
0.0
0.0
44.28969721705662
40.0
30.0
48.25971404805462
48.25971404805462
1011.1666666666666
32.50411659628504
0.22415056974185268
2173.4989786249475
2.1494962702735596
1050.0
232.0
242.0
59211005.0
-3.203426503814917e-16
5.0
2.6957262144808163
247.0
3.205570975056689
237.4352380952381
238.0
228.0
19.0
2.3089962723573065
237.46880496884918
-0.3352252586638403
59211005.0
1.0
15.941043990929709
1.0
1.0
0.0
0.0
0.0
0.0
1.0
0.0
-3.203426503814917e-16
0.0
1.0
-3.203426503814917e-16
0.0
0.0
1.0
1.0
1.0
1.0
0.0
1.0
-3.203426503814917e-16
0.0
62.0
1.0
0.0
1.0
442.4769230769231
442.4769230769231
442.4769230769231
1.0
4.2342366986308475
4.437264957264957
0.07853207685002557
0.05904761904761904
101.81255752794215
0.07362050913528703
0.07362050913528703
0.07362050913528703
2.0
1.0
0.0
1.0
549154.0
549154.0
549154.0
1.0
1.0
0.5
0.1250004552473632
0.1250004552473632
0.1250004552473632
0.9999999999999993
0.0019047619047619048
273529.0
0.9974288484391508
721.8590476190476
0.6874848072562358
1.2378086167800455
1050.0
0.0
1.0
73.95809523809524
73.95809523809524
73.95809523809524
1.0
0.015285039262618628
0.015285039262618628
0.015285039262618628
