1.0
1.0
1.0
40.0
30.0
1.0
224.28083333333333
150.0
254.0
1.0
1.0
1.0
40.0
30.0
1.0
0.0
0.0
0.0
40.0
30.0
1.0
901.0
1.0
19.44284128745838
12.320754716981131
0.0
19.44284128745838
12.320754716981131
0.0
0.7062001021197281
0.0
0.0
46.79415375241884
40.0
30.0
49.4064773081425
49.4064773081425
859.0
33.04603615856444
0.23199345821560596
1883.6656937961175
2.192858782067657
901.0
222.0
246.0
49729054.0
0.7494471119364654
12.0
2.5481645603612106
254.0
6.960575313408087
234.7746947835738
235.0
214.0
40.0
5.3123722740124855
234.9322853299309
-0.2618537322600286
49729054.0
0.7181082555946593
74.02137962382407
3.7327825410280893
1.914663461587769
1.0538728412085843
-0.2585671448079131
0.37959778830931656
0.11225330336378225
0.5398216088225034
0.11225330336378225
0.5043449778715758
0.09933147808398227
0.6706963550248409
1.1048778110235915
-0.281796376831531
0.5439805790713074
0.9438733483181089
0.9887746696636218
0.9438733483181089
0.9719366741590544
0.11225330336378225
0.813618001959204
0.9926245076598099
0.1229627729182747
69.30744800081152
0.43164575943098116
0.3921728386674203
3.022509754450242
87.38561127482954
345.05535434788544
23.556244904228976
0.5824838241155325
4.040556375253643
29.14960858598088
0.17595590680401751
0.17869034406215317
52.647952048862635
0.41402313800650503
0.9369020997663208
0.33743879758650447
7.166666666666667
0.5972222222222222
0.576388888888889
2.5833333333333335
47707.416666666664
189699.66666666666
12242.6875
0.7893518518518517
1.6666666666666667
0.1388888888888889
0.2073613731750793
0.2279379457724311
0.20507502609341396
3.2516291673878195
0.013318534961154272
42069.90972222221
2.4380832670348513
339.45504994450613
0.3767536625355229
4.06301297978199
647.015538290788
0.15194364136038266
3.72031076581576
61.37513873473918
240.00887902330743
17.446756690097423
0.34951905290418056
0.029344993937477155
0.08657049664729624
0.017051708805659073
