1.0
1.0
1.0
40.0
30.0
1.0
205.505
143.0
243.0
1.0
1.0
1.0
40.0
30.0
1.0
0.0
0.0
0.0
40.0
30.0
1.0
692.0
4.0
21.247109826589597
18.251445086705203
0.0
21.247109826589597
18.251445086705203
0.0
0.5635085729473268
0.0
0.0
49.65269007174318
40.0
30.0
48.60041152089147
48.60041152089147
635.5
27.979716525323905
0.24003612262864985
1489.193818645473
2.3433419648237184
692.0
206.0
236.0
34160911.0
0.9917353107296282
20.25
1.6962173017898967
243.0
10.02627050686625
221.89739884393063
221.0
203.0
40.0
8.667471845175125
222.1834339542429
-0.00608923985305363
34160911.0
0.5057176985532427
127.02270999699286
2.404309657838346
1.485157484278696
0.8995476450523445
0.05061500060523372
0.8963640462907189
0.10232558999548395
0.7951030989213566
0.10232558999548395
0.4743519632423019
0.09160563971502522
0.40904954214187333
1.4733084661600124
-0.5253222297875744
0.8048430723133523
0.9488372050022581
0.9795348820009032
0.9488372050022581
0.9658914700015053
0.10232558999548395
0.4636797207235619
1.370982876164529
0.24967240907155072
86.37634765197956
0.5693044751875876
0.21534776240620618
1.9497806145586174
38.51706120887219
99.86920373197178
23.17902557809729
0.7625548463603457
4.043896458757676
19.50215267599018
0.12473661058497196
0.21929190751445085
15.39032865809451
0.2740794729849346
0.432322601946546
0.2345186907445318
4.555555555555555
0.5061728395061729
0.24691358024691357
2.3333333333333335
19057.11111111111
34565.444444444445
15180.027777777777
0.6666666666666666
1.6666666666666667
0.18518518518518517
0.09371758288727829
0.2604129240046515
0.05204374760793498
2.9477027792200867
0.01300578034682081
13145.209876543207
3.304304517393595
171.95664739884393
0.24849226502723112
3.3500534598549905
349.9566473988439
0.24714115072337867
2.3395953757225434
55.84971098265896
140.22687861271677
34.75541907514451
0.6651011560693642
0.027212509803214803
0.05723461277574614
0.019706984060081964
