1.0
1.0
1.0
40.0
30.0
1.0
228.82583333333332
92.0
255.0
1.0
1.0
1.0
40.0
30.0
1.0
0.0
0.0
0.0
40.0
30.0
1.0
1033.0
1.0
19.08131655372701
13.875121006776379
0.0
19.08131655372701
13.875121006776379
0.0
0.7289694559802024
0.0
0.0
46.315698188450746
40.0
30.0
49.4064773081425
49.4064773081425
990.5
33.76272931177818
0.22372513993754914
2147.858446430486
2.1684588050787337
1033.0
225.0
247.0
58647494.0
0.6875574238113141
10.0
4.8280207188528275
255.0
6.899409515045134
238.09293320425945
240.0
205.0
50.0
4.347457042787648
238.2728552172863
-1.3394958018572756
58647494.0
0.7595626981442036
85.70869158992363
3.930784235447832
1.9703799696295667
0.8792940858258929
-0.12378603760441263
0.3211303524447479
0.127623159356549
0.4291011673312406
0.127623159356549
0.5476236431006589
0.11084234436050928
0.6834184565818997
1.1139970714454792
-0.19165828191827128
0.44562924019683925
0.9361884203217254
0.9872376840643451
0.9361884203217254
0.9680942101608627
0.127623159356549
0.8231124837138875
0.986373912088931
0.11218837795032421
77.74374352270534
0.405766574945552
0.44111195515682555
3.68547267268343
76.72439052670742
305.6043896588769
20.027809008820178
0.48556882951753433
4.168356534643647
34.00054208663321
0.17114791146779068
0.18489835430784124
43.783478793175696
0.3996294183843717
1.3568192545363575
0.2693259250651351
8.11111111111111
0.4506172839506173
0.941358024691358
5.166666666666667
44527.61111111111
177844.27777777778
11213.814814814814
0.5138888888888888
1.7777777777777777
0.09876543209876543
0.16273173377922812
0.9391139724900364
0.0764670116262936
3.947702779220085
0.017424975798644726
41234.126543209866
2.4312217666621763
352.6999031945789
0.34143262651943745
4.00368104253722
784.6282671829622
0.13151480335754562
3.913843175217812
60.56631171345595
241.08131655372702
16.152845003764657
0.31563945358717865
0.029712883450321793
0.11595663189086182
0.013866370165003363
