1.0
1.0
1.0
40.0
30.0
1.0
220.05
138.0
255.0
1.0
1.0
1.0
40.0
30.0
1.0
0.0
0.0
0.0
40.0
30.0
1.0
817.0
1.0
16.774785801713588
14.104039167686658
0.0
16.774785801713588
14.104039167686658
0.0
0.7803348246856663
0.0
0.0
43.896342623654235
40.0
30.0
49.4064773081425
49.4064773081425
776.4166666666666
34.25384482557117
0.2389785388863593
1709.444961825958
2.2017108019653855
817.0
223.0
251.0
47419753.0
1.1217603966182217
11.0
3.7374247849176996
255.0
8.1711009469819
240.68421052631578
244.0
209.0
46.0
5.235548452065298
240.91764846414483
-1.2074996312673079
47419753.0
0.5626175112998116
112.42414481736775
4.50444419873786
2.083993797221777
2.5867106221935448
0.20185831464363016
0.8111806364738416
0.16564098390968382
0.6599843514524135
0.16564098390968382
0.6436560789761256
0.13745197196686376
0.46779706572608004
1.7216149365785363
-0.3499972130946739
0.7147130469928519
0.917179508045158
0.9834359016090315
0.917179508045158
0.958589754022579
0.16564098390968382
0.6658900062395638
1.5559739526688532
0.24420540509588132
69.71602668230852
0.3687748963691784
0.5162094850764426
4.12854635169171
42.50599199012503
184.35941660989604
11.123835053330172
0.4553557010107396
4.251060416617796
33.68704194159791
0.1731639340043112
0.2310281517747858
21.929560966179086
0.39885147354849837
1.301509932518111
0.2633618298833052
8.11111111111111
0.4506172839506173
0.941358024691358
4.722222222222222
19821.722222222223
80563.22222222222
4987.458333333333
0.5632716049382717
1.6666666666666667
0.09259259259259259
0.1128853745342747
0.8126696509056663
0.035131499774853275
3.8365916681089742
0.022031823745410038
17761.57098765432
3.2945958493282532
206.81640146878826
0.25314125026779466
4.297649848911368
459.65850673194615
0.27445845549514675
4.462668298653611
55.44553243574052
253.5642594859241
14.453862369101046
0.31385148918808653
0.0333264848166929
0.13681039916760032
0.0158454950677351
