1.0
1.0
1.0
40.0
30.0
1.0
253.1125
217.0
255.0
1.0
1.0
1.0
40.0
30.0
1.0
0.0
0.0
0.0
40.0
30.0
1.0
1135.0
1.0
19.34625550660793
15.269603524229074
0.0
19.34625550660793
15.269603524229074
0.0
0.7064345654672185
0.0
0.0
46.74519534550844
40.0
30.0
49.4064773081425
49.4064773081425
1099.1666666666667
33.0224217615845
0.2209111819353603
2331.5359964821673
2.1211851370573167
1135.0
253.0
255.0
73393161.0
0.2984382993156375
0.0
14.700503149863358
255.0
1.1032575831085365
254.28281938325992
255.0
244.0
11.0
0.3008334251950706
254.29034188023792
-3.4501740985661913
73393161.0
0.8998622135108387
3.825740068699179
3.8630242931272063
1.9587121617643777
0.39859823156838914
-0.21803898311260358
0.13207411537521874
0.02622438433185397
0.6619414310806121
0.02622438433185397
0.1737905928400854
0.025494713096912397
0.8953560370495512
0.3831800111458699
-0.44865585663254803
0.4428843856197926
0.986887807834073
0.9947551231336291
0.986887807834073
0.9912585385560486
0.02622438433185397
0.9455999695984507
0.35695562681401627
0.03957462492676818
45.48991427976175
0.5450931560031198
0.2274534219984401
2.9276644506066334
397.33542782859206
1581.827374301342
101.21244121040459
0.5180838873483415
3.7892053760975593
10.159133437925243
0.13785746486133246
0.07334801762114537
166.74923970392322
0.22550921846215247
0.3070360199215181
0.20512751809731108
3.4
0.68
0.16
1.6
231507.0
924882.0
58163.25
0.85
1.0
0.2
0.20570768755379887
0.20570820675336615
0.20570755775390698
2.321928094887361
0.004405286343612335
179978.00000000003
1.1736225602664596
774.1718061674009
0.6820896970637893
1.8407063983387997
1021.3436123348017
0.05006889324458073
3.841409691629956
72.62290748898678
285.83964757709253
19.318722466960352
0.289647577092511
0.01763806879416802
0.05896527701470537
0.007306266739033679
