1.0
1.0
1.0
40.0
30.0
1.0
212.11666666666667
149.0
251.0
1.0
1.0
1.0
40.0
30.0
1.0
0.0
0.0
0.0
40.0
30.0
1.0
702.0
2.0
23.044159544159545
15.94017094017094
0.0
23.044159544159545
15.94017094017094
0.0
0.7551741804550635
0.0
0.0
41.654356578234044
40.0
30.0
49.4064773081425
49.4064773081425
647.6666666666666
31.456294591350872
0.2402187420752677
1506.9942664344153
2.3268053521890097
702.0
214.0
242.0
36877487.0
0.9738136091658774
20.0
1.701457489702043
251.0
9.604146881924658
228.94444444444446
230.0
209.0
42.0
8.076513578286592
229.19867530928875
-0.20863408753153148
36877487.0
0.5262010860301458
116.47412155745492
2.933126497155639
1.6694899200079165
0.9391127332419452
-0.44051589720894563
0.7360063456151593
0.15311650126201115
0.6540898979769648
0.1522588683289065
0.6128470319122458
0.12893092902471376
0.4291996727774568
1.518014205259588
-0.35278623885096105
0.6843995359698443
0.9239563291288572
0.9847279329322499
0.9240135046577308
0.9619781645644286
0.15150843951243997
0.5925743145471213
1.3619566935800245
0.22228071171929265
94.18193290359622
0.5245998968514902
0.24834844438492698
2.1869584138003026
39.01135545522557
135.65045307253337
14.857999342853084
0.7096786885043873
3.6843895843972625
38.41223637280999
0.20591202555385357
0.25605413105413105
22.02040479593969
0.4386937662566697
0.8400930564761508
0.34476223565626235
6.428571428571429
0.45918367346938777
0.3928571428571429
2.642857142857143
12503.857142857143
45780.642857142855
4184.7400793650795
0.6686507936507936
1.1428571428571428
0.08163265306122448
0.17851521548663163
0.8231351646175656
0.09672530756897753
3.8073549220575997
0.019943019943019943
9989.551020408164
3.3052139876834747
164.92307692307693
0.23493315801008108
4.567454809620052
369.3931623931624
0.23853093724888597
2.8618233618233617
52.89173789173789
169.7962962962963
23.667181069958847
0.5361269389047166
0.03584025126353168
0.09235171470455862
0.023295164763832095
