1.0
1.0
1.0
40.0
30.0
1.0
243.36083333333335
193.0
255.0
1.0
1.0
1.0
40.0
30.0
1.0
0.0
0.0
0.0
40.0
30.0
1.0
1078.0
1.0
20.602040816326532
14.742115027829314
0.0
20.602040816326532
14.742115027829314
0.0
0.7677789502833875
0.0
0.0
46.34873711418459
40.0
30.0
49.4064773081425
49.4064773081425
1031.6666666666667
35.58558472848933
0.2207371708226779
2236.839989573014
2.1681809268882204
1078.0
241.0
255.0
65772550.0
0.9278744220755125
10.0
2.373524602061767
255.0
4.777971299837187
246.9443413729128
245.0
230.0
25.0
4.351719967750606
247.00910351051567
-0.10201722175647977
65772550.0
0.5491547943177946
31.989480966952478
1.979588791998636
1.3462437936384242
0.9768173887457055
0.44766815344823463
0.787147334064525
0.11828517783327373
0.7386867714758529
0.11828517783327373
0.5133321891661486
0.10281046582927081
0.4444732782218299
1.434136358924769
-0.45897626615965426
0.7482060178566808
0.9408574110833632
0.9763429644333452
0.9408574110833632
0.9605716073889088
0.11828517783327373
0.594613617444939
1.315851181091496
0.22635812797444965
97.23206220862471
0.5131313042433905
0.2434343478783048
2.263587194055944
84.17980769230769
146.04045381701633
68.71464616113053
0.684103201486014
4.269296151813105
24.935869512432014
0.12258897085104242
0.17625231910946196
40.580779434416996
0.2965517160961149
0.6336789175212243
0.2122699157398376
5.8
0.58
0.20999999999999996
3.1
49034.0
61875.2
45823.7
0.475
1.0
0.1
0.11136882188922177
0.4264931337673271
0.032587743919695426
3.3219280948873595
0.00927643784786642
37413.16
2.9160156400443933
394.0779220779221
0.365563935137219
3.4348532464090376
591.9888682745826
0.2254226028411027
2.0296846011131726
61.042671614100186
118.99443413729128
46.55473098330241
0.7425788497217068
0.02455063251680113
0.05436898734791107
0.017096043809023645
