1.0
1.0
1.0
40.0
30.0
1.0
222.52833333333334
128.0
255.0
1.0
1.0
1.0
40.0
30.0
1.0
0.0
0.0
0.0
40.0
30.0
1.0
925.0
1.0
19.644324324324323
12.61945945945946
0.0
19.644324324324323
12.61945945945946
0.0
0.717209978301156
0.0
0.0
45.7743336252778
40.0
30.0
49.4064773081425
49.4064773081425
871.8333333333334
32.82980882613536
0.22523726796175683
1959.4439878671565
2.2474983611552166
925.0
221.0
250.0
52029233.0
1.034965204369141
13.0
3.3563832484214084
255.0
8.417619868517162
236.9156756756757
239.0
206.0
49.0
5.643859110090423
237.1662274849846
-0.7924314201107077
52029233.0
0.60550942293645
118.78207859751643
4.135412449990136
2.006000822972409
2.024661568481603
0.06698017492630386
0.6586347582504339
0.2131525700922251
0.5113255236350543
0.2076089552325185
0.7422878910081809
0.1680279142388152
0.481684522212821
1.7296006863258002
-0.22497722187066815
0.5755106635726763
0.8967498838697114
0.9789406021381486
0.8971194581936919
0.9483749419348558
0.2027582922302752
0.680981886666981
1.5030775107447185
0.21794683208566473
101.68214144411473
0.39282256760152306
0.46589677543450747
3.8444808467402787
34.49505281192596
142.21150999717395
9.206792494858147
0.4733590949293224
3.954728602259002
58.71004319828822
0.21849299459110189
0.2794594594594595
20.331895522717467
0.44652697514873657
1.472387788368698
0.2787313448314159
15.3125
0.478515625
0.7880859375
3.53125
14421.78125
58039.46875
3635.6579861111113
0.6796875
3.75
0.1171875
0.2535622925308011
1.1172603690926073
0.1567573948665255
3.98033779740341
0.034594594594594595
13586.2099609375
3.4241025439015673
173.84972972972972
0.18794565376186997
4.770402921840759
560.0962162162162
0.2400981738495252
4.115675675675676
50.52648648648648
212.61513513513515
13.801321321321321
0.3375975975975976
0.043757403151450776
0.1623742473766283
0.023052100943536134
