1.0
1.0
1.0
40.0
30.0
1.0
223.72333333333333
149.0
255.0
1.0
1.0
1.0
40.0
30.0
1.0
0.0
0.0
0.0
40.0
30.0
1.0
738.0
3.0
21.001355013550135
13.508130081300813
0.0
21.001355013550135
13.508130081300813
0.0
0.6190030664875065
0.0
0.0
48.202971848665975
40.0
30.0
49.4064773081425
49.4064773081425
685.0
29.83778738813519
0.237925825950306
1579.4392266279935
2.3057506958072898
738.0
225.0
253.0
42872072.0
1.1973296904143265
15.0
2.2783073942292074
255.0
8.347302090907087
240.8130081300813
242.0
219.0
36.0
6.522512943786983
241.02331522569517
-0.563233641499027
42872072.0
0.5150153127547535
101.33359772622116
4.953881438141897
2.185514591568081
2.5069744201426927
0.21299330623122148
0.9060841583029479
0.19652894177840682
0.6433529631379993
0.195739052362925
0.7141143840964733
0.1578264518133588
0.3958855008673847
1.8818658932272418
-0.3159040046125914
0.7093862208938757
0.9022094627600857
0.9803835622567201
0.9022621220544511
0.9511047313800429
0.1950478991243784
0.592437875767503
1.6825741695720289
0.27565327502033865
81.80624912428192
0.3828320346545734
0.48549829093007446
4.546616225304749
27.28030334874597
128.3279494185232
6.705293423940964
0.39204614450516095
4.044845663378418
50.67998458736164
0.23261141499768076
0.28895663956639567
14.723252140904343
0.48088358192269637
1.8558257415071853
0.24639170272250854
13.606060606060606
0.4123048668503214
0.7897153351698807
3.878787878787879
7408.727272727273
30879.696969696968
1842.3316498316499
0.617003367003367
7.545454545454546
0.22865013774104684
0.46439704613990146
1.6392041386700473
0.3146657980797413
3.6016777413452115
0.044715447154471545
6908.5950413223145
3.7588490412845643
138.2439024390244
0.18732236102848834
5.171165017883241
380.0813008130081
0.3088108929869786
4.880758807588076
49.90514905149052
250.16531165311653
11.953929539295393
0.28876844323998796
0.05536677351609118
0.22491434869390894
0.027893377643918926
