1.0
1.0
1.0
40.0
30.0
1.0
238.4575
154.0
255.0
1.0
1.0
1.0
40.0
30.0
1.0
0.0
0.0
0.0
40.0
30.0
1.0
1063.0
2.0
19.066792097836313
13.657572906867356
0.0
19.066792097836313
13.657572906867356
0.0
0.7081001180854922
0.0
0.0
46.00080229242352
40.0
30.0
49.4064773081425
49.4064773081425
1017.5
32.573173535292476
0.2212120614330419
2211.557660198179
2.173521041963812
1063.0
232.0
253.0
63219107.0
1.0007651691257744
11.0
3.2940645098882264
255.0
6.259215960791847
243.73941674506113
245.0
221.0
34.0
4.365570553825436
243.8695327674811
-0.867125437788569
63219107.0
0.5757688927749345
63.445737006944434
5.210609958156867
2.253837085068103
1.28738935611776
0.427327061719309
0.7113436828627848
0.18816833284048184
0.5813656901023507
0.18713740500543027
0.6931515711756222
0.1519958012956425
0.432366078474949
1.6643366245814464
-0.2731388924251133
0.6307856716861036
0.9065343902807901
0.9812307480006465
0.9066031188031267
0.953267195140395
0.18623534314976017
0.6176009771101159
1.4727558619153804
0.2248780039258167
112.88913205021205
0.4378416835197915
0.38786116083712685
5.2911048435495545
41.56032672057445
192.71264457643713
9.76409917184878
0.28742817870643594
4.218941703503256
42.94820143305989
0.1612587841374117
0.24129821260583253
21.95851492003412
0.35263510041046997
1.5690283173105484
0.150084723900467
14.647058823529411
0.43079584775086505
0.8269896193771626
3.9411764705882355
14757.911764705883
61927.26470588235
3610.279411764706
0.6241830065359477
7.294117647058823
0.21453287197231835
0.4591854764572248
1.2018762619207686
0.37644024048648195
3.357797096921695
0.03198494825964252
13780.42993079585
3.3985559410618014
225.87676387582314
0.21248990016540276
3.991390914264019
612.0423330197555
0.2346666147478382
5.201317027281279
53.97083725305738
275.447789275635
11.920298944287655
0.23607191387059687
0.04154905731673526
0.17714641837362796
0.01942074614984142
