1.0
1.0
1.0
40.0
30.0
1.0
224.07333333333332
153.0
255.0
1.0
1.0
1.0
40.0
30.0
1.0
0.0
0.0
0.0
40.0
30.0
1.0
811.0
2.0
20.064118372379777
14.283600493218248
0.0
20.064118372379777
14.283600493218248
0.0
0.7376736926859412
0.0
0.0
43.14485600604721
40.0
30.0
49.4064773081425
49.4064773081425
754.6666666666666
31.826825250384058
0.23116985572804427
1734.0290453469256
2.297741667862534
811.0
221.0
247.0
45253216.0
0.9810763782861207
16.0
1.9712223204481858
255.0
8.430863542444289
236.01726263871763
238.0
218.0
37.0
6.9506063100137165
236.21871200511688
-0.19538461109257207
45253216.0
0.620866598451319
95.13163788293211
3.892345244516682
1.9469166014308454
1.8277154508621576
0.020415256343889562
0.5895491359320153
0.18221600722878722
0.5274429777897934
0.1815037565165365
0.6830062228028375
0.1487285893488138
0.5254593143779518
1.570433505116141
-0.2521570527876848
0.5989397198397769
0.9093193468129568
0.9818112723869175
0.9093668301937736
0.9546596734064785
0.18088053714331714
0.7138174046901624
1.3855817259808563
0.19294128579020062
95.8592169165387
0.4313480542306839
0.3896668139711663
3.1083951039587596
30.986723220873483
125.01490631716663
8.663998575480694
0.5630945313731315
3.75859960825093
50.68826975300118
0.22490120407527556
0.27373612823674476
16.710826989555123
0.47842733408376664
1.0481045141828718
0.3737343990285826
21.10810810810811
0.5704894083272462
0.45142439737034334
2.3513513513513513
7718.783783783784
30940.945945945947
1972.1021021021022
0.7822822822822822
5.8108108108108105
0.1570489408327246
0.36391672930646546
0.5884977958359611
0.3246788659451312
3.676235637164064
0.04562268803945746
7238.344777209643
3.2842634758874554
170.24044389642415
0.2099142341509546
5.379478532690913
503.5228113440197
0.22206072179541175
3.813810110974106
51.75709001233046
213.7003699136868
14.392245513083985
0.36779010823400465
0.05227648989906051
0.13190505820540754
0.03584777630701852
