1.0
1.0
1.0
40.0
30.0
1.0
220.2975
103.0
255.0
1.0
1.0
1.0
40.0
30.0
1.0
0.0
0.0
0.0
40.0
30.0
1.0
918.0
1.0
20.850762527233115
14.112200435729848
0.0
20.850762527233115
14.112200435729848
0.0
0.7480442691243305
0.0
0.0
44.56481555864999
40.0
30.0
49.4064773081425
49.4064773081425
870.75
33.33645488323092
0.2286511652751659
1928.5890393223258
2.214859648948982
918.0
217.7
255.0
53572925.0
1.5528255898813799
20.75
3.2786550710408404
255.0
12.350940521451863
241.10348583877996
247.0
197.0
58.0
8.80979251798392
241.57463877695827
-1.1413136196675517
53572925.0
0.3674868640266564
227.41521660709796
11.30370975907829
3.3088910022156535
6.718572366340778
-1.1797969415570506
1.7356605886919827
0.31627549895543283
0.6913370755062888
0.292214933293394
0.9178991666476163
0.2282836096017755
0.23894833880658434
2.476669059955568
-0.3186890974377231
0.7726382084183658
0.8562985899195069
0.9818201571025399
0.8579026276303094
0.9423590321967223
0.2711619383391102
0.37413595117980597
2.1276465649764544
0.5129840219118538
104.43974262093664
0.3345926252758088
0.6462449783744159
8.960981440332876
19.475726552797333
252.28373056294174
1.8129616434832752
0.16914247954572004
4.031926660645034
77.73275872573474
0.24291659601999724
0.3393246187363835
9.930217811200382
0.489497355184765
3.424877141500578
0.11042961907852776
11.27027027027027
0.3046018991964938
0.9466764061358657
5.621621621621622
4618.054054054054
57402.62162162162
413.5581831831832
0.40484234234234234
7.216216216216216
0.19503287070854639
0.4309371294316321
1.2579730211502713
0.3049565201944854
3.9332565832269535
0.04030501089324619
4002.477720964207
4.112211577481932
140.99346405228758
0.15358765147308015
5.03837080704952
337.3529411764706
0.5759857319834252
11.064270152505447
44.54466230936819
556.855119825708
4.251407044299201
0.12298777535705639
0.05744627017473655
0.40880339035477015
0.018174972230356863
