1.0
1.0
1.0
40.0
30.0
1.0
245.325
200.0
255.0
1.0
1.0
1.0
40.0
30.0
1.0
0.0
0.0
0.0
40.0
30.0
1.0
923.0
1.0
18.63163596966414
16.401950162513543
0.0
18.63163596966414
16.401950162513543
0.0
0.712702655362794
0.0
0.0
45.98583798340875
40.0
30.0
48.82622246293481
48.82622246293481
868.25
32.774228839858644
0.22522314428199822
1954.1938186454806
2.2507271162055638
923.0
243.0
255.0
58662240.0
0.7438987452884336
3.0
4.434161100076532
255.0
3.673275589867237
252.05850487540627
254.0
238.0
17.0
2.2206823746097375
252.10326522682757
-1.6683291874217183
58662240.0
0.6667327911128744
22.56645800295565
3.4401363964079583
1.8308271897814148
0.9171469365819451
-0.5342387995587046
0.45719306816080335
0.10469034587257338
0.6250066393839626
0.10469034587257338
0.4818127459752805
0.09348338697794349
0.6255749060053681
1.0854189796176832
-0.34201523602716344
0.5967157704651025
0.9476548270637133
0.9790619308254853
0.9476548270637133
0.9651032180424755
0.10469034587257338
0.7784820168451283
0.9807286337451102
0.14047085350834415
89.29368522579442
0.5079620183390297
0.24601899083048517
2.3351314588310013
80.61444709072103
310.883759877974
23.047118893907783
0.6662171352922497
3.7783962945336085
32.61753514613811
0.18006120728059075
0.19068255687974
50.12605757352652
0.4092054964456966
0.6411945708242355
0.3512082278510619
7.461538461538462
0.5739644970414202
0.21301775147928992
1.9230769230769231
36141.92307692308
141702.23076923078
9751.846153846154
0.7692307692307693
1.7692307692307692
0.13609467455621302
0.24380715587900784
0.4766213577855274
0.18560360540237794
3.2389012566026274
0.014084507042253521
31100.92307692308
2.5558370954847582
323.1820151679307
0.3501430283509541
4.132342014416694
615.3943661971831
0.1666336044435628
3.3661971830985915
60.00108342361864
221.79956663055253
19.551462621885157
0.4084507042253521
0.031235153936780363
0.07747657017945415
0.019674799876111915
