1.0
1.0
1.0
40.0
30.0
1.0
228.4025
106.0
255.0
1.0
1.0
1.0
40.0
30.0
1.0
0.0
0.0
0.0
40.0
30.0
1.0
798.0
2.0
22.090225563909776
14.12907268170426
0.0
22.090225563909776
14.12907268170426
0.0
0.8292908441217773
0.0
0.0
45.3052609180456
40.0
30.0
49.4064773081425
49.4064773081425
736.6666666666666
37.57123806988341
0.22979643195478763
1716.5436675077788
2.3301497748974374
798.0
230.0
255.0
49301581.0
1.1045181698564763
11.0
3.8905491592661527
255.0
8.026315789473681
248.35714285714286
254.0
219.0
36.0
5.203626262934582
248.55870498649088
-1.472352093151186
49301581.0
0.5351819398119358
100.15941639813819
7.40335315226376
2.6913411150356144
2.5552558089814448
-1.0065888156827594
0.8576471645470112
0.21773300795733364
0.5948398624412518
0.20899613806685258
0.7582895341910783
0.17335228596009894
0.4452984720310038
1.706539695045038
-0.27062609687465533
0.6379251354742725
0.8963756179556218
0.9786299393530581
0.8969580759483206
0.948187808977811
0.20135137691268162
0.6387696524620822
1.474535297995265
0.26884504312608626
94.61741926511004
0.3902324199717131
0.47356921219301873
5.448245685173684
26.569970939215573
223.31183946118662
3.5142895858452525
0.3095386109655963
3.744497734083123
61.14508327522303
0.24841655926973494
0.30294486215538846
15.021970473954816
0.5014737311967797
1.961682044260895
0.2215517715581366
25.10810810810811
0.6785975164353543
0.2921840759678598
1.837837837837838
7697.891891891892
66573.0
931.6974474474474
0.8506006006006006
18.675675675675677
0.5047479912344777
0.7193335211346552
0.7260868482866379
0.7176933510604332
1.8523876177460168
0.046365914786967416
7232.7319211103
3.2638296075717736
161.20050125313284
0.20200564066808627
5.399545228987256
427.0751879699248
0.32890025816420754
7.234335839598997
48.64912280701754
399.7731829573935
6.561507936507936
0.19190336953494846
0.06610091875095903
0.2318712552434879
0.04087873628880578
