1.0
1.0
1.0
40.0
30.0
1.0
218.54833333333335
128.0
255.0
1.0
1.0
1.0
40.0
30.0
1.0
0.0
0.0
0.0
40.0
30.0
1.0
823.0
1.0
18.633049817739977
13.878493317132442
0.0
18.633049817739977
13.878493317132442
0.0
0.817204387407122
0.0
0.0
42.93269493217865
40.0
30.0
49.4064773081425
49.4064773081425
762.4166666666666
35.0847866617879
0.22740507576563715
1774.7842177862296
2.3278402681642536
823.0
215.0
254.0
46485677.0
1.463325149178362
24.0
1.9491936211264758
255.0
12.217244500087844
237.24544349939248
241.0
208.0
47.0
10.002755398749029
237.66195347852212
-0.46371828912437607
46485677.0
0.39339375694824824
197.8036700037943
4.578819245276425
2.0720367830959434
4.876323053975234
-0.040720866154400126
1.4567802150472189
0.31498304064706056
0.6449385530331504
0.30358509074811624
0.9102256582126008
0.22114990471346024
0.23346930164516888
2.472207403889246
-0.2736607259342472
0.7309477601839831
0.8493472496158364
0.969027755161399
0.8501071129424326
0.9246736248079181
0.2936118845865399
0.40574279635923344
2.136954635880842
0.4429408139235699
117.11359944365711
0.3711653029233848
0.5128145207177126
3.8949502817834163
13.866255855242361
67.10951510427856
4.29739541638267
0.48649932564050674
3.7662698348325714
89.78056493234084
0.27980885931162325
0.3833535844471446
6.717297727489518
0.5328530640231282
1.7121082618106536
0.3129564418621986
21.4
0.535
0.5475
2.65
4713.975
20365.75
1229.5868055555554
0.7541666666666667
5.0
0.125
0.32261191055367194
0.5378122375924852
0.2774899181071287
3.9495817701478275
0.04860267314702309
4290.644375
4.304063863356399
111.34750911300121
0.13529466477885932
4.891038180854503
323.76306196840824
0.46656204001305124
4.486026731470231
40.09356014580802
198.089914945322
12.70193735655461
0.39040772242473337
0.06286550179902752
0.19774536336743423
0.038532543976355776
