1.0
1.0
1.0
40.0
30.0
1.0
227.60583333333332
120.0
255.0
1.0
1.0
1.0
40.0
30.0
1.0
0.0
0.0
0.0
40.0
30.0
1.0
949.0
2.0
20.037934668071653
13.836670179135933
0.0
20.037934668071653
13.836670179135933
0.0
0.7026666945970814
0.0
0.0
47.03678597762775
40.0
30.0
49.4064773081425
49.4064773081425
894.6666666666666
33.05118292737004
0.22418097281942548
2002.9012899055917
2.2387123210569206
949.0
220.0
255.0
55052714.0
1.419540411771563
21.0
2.3822873098108936
255.0
10.821749032035274
240.51211801896733
244.0
210.0
45.0
8.669911127609398
240.855329562612
-0.6812386101547678
55052714.0
0.40617654210910276
165.2108647447649
5.173405023117267
2.2167299132160982
4.184997082466677
-0.2789807887650426
1.3231983493489876
0.2852805944842946
0.6448695086937208
0.27819664760612706
0.8651186102810624
0.20524099112038832
0.2584718961470729
2.337851686108619
-0.2843445957711995
0.7243819379384261
0.8616100708847533
0.9717988919459475
0.8620823340099644
0.9308050354423765
0.2719981940877304
0.4153179821409989
2.0358258863699006
0.4021197359583206
114.24389583743108
0.3526893281816036
0.5549100362100715
4.6986701240362585
17.006281921013464
89.16731591439009
4.411528852090739
0.4050344253755086
4.013159414515224
73.44547098195332
0.22060409028658814
0.34088514225500527
7.458058046175008
0.4422720847424648
1.699647012706788
0.23262285302062563
13.742857142857142
0.3926530612244898
0.7885714285714285
4.0285714285714285
6799.4
29427.6
1694.381746031746
0.5920634920634921
5.457142857142857
0.15591836734693879
0.3788407309102852
0.93651155028203
0.2916333412562265
4.1427308737169355
0.0368809272918862
6064.2155102040815
4.163886521732948
141.68493150684932
0.14929919020742816
4.255336158853921
385.46153846153845
0.43998618700179104
5.188619599578503
43.604847207586936
239.48577449947314
11.13034188034188
0.3146294344924482
0.0520572163123533
0.21087788583996994
0.026507991459407524
