1.0
1.0
1.0
40.0
30.0
1.0
219.7975
159.0
253.0
1.0
1.0
1.0
40.0
30.0
1.0
0.0
0.0
0.0
40.0
30.0
1.0
694.0
3.0
19.09365994236311
14.13400576368876
0.0
19.09365994236311
14.13400576368876
0.0
0.7040446766666515
0.0
0.0
49.71150221136817
40.0
30.0
49.4064773081425
49.4064773081425
632.5
34.999118501016234
0.23752356254845952
1500.2067409121535
2.3718683650785035
694.0
223.0
246.0
39003718.0
0.7103165821777676
13.0
2.4635185782754636
253.0
7.385984436379342
236.90201729106627
239.0
217.0
36.0
5.528166351606806
237.06818168318287
-0.708874982829499
39003718.0
0.7317310167844596
78.75696999393733
3.786665959244008
1.9354816204121084
0.7216084314510391
-0.1850784428884722
0.29574671078332526
0.13358780000487316
0.37437836553793397
0.13358780000487316
0.5650644103007938
0.11540043351396957
0.6826052986272242
1.0821468380364405
-0.15529086174938464
0.3942749515296581
0.9332060999975633
0.9866412199995127
0.9332060999975633
0.9666030499987817
0.13358780000487316
0.8216727223995517
0.948559038031568
0.10733362769704963
81.87593651845937
0.4616474842682075
0.3340554316810206
3.028542557518192
40.582722561098635
160.03104276612248
10.956408631005617
0.5513285563162276
3.6214434835063987
39.9209891354071
0.22401380177889918
0.2546829971181556
23.588821946348638
0.47811669272545043
1.0615578140331727
0.37502055046723637
23.774193548387096
0.7669094693028096
0.28511966701352753
1.7096774193548387
10454.90322580645
41741.48387096774
2637.9175627240143
0.8942652329749103
6.741935483870968
0.21748178980228927
0.4331493384629194
0.4642549239267173
0.4296516365027416
2.7837378421564107
0.0446685878962536
9953.721123829344
2.7121629463812322
179.9193083573487
0.25924972385785117
5.304071954754213
507.821325648415
0.14233155328920594
3.6945244956772334
53.78097982708934
212.5763688760807
14.415145693243677
0.34878322126160743
0.05316298008957025
0.1213811070377559
0.038174214887550705
