1.0
1.0
1.0
40.0
30.0
1.0
217.80416666666667
123.0
253.0
1.0
1.0
1.0
40.0
30.0
1.0
0.0
0.0
0.0
40.0
30.0
1.0
865.0
1.0
20.06820809248555
14.002312138728323
0.0
20.06820809248555
14.002312138728323
0.0
0.6294545163818407
0.0
0.0
46.35109318571569
40.0
30.0
48.82622246293481
48.82622246293481
824.1666666666666
29.1759049449843
0.23536064425250391
1806.177012633528
2.1915191255411868
865.0
220.0
245.0
48209340.0
0.6696021985857277
10.0
4.12541122470188
253.0
7.606963146112469
235.8728323699422
239.0
204.0
49.0
4.865293318582212
236.07909911820323
-1.2997547666889735
48209340.0
0.7370951251294732
97.34799024357646
3.662321600230678
1.8969600896271348
0.8765386746787499
-0.374733483529117
0.34291767539846
0.08769976706345878
0.5895304943116424
0.08769976706345878
0.4276607684235489
0.07988792594688615
0.710409714082015
0.942291782162113
-0.3297926572195633
0.5542119612749612
0.9561501164682706
0.9912300232936541
0.9561501164682706
0.9780750582341353
0.08769976706345878
0.8378189912144016
0.8545920150986548
0.10765436061547971
64.03792475412777
0.47461136696166156
0.3106012698776111
2.6181067599139043
109.49162532507874
430.13205372666505
29.49686672307147
0.6308502080390448
3.9662864128248807
24.10752669428838
0.1744239890479036
0.15606936416184972
64.67574450121745
0.40523962545079145
0.6658033948427926
0.35734101695433024
4.75
0.59375
0.484375
2.375
67534.375
268532.375
17293.76388888889
0.7951388888888888
1.25
0.15625
0.008604799810842303
0.024230499667511656
0.006868513735563853
2.9999999999999973
0.009248554913294798
55843.359375
2.1793442378592216
374.6924855491329
0.4331705035250092
3.7266597614353967
637.5872832369943
0.13546192655952422
3.61271676300578
63.81156069364162
245.721387283237
18.578163134232497
0.35709698137443807
0.025679038560403825
0.0715175247255828
0.01478175199377546
