1.0
1.0
1.0
40.0
30.0
1.0
225.60916666666665
154.0
255.0
1.0
1.0
1.0
40.0
30.0
1.0
0.0
0.0
0.0
40.0
30.0
1.0
877.0
1.0
18.632839224629418
14.120866590649943
0.0
18.632839224629418
14.120866590649943
0.0
0.8117731938461124
0.0
0.0
45.33944025795575
40.0
30.0
48.25971404805462
48.25971404805462
826.0
36.80534222539575
0.229502399196026
1855.0271034742927
2.245795524787279
877.0
224.0
246.0
48876348.0
0.7128109403938124
11.0
2.7021718820543033
255.0
6.492081302356302
235.93614595210946
237.0
217.0
38.0
4.67454475308642
236.0747712176657
-0.33122793214940915
48876348.0
0.7445786077498052
65.43263873810504
3.8964649069218655
1.9599150407469832
1.0042995757261712
-0.03618449178949945
0.34168495971880597
0.12092089512249449
0.47679622676710187
0.12092089512249449
0.5308388114231584
0.10612709300892936
0.6826751698900899
1.1032286561264515
-0.24469663861489624
0.5114609453880885
0.9395395524387529
0.9879079104877504
0.9395395524387529
0.9697697762193764
0.12092089512249449
0.8222743609435739
0.9823077610039577
0.11565146371032509
81.72016537869251
0.4557128197763945
0.34640681202386914
3.1053526720193387
57.89039063864645
231.87030858174268
15.166529601208754
0.5421810086108105
3.835829510247878
31.36181533080758
0.1739961184791903
0.20381984036488027
31.944228094051937
0.40858121650042856
0.7636476186254083
0.3463291545151965
24.8125
0.775390625
0.3583984375
1.84375
17626.71875
70545.34375
4422.652777777777
0.8932291666666666
8.5625
0.267578125
0.5273170542363587
0.6526601564311459
0.5133900197332341
2.7936450333085023
0.036488027366020526
16875.6162109375
2.626281743171687
270.8836944127708
0.30887536421068507
4.561346666163934
652.9954389965792
0.1393186318549944
3.8483466362599774
58.87001140250855
239.08893956670468
15.506651463321932
0.3271886481692639
0.045996607868621496
0.10841877673405607
0.032571988934010844
