1.0
1.0
1.0
40.0
30.0
1.0
232.50916666666666
140.0
255.0
1.0
1.0
1.0
40.0
30.0
1.0
0.0
0.0
0.0
40.0
30.0
1.0
1059.0
1.0
21.315391879131255
15.804532577903682
0.0
21.315391879131255
15.804532577903682
0.0
0.6990736020502908
0.0
0.0
45.20080075752805
40.0
30.0
49.4064773081425
49.4064773081425
1025.6666666666667
31.598686601122644
0.22622344198921282
2174.122511877653
2.119716456169307
1059.0
231.0
252.0
62035782.0
0.882937599338963
13.0
4.589793139089282
255.0
6.857799641723757
241.8847969782814
242.0
204.0
51.0
5.55722354922077
242.0322011680807
-0.850642108275441
62035782.0
0.6345439646324814
71.33139304187945
4.985138069495653
2.2014949351746487
1.378923276668959
0.5731753959535549
0.6503834799857839
0.09618987369741937
0.7420521441969004
0.09618987369741937
0.4536786770927831
0.0865399073090148
0.5592719332770152
1.2916057783901178
-0.47017397252539334
0.7371270812387809
0.9519050631512904
0.990381012630258
0.9519050631512904
0.9759525315756452
0.09618987369741937
0.7246517975055216
1.195415904692699
0.1866433384208008
63.584684029012074
0.42886512397940163
0.4035737891494285
5.265425805700554
115.69835633553065
516.2890585209993
27.64919800957137
0.29523329756599637
4.7485290905485265
13.933209102758394
0.09185132177183797
0.1392823418319169
57.280619483295425
0.24414707530816093
1.0403837986383313
0.13157282645648175
4.2
0.42
0.89
5.3
68718.1
287781.6
16837.33611111111
0.4805555555555555
1.4
0.14
0.2594975379210817
1.281921529269051
0.14589480917699107
3.321928094887359
0.009442870632672332
57503.29
2.5892357258241994
440.07082152974505
0.4155531836919217
2.875519068089428
671.9820585457979
0.19591058609107065
4.995278564683664
65.0604343720491
319.6751652502361
14.7149039974819
0.23620291679781766
0.023375175403284806
0.1135775361625782
0.007909123622412435
