1.0
1.0
1.0
40.0
30.0
1.0
228.43916666666667
112.0
255.0
1.0
1.0
1.0
40.0
30.0
1.0
0.0
0.0
0.0
40.0
30.0
1.0
972.0
1.0
21.203703703703702
15.103909465020577
0.0
21.203703703703702
15.103909465020577
0.0
0.7703456119511807
0.0
0.0
47.09691062148622
40.0
30.0
49.4064773081425
49.4064773081425
924.75
36.28089843371886
0.22595194230983434
2031.503643399199
2.196813888509542
972.0
224.0
255.0
59250705.0
1.2210089474799863
12.0
4.707412882435623
255.0
10.674238767803011
246.51131687242798
254.0
200.0
55.0
6.181240163265307
246.89575823026763
-1.6806565544596628
59250705.0
0.5058256702061
189.686085920168
7.0801170154708455
2.600972695329335
7.31267342838459
-2.2564139934520666
1.4464023892756712
0.1863264489229653
0.7710103629054016
0.17273691523769258
0.6826506621099346
0.15558280479324899
0.4324485554251344
1.8292416022351388
-0.42573577560112524
0.7886677384956442
0.9149904957496809
0.9819945643547161
0.9158964646620325
0.9574952478748404
0.16084607326307898
0.632486904993464
1.62789149109122
0.4081822095496591
76.82667697432564
0.34447460645369565
0.5928767246065477
4.9749013064523355
52.57599409665546
438.18342912154264
7.766192483501142
0.39262332399276734
4.186099497421461
42.93549901075053
0.18851611521164124
0.22942386831275718
31.96905290643081
0.40606182946071673
1.3687200944797102
0.2168077558014099
8.157894736842104
0.4293628808864266
0.5595567867036011
3.0526315789473686
15157.473684210527
128832.63157894737
1963.8304093567253
0.662280701754386
1.8421052631578947
0.09695290858725762
0.23835853990612432
0.40663211083032624
0.19631560096745046
3.997670276487608
0.01954732510288066
12540.34349030471
3.305859509659572
265.7880658436214
0.27344451218479565
4.460558180494166
491.6625514403292
0.4563159409981541
7.008230452674897
55.79218106995885
437.0946502057613
9.72582304526749
0.23639689071787837
0.03550918749034441
0.16907008271796753
0.01566059884882589
