1.0
1.0
1.0
40.0
30.0
1.0
243.62166666666667
177.0
255.0
1.0
1.0
1.0
40.0
30.0
1.0
0.0
0.0
0.0
40.0
30.0
1.0
988.0
1.0
17.007085020242915
14.908906882591094
0.0
17.007085020242915
14.908906882591094
0.0
0.8868863887429221
0.0
0.0
41.00176007764425
40.0
30.0
49.4064773081425
49.4064773081425
948.0
36.36390292736563
0.2275205323021788
2051.173612845184
2.1636852456172826
988.0
241.0
255.0
62465729.0
0.759501611215301
4.0
5.484267794821448
255.0
4.648301889885101
251.3674089068826
254.0
230.0
25.0
2.4713610686308174
251.44466998681307
-1.8918472569264015
62465729.0
0.6572083627005851
38.84780421741054
3.343584077531889
1.8008505664446521
0.954082435240719
-0.5534581548154336
0.5198422102892174
0.11793524360413568
0.6285638861022642
0.11793524360413568
0.518969301286986
0.10340664003892593
0.5777046330143976
1.1929559758236035
-0.3417944388637556
0.6158852046948334
0.9410323781979321
0.9764129512791729
0.9410323781979321
0.9606882521319549
0.11793524360413568
0.7418829446425843
1.0750207322194683
0.15944436347333824
87.03251059117207
0.5064780086149435
0.24676099569252824
2.475496932893512
78.18746532612802
296.7793661023486
23.539490132072878
0.631125766776622
4.027845214930918
20.1299867811214
0.11404050598941776
0.1743421052631579
40.8697272884587
0.2445908636276879
0.34949528542667035
0.2183647581779423
4.333333333333333
0.7222222222222222
0.1388888888888889
1.5
100932.66666666667
398153.1666666667
26627.541666666668
0.875
1.3333333333333333
0.2222222222222222
0.0006884886144527784
0.000689329740821922
0.0006882783328604927
2.2516291673878213
0.006072874493927126
73817.55555555556
2.5599077659228557
336.0688259109312
0.3401506335130882
2.9514702748774773
649.3218623481781
0.17139581864970743
3.341093117408907
60.7914979757085
219.41194331983806
21.136386639676115
0.4147267206477733
0.022151214708780495
0.062327412605843055
0.012107165234514859
