1.0
1.0
1.0
40.0
30.0
1.0
217.2675
128.0
255.0
1.0
1.0
1.0
40.0
30.0
1.0
0.0
0.0
0.0
40.0
30.0
1.0
917.0
2.0
16.153762268266085
13.031624863685932
0.0
16.153762268266085
13.031624863685932
0.0
0.7482716138025671
0.0
0.0
44.22167782548447
40.0
30.0
49.4064773081425
49.4064773081425
873.9166666666666
33.089826231532456
0.23084871653735678
1914.8584464304724
2.191122471361273
917.0
212.0
245.0
49668235.0
1.0585545193346408
17.0
2.6171848149144874
255.0
10.264648485115156
232.3958560523446
236.0
201.0
54.0
7.59002927796045
232.73124661630902
-0.6800050726095245
49668235.0
0.5602011680495286
155.99924127917
3.4504029806125267
1.8113875299665922
2.2349366353830575
-0.3077761020677148
0.8190222020923463
0.14194773153343965
0.7041243399961977
0.14194773153343965
0.5852445069656063
0.12111957780185958
0.4660880767228585
1.6332081136884231
-0.4036795762311819
0.7453015660761304
0.9290261342332802
0.9858052268466562
0.9290261342332802
0.9645130671166401
0.14194773153343965
0.6531994077204029
1.4912603821549841
0.24024248340644655
79.13787569337528
0.41900940414509374
0.4151335430910558
3.2178593857044993
56.552528162533164
208.83704038072366
19.211032766567484
0.5544538357191559
4.358243375365152
28.770838524987816
0.1472469239090164
0.2058342420937841
30.2124182660358
0.35159934970214063
0.9898726975037831
0.23661211983109132
4.090909090909091
0.371900826446281
0.8099173553719008
4.454545454545454
39202.09090909091
152675.0909090909
10884.244949494949
0.5404040404040404
1.1818181818181819
0.10743801652892562
0.18842946281038794
0.5122349007873137
0.11457220160187567
3.4594316186372938
0.011995637949836423
32252.595041322315
3.188725345955192
271.9683751363141
0.29658492381277435
3.857712492374142
513.7044711014177
0.25368865569653065
3.4678298800436207
57.92911668484187
205.7360959651036
22.56346177147704
0.43272143462983154
0.028678768086256273
0.0918221081497747
0.015280961029517292
