1.0
1.0
1.0
40.0
30.0
1.0
233.27416666666667
136.0
255.0
1.0
1.0
1.0
40.0
30.0
1.0
0.0
0.0
0.0
40.0
30.0
1.0
1038.0
1.0
20.340077071290946
13.226396917148362
0.0
20.340077071290946
13.226396917148362
0.0
0.7629193093294909
0.0
0.0
44.1413767451401
40.0
30.0
49.4064773081425
49.4064773081425
998.0
33.676308659255135
0.22430770411184783
2153.0806363163615
2.157395427170703
1038.0
227.0
252.0
60006484.0
1.090245915610772
15.0
2.5451539061851904
255.0
7.9781482842727796
240.24470134874758
242.0
215.0
40.0
6.100950331719563
240.4365089503329
-0.4896575143390875
60006484.0
0.5671589428313676
92.1983100745839
4.8102905688554305
2.151391286877311
2.5320801021025288
0.32733432680121277
0.8613624082390942
0.13417052242248487
0.7309815714130784
0.13417052242248487
0.562023507265315
0.11510895045790015
0.47318782825950256
1.6389590803736802
-0.44160872863953027
0.7715843187903637
0.9329147387887576
0.9865829477577515
0.9329147387887576
0.9664573693943788
0.13417052242248487
0.6611040562313287
1.504788557951196
0.2488832326653948
78.01447485821704
0.39818049186368587
0.46130412406068766
4.280010765295293
67.31506381623855
316.35448833297005
16.257079243559165
0.4135640733831357
4.5231024176071095
23.582553655226516
0.11805021391012457
0.18737957610789982
33.36708238649423
0.3020468947111072
0.905023625998167
0.20183339519857435
5.923076923076923
0.4556213017751479
0.6982248520710059
3.3076923076923075
45694.0
194805.0
11193.258547008549
0.6794871794871795
2.076923076923077
0.15976331360946747
0.3227041397436657
0.5589630745975463
0.2644018076456708
3.1808329872054375
0.012524084778420038
39318.591715976334
3.090959789882036
331.2851637764933
0.3191571905361207
3.5274557192763614
588.7109826589596
0.2629751523048993
4.7755298651252405
59.79190751445087
292.9335260115607
14.515494540783557
0.2798383643759366
0.02863957305072889
0.11099451778499167
0.013389093896229009
