1.0
1.0
1.0
40.0
30.0
1.0
224.83333333333334
128.0
250.0
1.0
1.0
1.0
40.0
30.0
1.0
0.0
0.0
0.0
40.0
30.0
1.0
931.0
4.0
20.41138560687433
17.484425349087005
0.0
20.41138560687433
17.484425349087005
0.0
0.6213440899774074
0.0
0.0
46.96542920387925
40.0
30.0
49.4064773081425
49.4064773081425
884.3333333333334
29.181691869082712
0.2296396443540259
1940.2063534201457
2.1939762760122266
931.0
228.0
243.0
52561991.0
0.4519611338907128
6.0
6.460589464352487
250.0
5.1001279476118535
237.49409237379163
239.0
210.0
40.0
2.8082411390295423
237.60800246553268
-1.8289754330608037
52561991.0
0.8436800917438603
54.11892320951219
3.8613937509273986
1.9584685118078247
0.4238732356795316
-0.18403895175767265
0.1555568256713182
0.05244784223837737
0.4888386879009893
0.05244784223837737
0.2963799522686678
0.04967438967351297
0.8481867406815934
0.5701354548569461
-0.2634635498036215
0.3954725675873
0.9737760788808113
0.9947552157761622
0.9737760788808113
0.9868880394404056
0.05244784223837737
0.9200324540655223
0.5176876126185692
0.0520011669774239
55.266542027810225
0.47255073864248853
0.3120798340587544
2.853509002420304
171.85649284290454
684.0146294718215
43.91285757832202
0.5769912461036701
3.801806537419278
20.532799013468207
0.17532748462155956
0.12540279269602578
102.23397386544892
0.4077463430066473
0.7347075565880985
0.35249193733554035
8.6
0.5733333333333334
0.5066666666666666
2.466666666666667
48328.46666666667
193179.53333333333
12117.18148148148
0.7814814814814814
1.8
0.12
0.19377174246448753
0.5604386852975777
0.12525315490436315
3.640223928941848
0.01611170784103115
44476.19555555555
1.6848088997535111
498.58539205155745
0.5355374780360446
3.45971034691224
785.4661654135339
0.07967594296466962
3.7969924812030076
67.40816326530613
266.8324382384533
17.638023630504833
0.3079126387397064
0.026627398861044198
0.07885815543745446
0.014464804596998922
