1.0
1.0
1.0
40.0
30.0
1.0
239.25666666666666
188.0
255.0
1.0
1.0
1.0
40.0
30.0
1.0
0.0
0.0
0.0
40.0
30.0
1.0
974.0
2.0
17.412731006160165
12.852156057494867
0.0
17.412731006160165
12.852156057494867
0.0
0.6947612154519873
0.0
0.0
46.91302797855877
40.0
30.0
49.4064773081425
49.4064773081425
924.75
32.59335233891658
0.22472101148357487
2042.6313988405334
2.2088471466239885
974.0
237.0
251.0
57977346.0
0.629770971464805
6.0
2.5757832965259007
255.0
4.226450337101392
243.9199178644764
244.0
232.0
23.0
2.973225976760219
243.97744955881439
-0.0068846129577572225
57977346.0
0.73377633670505
28.069562210912892
1.465667342090335
1.1696177992312238
0.9890979421370178
0.5734110857034381
0.4769785917548594
0.08637211120667151
0.6939883278273669
0.08637211120667151
0.42212207233168103
0.07868069235201933
0.6396439561672151
1.0383215063160502
-0.41965829651149245
0.6484035248180178
0.9568139443966643
0.9827255777586656
0.9568139443966643
0.9712092962644429
0.08637211120667151
0.7871961451654406
0.9519493951093789
0.14083767574038275
95.86679804626809
0.6123477440515095
0.19382612797424525
1.7908907002020882
81.83179599528657
99.93530745363756
77.30591813069881
0.8022773249494779
4.422786182761894
15.005069932488512
0.09359206047634219
0.16016427104722794
37.39143923373635
0.21500220841454826
0.4230526901450937
0.16298958798191188
4.142857142857143
0.5918367346938775
0.20408163265306123
3.142857142857143
95215.14285714286
99632.0
94110.92857142857
0.4642857142857143
1.0
0.14285714285714285
0.026690358154205795
0.10247506512057915
0.007744181412612459
2.807354922057602
0.007186858316221766
75854.40816326531
2.5970533806361926
344.9958932238193
0.35420522918256603
2.7504311271709203
714.6981519507187
0.133111831647475
1.4743326488706365
62.328542094455855
86.40862422997947
56.308521560574945
0.8814168377823408
0.02113658154340906
0.034345006739862266
0.017834475244295756
