1.0
1.0
1.0
40.0
30.0
1.0
245.98166666666665
231.0
255.0
1.0
1.0
1.0
40.0
30.0
1.0
0.0
0.0
0.0
40.0
30.0
1.0
1026.0
1.0
18.381091617933723
15.848927875243664
0.0
18.381091617933723
15.848927875243664
0.0
0.7405531548371962
0.0
0.0
43.74352872695707
40.0
30.0
49.4064773081425
49.4064773081425
988.5
32.39440820245958
0.22603662126328422
2123.0314772214597
2.1477303765518054
1026.0
245.0
250.0
62639993.0
0.4884627277538859
2.0
3.39949752547332
255.0
1.5365677568406584
247.08089668615983
247.0
244.0
11.0
1.2685546369535279
247.08829344251677
0.679533973734738
62639993.0
0.8100973138933536
3.6552490984880435
1.2938613407235529
1.1095856888873916
0.7791174602458177
0.44603631057951165
0.3205115267073756
0.06979145187724459
0.6424439660114027
0.06979145187724459
0.3615224107995487
0.0646043657598521
0.7402441449478377
0.8058189158471554
-0.38405454936046646
0.5574372702356121
0.9651042740613777
0.9860417096245511
0.9651042740613777
0.9767361827075851
0.06979145187724459
0.8555185851739859
0.7360274639699111
0.09757574464615505
75.01163958075723
0.5916213758405129
0.2041893120797436
1.8659887829005475
145.53418501621826
158.73611325519894
142.2337029564731
0.7835028042748631
4.477377071650821
11.097921642870492
0.08383134357746579
0.12378167641325535
69.53585908445963
0.18530284665291433
0.471570305535105
0.11373598193236667
3.4
0.68
0.16000000000000003
3.4
169006.4
171492.2
168384.95
0.4
1.0
0.2
0.005196851423454413
0.020786692163256543
0.0012993912385038803
2.321928094887361
0.004873294346978557
126899.36000000002
2.14666117708811
453.31189083820664
0.44182445500799866
2.35468083246887
831.1598440545808
0.09495134305332315
1.3187134502923976
66.51072124756335
80.23879142300196
63.0787037037037
0.9203216374269005
0.01928767299642404
0.030829138266742696
0.016402306678844375
