1.0
1.0
1.0
40.0
30.0
1.0
230.43166666666667
142.0
255.0
1.0
1.0
1.0
40.0
30.0
1.0
0.0
0.0
0.0
40.0
30.0
1.0
801.0
1.0
20.583021223470663
14.566791510611734
0.0
20.583021223470663
14.566791510611734
0.0
0.8915229231822458
0.0
0.0
45.08245707129523
40.0
30.0
49.4064773081425
49.4064773081425
751.75
40.19204391243923
0.23583294297303167
1695.3600498597427
2.2552178913997243
801.0
236.0
252.0
47755415.0
0.7982702953329723
8.0
3.390018958267446
255.0
5.111952755684609
244.08614232209737
245.0
224.0
31.0
3.765190311418686
244.17154639702107
-0.74878513248393
47755415.0
0.6558608855036074
41.69919622943232
5.013966994675215
2.217153644821374
0.943208144004209
0.5076594295725367
0.5502368813638819
0.15745481839311903
0.5552388534441512
0.15745481839311903
0.6244409915210852
0.13197211496063893
0.5192475273788186
1.3813691294941466
-0.2589460374990179
0.5737121206224142
0.9212725908034405
0.9842545181606881
0.9212725908034405
0.9606362954017202
0.15745481839311903
0.69719276621716
1.2239143111010282
0.17692292493925024
99.66144255799121
0.5181720777465905
0.2684423803140715
5.610297009443855
36.83419811218346
166.5053762853197
8.694134181246183
0.22331484284314865
4.103759162981872
29.65263283561308
0.14878648710268025
0.23938826466916352
17.301216129910827
0.3151063834383143
1.8710572436220252
0.07985991924647964
8.157894736842104
0.4293628808864266
0.7423822714681441
6.105263157894737
20213.842105263157
82363.0
5011.75730994152
0.3669590643274854
3.3157894736842106
0.1745152354570637
0.39635279150382047
1.1961217961846795
0.2853403879735888
3.53163064636796
0.02372034956304619
18436.5540166205
3.18232329533449
175.8988764044944
0.21959909663482444
3.598286162272191
525.3445692883895
0.17604398995637474
5.0424469413233455
53.7940074906367
256.9925093632959
12.291094465251767
0.22520460535441808
0.0355919870491314
0.17654519015031916
0.012110093765855163
