1.0
1.0
1.0
40.0
30.0
1.0
236.675
175.0
255.0
1.0
1.0
1.0
40.0
30.0
1.0
0.0
0.0
0.0
40.0
30.0
1.0
938.0
1.0
19.65351812366738
12.636460554371002
0.0
19.65351812366738
12.636460554371002
0.0
0.7290749201255788
0.0
0.0
44.65221725069365
40.0
30.0
49.4064773081425
49.4064773081425
892.6666666666666
32.554811725479475
0.22834482576565457
1963.4469036985934
2.199529765158992
938.0
235.0
249.0
55360160.0
0.44908253595739445
8.0
2.791772312018162
255.0
4.489173080682483
242.87420042643924
243.0
229.0
26.0
3.1987233080233537
242.93900539261162
-0.3764006090289883
55360160.0
0.829969858293061
31.483108369210907
1.2516824177911854
1.097878614102176
0.6292651254818848
0.36573664799778766
0.2692821697404629
0.08390684903068445
0.5256481871480667
0.08390684903068445
0.41284369522929365
0.07654899388591932
0.7468564967285071
0.7998335807939576
-0.2701538213325194
0.4619391137573768
0.9580465754846578
0.9832186301938631
0.9580465754846578
0.9720310503231051
0.08390684903068445
0.860167961382482
0.7159267317632735
0.08829725469278683
87.9685147299509
0.603361802117012
0.19831909894149402
1.8186016775777416
95.33962765957446
101.12021276595743
93.89448138297871
0.7953495806055647
4.301163670753883
16.39791325695581
0.10800971068631285
0.1551172707889126
47.171893844267906
0.26004002351466654
0.6048755374102819
0.1738311450407626
6.8
0.68
0.16000000000000003
3.4
70200.4
70580.2
70105.45
0.4
1.2
0.12
0.018392700572400493
0.07179522613726372
0.005042069181184686
3.1219280948873593
0.010660980810234541
61401.960000000014
2.350254929176959
341.14925373134326
0.36369856474556855
2.9334200153663605
778.5117270788912
0.08501507085346949
1.2814498933901919
63.136460554371006
72.22601279317698
60.86407249466951
0.929637526652452
0.02212097211545125
0.035727233709167146
0.018719406717022276
