1.0
1.0
1.0
40.0
30.0
1.0
239.66416666666666
186.0
254.0
1.0
1.0
1.0
40.0
30.0
1.0
0.0
0.0
0.0
40.0
30.0
1.0
1061.0
1.0
21.145146088595663
14.123468426013195
0.0
21.145146088595663
14.123468426013195
0.0
0.7862263464558819
0.0
0.0
43.0506781710671
40.0
30.0
49.4064773081425
49.4064773081425
1026.6666666666667
33.84757741088607
0.22558563629169195
2181.686389598319
2.125019210647713
1061.0
239.0
248.0
63131414.0
0.2699551426562466
4.0
6.414740977197028
254.0
2.882067581576604
243.89443920829407
244.0
226.0
28.0
1.8245254555463732
243.92991607945444
-1.3803862048063258
63131414.0
0.9119000178552235
17.306481801441027
1.117503563771421
1.0471295121714923
0.3389186793793366
0.1956235132042959
0.13186169356403998
0.04776994548611142
0.46924679728866414
0.04776994548611142
0.2751144135590576
0.04538346306141262
0.8648007174135116
0.4799081845751486
-0.24977833205674102
0.3499137048230744
0.9761150272569443
0.9904460109027777
0.9761150272569443
0.9840766848379627
0.04776994548611142
0.928985515085452
0.4321382390890375
0.04490790976253785
62.94160517341098
0.6189341874053023
0.19053290629734893
1.7708384854709718
242.39353182359082
247.024614919261
241.23576104967327
0.8072903786322569
4.397246928574162
8.606537674867983
0.0828398184866713
0.09519321394910463
102.73550252938293
0.2128273527605339
0.6452410449792593
0.10472392970585251
8.2
0.82
0.09000000000000001
3.7
102494.3
102734.0
102434.375
0.325
2.2
0.22
0.4414937056489475
1.7659745296682332
0.11037349964412616
2.52192809488736
0.00942507068803016
91237.09
1.5776322128074705
592.2120640904807
0.5581640566357028
2.1118483176559733
967.5259189443921
0.04404999107238828
1.1385485391140433
69.98397737983035
73.79264844486333
69.03180961357211
0.9653628652214892
0.021132007031876874
0.039835391935948455
0.016456160805858978
