1.0
1.0
1.0
40.0
30.0
1.0
228.57666666666665
142.0
255.0
1.0
1.0
1.0
40.0
30.0
1.0
0.0
0.0
0.0
40.0
30.0
1.0
990.0
1.0
16.647474747474746
15.984848484848484
0.0
16.647474747474746
15.984848484848484
0.0
0.7054011337548483
0.0
0.0
44.40774866022141
40.0
30.0
49.4064773081425
49.4064773081425
956.1666666666666
31.325276252420526
0.23035118217076095
2037.5866134927808
2.1309952380959882
990.0
233.0
250.0
58124436.0
0.8075240622398893
7.75
7.559834190556675
255.0
5.6199775533108856
242.17171717171718
244.0
204.0
51.0
3.4908558974899155
242.30466672177718
-1.7992446532701274
58124436.0
0.7026446280991736
64.41091725334151
4.468663179506663
2.0958404403066213
1.2752977882056227
0.2077058533205011
0.4607007522284395
0.15627736323783384
0.49231651471808546
0.15358388990962338
0.6221567615917789
0.1321376378831418
0.5925655757361038
1.3459131324219316
-0.2341206955397731
0.5392393571315105
0.9234774023780095
0.9844965778298262
0.9236569672665567
0.9617387011890047
0.15122710074743922
0.7611146918101996
1.1811711708918482
0.15424452886656834
80.5465502403172
0.41385502647377015
0.42686560114023125
5.20963323478092
61.08416690058357
251.74030820967008
15.478222139774669
0.30834348128552225
4.365770523732605
29.42258023510958
0.14665007478409026
0.19621212121212123
32.615135217290714
0.3325373658064709
1.8789741007021776
0.1272188577928212
11.583333333333334
0.4826388888888889
0.8055555555555556
6.25
26723.75
107233.875
6687.885416666667
0.3819444444444444
2.3333333333333335
0.09722222222222222
0.19129842650625592
1.1907628598027549
0.0802033928341868
4.022055208874194
0.024242424242424242
25022.187499999996
2.850507298768968
275.62020202020204
0.2784042444648505
3.667364554637282
695.6181818181818
0.16603305785123967
4.5
58.87676767676768
250.44141414141413
14.947446689113356
0.26641414141414144
0.030245709647495365
0.15301766499716238
0.010102350106033603
