1.0
1.0
1.0
40.0
30.0
1.0
223.63
164.0
253.0
1.0
1.0
1.0
40.0
30.0
1.0
0.0
0.0
0.0
40.0
30.0
1.0
919.0
1.0
17.773667029379762
15.33297062023939
0.0
17.773667029379762
15.33297062023939
0.0
0.7560495260230246
0.0
0.0
47.300258473891944
40.0
30.0
49.4064773081425
49.4064773081425
867.25
35.76133799995256
0.22699988497170795
1937.4092089546511
2.233968531513002
919.0
220.8
244.0
50433378.0
0.7231749655118235
12.0
2.661944853681317
253.0
7.160960546366692
234.09357997823722
236.0
212.0
41.0
5.091891224271838
234.2616906732379
-0.5596763612553802
50433378.0
0.7103110373318209
78.73553005644354
3.60412400253757
1.878816760990478
0.9963870250471465
-0.3977865084564226
0.40903478273172655
0.11253312466694758
0.565627574111032
0.11253312466694758
0.5049195988014736
0.09951296974247051
0.6501866943029678
1.1201592924650472
-0.2927568663866763
0.5580364243051208
0.9437334376665262
0.9887466875333051
0.9437334376665262
0.971866718833263
0.11253312466694758
0.7986099167573939
1.0076261677981004
0.13039197684966852
84.24527965484172
0.47602495395219835
0.30478259405360725
2.8079876835707362
68.44736300223742
266.03790022651503
19.194140105935553
0.5829607326549899
4.073292344853251
29.528672683413767
0.16170629743890783
0.19232861806311208
38.51489023316592
0.38096702019481476
0.7101634400128738
0.3158170097840249
7.166666666666667
0.5972222222222222
0.576388888888889
2.5833333333333335
48689.416666666664
193134.75
12584.37962962963
0.7893518518518517
1.5
0.125
0.14726984320126044
0.32435360936007857
0.1275938090689633
3.4182958340544856
0.013057671381936888
42824.40972222221
2.5979204987631017
303.822633297062
0.33060134199897934
4.004764605516948
652.7758433079434
0.15013717185614778
3.568008705114255
59.676822633297064
226.84983677910773
18.171321484705597
0.3700882601861927
0.029437558413120624
0.08133117830213535
0.017462601423614624
