1.0
1.0
1.0
40.0
30.0
1.0
226.06333333333333
168.0
255.0
1.0
1.0
1.0
40.0
30.0
1.0
0.0
0.0
0.0
40.0
30.0
1.0
765.0
1.0
17.26143790849673
14.52156862745098
0.0
17.26143790849673
14.52156862745098
0.0
0.7055299720077091
0.0
0.0
46.190410997277034
40.0
30.0
47.01063709417264
47.01063709417264
715.9166666666666
32.588719377933444
0.23692078430156382
1633.513061735257
2.281708385615538
765.0
227.0
253.0
44523595.0
0.9879866638584152
11.0
2.4754397944996063
255.0
7.019443803665257
241.08627450980393
242.0
221.0
34.0
5.11948347070175
241.24837362721803
-0.4067469661577677
44523595.0
0.6090529283608869
78.18602076124567
4.853285707806295
2.176740882545678
1.456578203281375
0.4297897401343173
0.652384444754671
0.19210409963240205
0.5471918817100295
0.18660959413789652
0.6924486363367792
0.15420576516206608
0.4775040772318695
1.62474980235854
-0.2681479656518404
0.6031902408014973
0.9072446534805023
0.9810431825980447
0.9076109538468027
0.9536223267402512
0.18180190183020423
0.6670682282385206
1.420874883979326
0.21112213609676822
89.78065519637656
0.430134670107437
0.4108787841127327
4.655972383083376
32.83784235908152
150.2831016973795
7.872789960100958
0.3510950712005691
3.9131517610409947
45.707379781272635
0.2039668296799536
0.2705882352941177
16.700614392875682
0.432142884794251
1.5979661548275574
0.22234835558127036
19.516129032258064
0.6295525494276795
0.5598335067637876
2.4838709677419355
11044.483870967742
45858.0
2716.9471326164876
0.8082437275985663
13.387096774193548
0.43184183142559834
0.6707184287506587
1.0347829792262417
0.6168259113042437
2.4039172772913346
0.040522875816993466
10435.508844953174
3.3207907309212383
158.41437908496732
0.20707761971891153
4.767643214148404
465.92549019607844
0.22582083813917725
4.810457516339869
51.48888888888889
245.39346405228758
11.951016702977487
0.2623456790123457
0.05614229868902293
0.17480297283522464
0.034455490906925186
