1.0
1.0
1.0
40.0
30.0
1.0
238.0075
163.0
255.0
1.0
1.0
1.0
40.0
30.0
1.0
0.0
0.0
0.0
40.0
30.0
1.0
928.0
2.0
17.326508620689655
14.85344827586207
0.0
17.326508620689655
14.85344827586207
0.0
0.7544207975664219
0.0
0.0
46.44350986775948
40.0
30.0
49.4064773081425
49.4064773081425
870.75
35.03794975621909
0.2243700207140722
1965.3879327306458
2.2571207955562973
928.0
236.0
254.0
56116613.0
0.9486993974413178
11.0
2.3150706222192876
255.0
5.779735805588585
245.8114224137931
247.0
229.0
26.0
4.5926701287369305
245.90747883411706
-0.48153459981216284
56116613.0
0.5351353485434007
47.23275745949763
2.0779012752837716
1.390199571702928
0.8510771913148416
0.29652282399141283
0.7663110873922321
0.18539487965002605
0.6106250741353734
0.18539487965002605
0.6869768854650984
0.15002940386331443
0.3741176126155566
1.6437305829330884
-0.29660389334682236
0.6541873795458257
0.9073025601749869
0.9629210240699947
0.9073025601749869
0.9382017067833246
0.18539487965002605
0.5171029884720588
1.4583357032830624
0.2379264917605645
130.5958758081492
0.5318504642005186
0.23407476789974072
2.1218712577310286
27.49624794901088
56.19625209211791
20.32124691323412
0.7195321855672429
3.9521953499022944
39.551687997278194
0.15676247589166648
0.2645474137931035
11.74889853872661
0.3299119422301814
0.6851687085797599
0.24109775064278674
5.545454545454546
0.5041322314049587
0.24793388429752064
2.3636363636363638
22009.272727272728
50147.90909090909
14974.613636363636
0.6590909090909091
1.0
0.09090909090909091
0.11119087734927828
0.4119090123487915
0.036011343599399954
3.4594316186372938
0.011853448275862068
14892.049586776859
3.5094543572488335
184.48922413793105
0.19880304325208087
3.4692144768133173
496.6056034482759
0.23243232572829964
2.1023706896551726
50.85344827586207
106.13685344827586
37.03259698275862
0.7244073275862069
0.03009945307545113
0.06441212279731497
0.021521285644985164
