1.0
1.0
1.0
40.0
30.0
1.0
230.34916666666666
185.0
255.0
1.0
1.0
1.0
40.0
30.0
1.0
0.0
0.0
0.0
40.0
30.0
1.0
820.0
2.0
14.489024390243902
14.354878048780488
0.0
14.489024390243902
14.354878048780488
0.0
0.8241445501416118
0.0
0.0
39.86980048428976
40.0
30.0
49.4064773081425
49.4064773081425
783.8333333333334
32.8584787843608
0.24105076615490892
1705.5250160881046
2.1758771202484857
820.0
234.0
250.0
48038947.0
0.5656626151456943
8.0
3.1907137191054824
255.0
4.729205829863176
241.96219512195123
242.0
224.0
31.0
3.2610330134030368
242.04148757458313
-0.20704159092083063
48038947.0
0.7812819750148721
38.377839083878634
4.574163898404301
2.1244082981625336
0.76461597172637
0.43308839052976833
0.34783027349013745
0.10362435082818815
0.5417760597050765
0.10362435082818815
0.4769866576745631
0.09243583280482459
0.6834324337239188
0.9813008720192502
-0.27152258332032775
0.507102414754073
0.948187824585906
0.9896375649171812
0.948187824585906
0.9740939122929531
0.10362435082818815
0.819844943417647
0.8776765211910627
0.1128636560795814
75.067736817566
0.550028728904602
0.24566722724163553
5.4247110299764945
85.76967588193016
356.41474845782426
21.08730651039892
0.2257579260310257
4.280216406132896
16.916406185602696
0.12076121167147705
0.16585365853658537
44.7360152887579
0.2501681333724854
1.4782836154267849
0.06460829126413739
5.923076923076923
0.4556213017751479
0.6982248520710059
6.384615384615385
38940.769230769234
156555.84615384616
9713.324786324785
0.33760683760683763
1.6153846153846154
0.1242603550295858
0.25291173956023755
0.424041431529297
0.23339646447820359
3.1808329872054375
0.015853658536585366
34962.07100591716
2.42940951880998
284.5487804878049
0.34701070791195715
2.929767995240928
640.6512195121951
0.11068411659726353
4.592682926829268
61.80731707317073
268.7609756097561
14.856165311653115
0.23597560975609755
0.02482685937970491
0.11301218014305993
0.008265051940052342
