1.0
1.0
1.0
40.0
30.0
1.0
243.26833333333335
181.0
255.0
1.0
1.0
1.0
40.0
30.0
1.0
0.0
0.0
0.0
40.0
30.0
1.0
1005.0
1.0
19.424875621890546
14.171144278606965
0.0
19.424875621890546
14.171144278606965
0.0
0.6891950073334008
0.0
0.0
48.470321682048265
40.0
30.0
49.4064773081425
49.4064773081425
959.5
33.40550370711155
0.22449904370980847
2095.557660198182
2.1840100679501635
1005.0
240.0
255.0
63273428.0
0.8140263623257493
6.0
5.281416928753851
255.0
4.720867305264715
250.83781094527365
254.0
228.0
27.0
2.851974081041538
250.91559303054612
-1.7746179357358924
63273428.0
0.6232647706739931
39.02742605381055
3.2490461423410317
1.769959539627261
0.9930089421252047
-0.5676418956107042
0.5867793900171082
0.12166495308150217
0.6562003880298292
0.12166495308150217
0.5322953012666858
0.10659893199946929
0.5391788964512254
1.2746224976538305
-0.36147940424760094
0.6532402532184333
0.9391675234592488
0.9756670093836997
0.9391675234592488
0.9594450156394994
0.12166495308150217
0.7091270630865099
1.1529575445723288
0.17711108577465262
92.91048389164828
0.5010113808821977
0.24949430955890115
2.456213487549104
69.02873665116816
257.14001073436003
22.000918130370184
0.635946628112724
4.133246166067235
27.283545896902062
0.14362542018904334
0.1845771144278607
37.23549320349204
0.3350892177910108
0.6350853845346205
0.2600901761051084
5.0
0.5555555555555556
0.2222222222222222
2.0
63641.0
242799.0
18851.5
0.75
1.0
0.1111111111111111
0.006762659638274756
0.014726434306828481
0.004771715971136325
3.169925001442309
0.008955223880597015
51171.55555555556
2.802508563307232
331.79203980099504
0.33014133313531846
3.5608960174253115
626.3810945273632
0.1883676146630034
3.244776119402985
60.16218905472637
210.6099502487562
22.550248756218906
0.4388059701492537
0.024901029151295676
0.06858509277121574
0.013980013246315664
