1.0
1.0
1.0
40.0
30.0
1.0
239.75666666666666
179.0
255.0
1.0
1.0
1.0
40.0
30.0
1.0
0.0
0.0
0.0
40.0
30.0
1.0
1097.0
1.0
19.511394712853235
14.504102096627165
0.0
19.511394712853235
14.504102096627165
0.0
0.7431088403020243
0.0
0.0
48.21901566809719
40.0
30.0
49.4064773081425
49.4064773081425
1052.0
35.83197681362485
0.2198238134037602
2275.550860621482
2.16307116028658
1097.0
230.0
255.0
64922700.0
0.9183050485354349
15.0
2.034371991760677
255.0
7.364199536483439
243.1175934366454
243.0
224.0
31.0
6.546435770860779
243.2735948115687
-0.22932718769986715
64922700.0
0.5783378718291122
75.87769411729514
5.423856787207908
2.2952537561052395
1.085990712480996
0.5270239128665548
0.7420826893724721
0.11943654061880274
0.7228173889910141
0.11943654061880274
0.524789911108971
0.10474724259768341
0.4724045928387536
1.4318255716725747
-0.4316365761356187
0.7355193129881444
0.9402817296905985
0.9880563459381198
0.9402817296905985
0.9701408648452994
0.11943654061880274
0.6377216965942467
1.3123890310537725
0.21537980749781874
95.55565037400618
0.49509226671013495
0.28856875424102213
5.7595182661403435
60.11899227537021
303.3145034727693
13.305857388565725
0.2227486559772884
4.597676448500741
19.367453616629373
0.0967716863963487
0.1754785779398359
23.563568899277126
0.22767780080986605
1.2691257489718957
0.06858765396886354
5.933333333333334
0.39555555555555555
0.8622222222222222
5.133333333333334
39446.86666666667
170759.26666666666
9501.655555555557
0.48518518518518516
3.8
0.25333333333333335
0.4849710646988739
1.1642817311079026
0.40945394749937397
2.8729055953200535
0.013673655423883319
34098.38222222222
2.986008698010039
349.7292616226071
0.3188051610051113
3.024707310648333
634.436645396536
0.215632424221524
5.446672743846855
60.72652689152233
324.0610756608933
12.930973361693507
0.21346095411728958
0.02828099875792175
0.1396820511941567
0.009978834020225164
