1.0
1.0
1.0
40.0
30.0
1.0
250.11416666666668
204.0
255.0
1.0
1.0
1.0
40.0
30.0
1.0
0.0
0.0
0.0
40.0
30.0
1.0
1029.0
1.0
17.178814382896014
13.9533527696793
0.0
17.178814382896014
13.9533527696793
0.0
0.8187839915593915
0.0
0.0
41.7590320167704
40.0
30.0
49.4064773081425
49.4064773081425
988.6666666666666
34.191626918347694
0.22517004904772442
2131.441562037619
2.155874809882959
1029.0
248.0
255.0
66151461.0
0.5252123661728386
1.0
7.117092140332455
255.0
2.2421893372092754
253.52866861030125
255.0
242.0
13.0
0.9921457673155355
253.54907633589826
-2.2864209899683914
66151461.0
0.7909903375483194
10.348303475214882
3.6730094747081514
1.9025686631648242
0.6926854340957402
-0.397371169173095
0.2822213555607423
0.06939302957264246
0.5978574784739511
0.06939302957264246
0.35717276712475426
0.06402723390456239
0.7601655735287453
0.7550621474875326
-0.3541178256840432
0.5109845318521453
0.9653034852136788
0.9861213940854715
0.9653034852136788
0.9768689901424524
0.06939302957264246
0.867872148378503
0.6856691179148905
0.08790359628334621
65.9579433311154
0.5074162525553267
0.2462918737223366
2.5968732190686095
170.25235000061332
670.0038402641092
45.31447743473938
0.6007816952328476
4.060298133356791
19.657487628173186
0.14245527732987223
0.12657920310981535
91.02230172050344
0.3344110702998325
0.507076367346753
0.29124474603810246
5.8
0.58
0.21000000000000002
1.9
71702.7
285080.4
18358.275
0.775
1.0
0.1
0.023057197837430234
0.05646654112019824
0.014704862016738231
3.3219280948873595
0.009718172983479106
61114.29
1.8835974825142388
529.9504373177842
0.5150150022524629
3.135894813291136
813.9290573372206
0.10450483122584034
3.6443148688046647
66.93391642371235
257.52575315840625
19.285957240038872
0.3389212827988338
0.022659630142594415
0.06616203388456847
0.011784029207100904
