1.0
1.0
1.0
40.0
30.0
1.0
250.30833333333334
207.0
255.0
1.0
1.0
1.0
40.0
30.0
1.0
0.0
0.0
0.0
40.0
30.0
1.0
1052.0
1.0
19.915399239543728
15.097908745247148
0.0
19.915399239543728
15.097908745247148
0.0
0.7079478740936747
0.0
0.0
46.529978396319265
40.0
30.0
49.4064773081425
49.4064773081425
1003.1666666666666
32.94079928729883
0.22012518956988966
2201.5562022824647
2.194606614669345
1052.0
247.0
255.0
67296703.0
0.6536880118736512
3.0
4.179842372429233
255.0
2.605383191892318
252.90209125475286
255.0
243.0
12.0
1.7344680394104492
252.92340737859752
-1.5444977439331837
67296703.0
0.720114863594963
10.782238972661165
3.508231840814422
1.853715612372441
0.8253781878255361
-0.48195756431651193
0.39369327321090886
0.10582999260580399
0.5756592653054635
0.10582999260580399
0.48607667233131324
0.09447875989830633
0.6557596071933373
1.023241282609927
-0.29540161526619513
0.5437413675243401
0.9470850036970979
0.9788340014788391
0.9470850036970979
0.9647233357980654
0.10582999260580399
0.8008006160695391
0.9174112900041236
0.1248808164541782
91.36292818660367
0.5023529434860929
0.24882352825695353
2.5689482702727737
76.05306044397103
292.8592639011099
21.85150957968632
0.6077629324318066
4.074128473727532
27.21996356844039
0.14757430633975627
0.1727661596958175
39.91633343446759
0.3695328283112582
0.5858294584603148
0.31545867077399403
11.153846153846153
0.8579881656804734
0.07100591715976332
1.2307692307692308
59528.92307692308
236211.61538461538
15358.25
0.9423076923076923
1.4615384615384615
0.11242603550295859
0.2073804332334071
0.20738073464627993
0.2073803578801889
3.2389012566026274
0.012357414448669201
52980.37869822485
2.5117241019580834
381.2034220532319
0.36236066735098094
3.7513156182682996
757.5608365019011
0.13994256820251846
3.4952471482889735
61.78326996197718
231.6454372623574
19.317728136882128
0.37618821292775667
0.027960110383753557
0.07236879662440951
0.01685793882358957
