1.0
1.0
1.0
40.0
30.0
1.0
243.66166666666666
205.0
255.0
1.0
1.0
1.0
40.0
30.0
1.0
0.0
0.0
0.0
40.0
30.0
1.0
807.0
2.0
20.66542750929368
13.649318463444857
0.0
20.66542750929368
13.649318463444857
0.0
0.8172916722393183
0.0
0.0
44.97016577015515
40.0
30.0
48.82622246293481
48.82622246293481
752.0
36.75374198316945
0.2329205717468322
1716.938888184629
2.2831634151391342
807.0
244.0
255.0
51103293.0
0.8117687598405474
5.5
3.1745209677381268
255.0
3.576327948296276
251.6071871127633
254.0
240.0
15.0
2.6424525933364804
251.64463496135323
-1.1813827605113674
51103293.0
0.6246904025956279
18.845698035620778
3.286409078348667
1.789830525377996
0.830783364993777
-0.48012107329026377
0.49773872027897464
0.16616499557064301
0.4985891853522912
0.16616499557064301
0.6458166575417468
0.13798294601013367
0.5300651960650574
1.324574710953394
-0.21366623304708607
0.513790296383815
0.9169175022146785
0.9667670008858713
0.9169175022146785
0.9446116681431189
0.16616499557064301
0.7067480275926745
1.158409715382751
0.1659759289624044
104.19909703090451
0.5050798093603859
0.24746009531980706
2.384484938651917
33.226396895547815
124.68225777279915
10.362431676234984
0.6538787653370207
3.625166509971976
38.2536640587168
0.18017192126060053
0.25619578686493183
16.386676661218715
0.402985000847331
0.6109478434730381
0.3509942901909042
19.72
0.7888
0.1056
1.36
14437.96
57353.92
3708.97
0.91
2.2
0.088
0.17795284902313252
0.21275318458984874
0.16925276513145346
3.893660689688181
0.030978934324659233
13395.961600000002
3.0812890114438245
178.85130111524163
0.22162490844515692
4.617121868901142
504.1251548946716
0.1876547987021861
3.2490706319702602
52.92565055762082
192.75092936802974
17.969330855018587
0.43773234200743494
0.0389514342957799
0.08610159244522997
0.02716389475841739
