1.0
1.0
1.0
40.0
30.0
1.0
241.47083333333333
202.0
255.0
1.0
1.0
1.0
40.0
30.0
1.0
0.0
0.0
0.0
40.0
30.0
1.0
754.0
2.0
20.806366047745357
13.620689655172415
0.0
20.806366047745357
13.620689655172415
0.0
0.8171800105272167
0.0
0.0
44.79195889037848
40.0
30.0
49.4064773081425
49.4064773081425
705.4166666666666
36.603093437574145
0.23962582131702395
1599.2424937834633
2.2670891819730135
754.0
241.3
254.0
46346121.0
0.9828586897127052
8.0
1.866601244915356
255.0
3.749491658985851
247.8872679045093
248.0
240.0
15.0
3.1817654705458764
247.92540002746762
-0.17195850944324456
46346121.0
0.5118343195266272
18.906389617882343
2.2190292700718555
1.4353223353305944
0.8415155236278427
0.18717811277021207
0.8093174222960233
0.173875471839856
0.6463624523819254
0.173875471839856
0.6608942557762896
0.14250532054199105
0.3658982323900693
1.6461642023931313
-0.3336170375902503
0.6883243009775115
0.9130622640800721
0.9652249056320289
0.9130622640800721
0.9420415093867147
0.173875471839856
0.4777399287494776
1.4722887305532755
0.2457982235339698
99.43256852224593
0.5117230497513895
0.2441384751243053
2.2761190645375455
27.772537168541717
63.37030349939054
18.87309558582951
0.6809702338656137
3.9834750612918697
31.001747148534157
0.1531926479969593
0.2579575596816976
10.926534575420487
0.2784257460307975
0.6377639814507987
0.18859118717579718
7.142857142857143
0.5102040816326531
0.24489795918367346
2.2857142857142856
14480.42857142857
22559.214285714286
12460.732142857143
0.6785714285714286
1.5714285714285714
0.11224489795918367
0.1946439734708168
0.41442268519249054
0.13969929554039837
3.3787834934861722
0.01856763925729443
11579.836734693878
3.56647269183972
146.3633952254642
0.1941159087870878
3.2293690942735123
385.9230769230769
0.2440828402366864
2.269230769230769
51.342175066313
116.21618037135279
35.12367374005305
0.6826923076923077
0.031010916290575567
0.07024982490294476
0.021201189137483267
