1.0
1.0
1.0
40.0
30.0
1.0
239.19833333333332
180.0
255.0
1.0
1.0
1.0
40.0
30.0
1.0
0.0
0.0
0.0
40.0
30.0
1.0
742.0
1.0
19.99865229110512
14.20754716981132
0.0
19.99865229110512
14.20754716981132
0.0
0.6989587914407406
0.0
0.0
49.7471612649188
40.0
30.0
49.4064773081425
49.4064773081425
679.6666666666666
34.771215715335266
0.23305583312767714
1604.0631473727053
2.3600732918676393
742.0
240.0
255.0
45473342.0
0.9810500410709123
9.0
1.88237424423273
255.0
4.668485407691022
247.49865229110512
248.0
237.0
18.0
4.10292562410444
247.5577255778164
-0.241893500159156
45473342.0
0.5130774987104132
29.244607348101216
2.228521607327803
1.4470432269503355
0.7827831869594141
0.13979707426375781
0.7632484064672003
0.22521614704640708
0.5446334162464825
0.22521614704640708
0.7587084317049089
0.17198108655914568
0.3337866366840506
1.7480724820576257
-0.2374584634424446
0.5971214811795837
0.8873919264767964
0.9549567705907185
0.8873919264767964
0.924927950984531
0.22521614704640708
0.440348699526461
1.522856335011219
0.24711613837840182
127.48594917704811
0.5227966603356375
0.23860166983218126
2.183405865022384
18.769591524960198
43.34223060036901
12.626431756107998
0.704148533744404
3.6056115428379423
52.325807252936386
0.20572366443285522
0.32850404312668463
7.869712329453715
0.3971447952238846
0.8108701377016861
0.2937134596044342
7.5
0.625
0.1875
3.25
16560.0
22725.25
15018.6875
0.4375
1.0
0.08333333333333333
0.10058785906516321
0.15087070862106253
0.08801714667618836
3.584962500721152
0.016172506738544475
12736.638888888889
3.658011788986037
131.1266846361186
0.176720599240052
3.602879955827116
380.70350404312666
0.24346125064479332
2.257412398921833
44.20485175202156
102.55121293800539
29.618261455525605
0.6856469002695418
0.03676153409102485
0.08131949028488306
0.025622045042560302
