1.0
1.0
1.0
40.0
30.0
1.0
244.92
196.0
255.0
1.0
1.0
1.0
40.0
30.0
1.0
0.0
0.0
0.0
40.0
30.0
1.0
934.0
1.0
19.936830835117775
14.80085653104925
0.0
19.936830835117775
14.80085653104925
0.0
0.7409073797781678
0.0
0.0
46.79664739935115
40.0
30.0
49.4064773081425
49.4064773081425
879.0833333333334
34.67198140705607
0.2242740114761854
1978.754296577791
2.250929145789505
934.0
243.0
255.0
58776291.0
0.91793853259556
8.0
2.768250402097583
255.0
4.133796294173479
250.81049250535332
253.0
238.0
17.0
3.2344404755851026
250.85782377993715
-0.9707310923563252
58776291.0
0.5557937355850135
23.744600828102293
2.986365565217839
1.6963617283389851
0.8410002273325438
-0.421887295733406
0.6403052004363494
0.20543923959823374
0.513937303986704
0.20543923959823374
0.7277211994856648
0.16210903538481541
0.41501874459789306
1.5808616639131328
-0.21493123003719405
0.5534844149026749
0.8972803802008831
0.9589121520803533
0.8972803802008831
0.9315202534672554
0.20543923959823374
0.5936421085398683
1.3754224243148991
0.21143611000864576
132.17836646277388
0.504096339867024
0.24795183006648805
2.379246093975806
26.647309825050563
92.98230798943464
10.063560283954546
0.6551884765060485
3.697315605279763
48.806160959322014
0.18043283119198522
0.28104925053533186
12.832862325149748
0.3853102175738076
0.6623962520280837
0.31603870896023867
10.0
0.625
0.1875
1.75
22825.25
86486.9375
6909.828125
0.8125
2.125
0.1328125
0.2558350456708757
0.30386945338556376
0.24382644374220364
3.4056390622295623
0.017130620985010708
19417.609375
3.3990524865281797
175.6980728051392
0.1881135683138535
3.9875509539683343
519.1113490364025
0.22210313220749328
3.001070663811563
49.57173447537473
165.82334047109208
20.508832976445397
0.4997323340471092
0.03651430782083632
0.0820222924803199
0.025137311655965423
