1.0
1.0
1.0
40.0
30.0
1.0
184.65416666666667
93.0
253.0
1.0
1.0
1.0
40.0
30.0
1.0
0.0
0.0
0.0
40.0
30.0
1.0
789.0
1.0
20.491761723700886
12.275031685678073
0.0
20.491761723700886
12.275031685678073
0.0
0.7059249168051295
0.0
0.0
47.394504878591775
40.0
30.0
49.4064773081425
49.4064773081425
742.25
33.4569619134402
0.23742696974245334
1669.7606121975753
2.249593280158404
789.0
186.8
237.0
36360288.0
1.7085865693796536
28.0
2.2958124538546727
253.0
15.620202370683076
213.84537389100126
215.0
172.0
81.0
11.69283154566309
214.67187801182874
-0.27010697176671294
36360288.0
0.33882069841820595
354.17127454334866
10.4138741780652
3.1610516933086603
9.845118486117542
-0.5622097674525864
2.0404625449238054
0.35426362082706453
0.7041091012487948
0.32233262471028074
0.9691354528336591
0.24742960532135105
0.20051324737911244
2.7780094226714773
-0.31948698749001125
0.8003682261104668
0.842026787256538
0.9866527985908955
0.8439757889641326
0.9470253197391487
0.2960904660173065
0.31711733423531385
2.377251341919215
0.5986815414377175
90.55088731646171
0.30798976240191334
0.7818838543322308
8.818309783674096
14.059278375239373
159.63779803787008
1.5753406747075802
0.19054800124370985
4.076409948486077
80.40585057744171
0.2641227090407072
0.3726235741444867
6.262829851398572
0.49980323038927316
3.697031283642259
0.12640458269064433
11.35897435897436
0.29125575279421434
1.2202498356344509
5.641025641025641
3721.3076923076924
36994.692307692305
431.22570512820505
0.4720014245014245
8.179487179487179
0.20973044049967127
0.46076632104298415
1.0107520821577904
0.35318155747925684
3.6182342699223993
0.049429657794676805
3312.0236686390535
4.385097716497272
114.97465145754119
0.14572199170791025
4.6194104295276786
267.3295310519645
0.6497837020759138
10.237008871989861
40.847908745247146
463.4638783269962
4.441669835234474
0.14165997746796227
0.06369002453584353
0.4218038407448602
0.023962702477967092
