1.0
1.0
1.0
40.0
30.0
1.0
236.0875
113.0
255.0
1.0
1.0
1.0
40.0
30.0
1.0
0.0
0.0
0.0
40.0
30.0
1.0
532.0
5.0
19.404135338345863
19.6296992481203
0.0
19.404135338345863
19.6296992481203
0.0
0.7195594013348758
0.0
0.0
49.11995704970829
40.0
30.0
49.4064773081425
49.4064773081425
483.25
35.344726888282906
0.25966764406981674
1146.8700072463353
2.3732436776954686
532.0
240.0
255.0
32713760.0
0.9954993847275946
11.25
1.550305646114115
255.0
5.334360336932557
247.906015037594
248.0
238.0
17.0
4.792519050315309
247.97586591276976
-0.22773149482040053
32713760.0
0.5031163434903048
34.637783368194924
2.454443661807736
1.5021127180169602
0.8967748838420014
-0.00538471946761046
0.8958128152144071
0.10378898448629008
0.7923447188892031
0.10378898448629008
0.47030837152806415
0.09165172701708423
0.40854737313256706
1.4699894285018986
-0.5295958236910454
0.8008485740717526
0.948105507756855
0.9792422031027419
0.948105507756855
0.9654036718379033
0.10378898448629008
0.4573176172545455
1.3662004440156088
0.24990044992517435
69.03676746495972
0.5669897086499943
0.21650514567500284
1.9533684885774196
43.659799121923626
126.1236543893472
23.043835305067738
0.7616578778556451
3.873561396781728
19.140256663171836
0.14537799984149435
0.23026315789473684
17.221821171504505
0.2767145147069728
0.4420520989345691
0.23538011865007363
4.333333333333333
0.7222222222222222
0.1388888888888889
1.5
16354.666666666666
46367.166666666664
8851.541666666666
0.875
1.0
0.16666666666666666
0.17164491591987688
0.17165324578243416
0.17164283345423756
2.5849625007211543
0.011278195488721804
8492.888888888887
3.24154340907082
136.65037593984962
0.2568616089094918
3.3397309062129006
267.6578947368421
0.24844182825484767
2.3815789473684212
54.57518796992481
140.36278195488723
33.12828947368421
0.6546052631578947
0.02796336522286442
0.05708960876539421
0.02068180433723197
