1.0
1.0
1.0
40.0
30.0
1.0
254.75333333333333
245.0
255.0
1.0
1.0
1.0
40.0
30.0
1.0
0.0
0.0
0.0
40.0
30.0
1.0
1177.0
1.0
19.703483432455396
14.683942225998301
0.0
19.703483432455396
14.683942225998301
0.0
0.7530749546127655
0.0
0.0
45.76694364927397
40.0
30.0
49.4064773081425
49.4064773081425
1140.9166666666667
34.46593901144199
0.21864364864420974
2414.9966983089544
2.116716118596702
1177.0
254.0
255.0
76437719.0
-3.203426503814917e-16
0.0
5.096101019587544
255.0
0.27128573790052457
254.83857264231096
255.0
253.0
2.0
0.26647931190584057
254.83884490675075
-1.93864358193168
76437719.0
1.0
0.13876703656676495
1.0
1.0
0.0
0.0
0.0
0.0
1.0
0.0
-3.203426503814917e-16
0.0
1.0
-3.203426503814917e-16
0.0
0.0
1.0
1.0
1.0
1.0
0.0
1.0
-3.203426503814917e-16
0.0
55.0
1.0
0.0
1.0
703.2878355881603
703.2878355881603
703.2878355881603
1.0
3.103040253757223
12.380929959602577
0.2897704520455714
0.04672897196261682
80.87359119630503
0.041797453187548
0.041797453187548
0.041797453187548
1.0
1.0
0.0
1.0
1385329.0
1385329.0
1385329.0
1.0
1.0
1.0
7.218501886555468e-07
7.218501886555468e-07
7.218501886555468e-07
-3.203426503814917e-16
0.0008496176720475786
0.0
0.6828594528122427
910.661852166525
0.7737144028602592
1.0293237202137544
1177.0
0.0
1.0
75.44010195412065
75.44010195412065
75.44010195412065
1.0
0.014432744407432883
0.014432744407432883
0.014432744407432883
