1.0
1.0
1.0
40.0
30.0
1.0
253.98916666666668
248.0
255.0
1.0
1.0
1.0
40.0
30.0
1.0
0.0
0.0
0.0
40.0
30.0
1.0
1121.0
2.0
19.555753791257807
14.423728813559322
0.0
19.555753791257807
14.423728813559322
0.0
0.744382781782173
0.0
0.0
46.73197648718194
40.0
30.0
49.4064773081425
49.4064773081425
1071.8333333333333
34.78647865570759
0.21700324693031642
2334.010104532548
2.177586786999734
1121.0
254.0
255.0
72431917.0
-3.203426503814917e-16
0.0
3.4610153611973105
255.0
0.3431815450872558
254.19179304192684
254.0
253.0
2.0
0.3395476458273277
254.1921786623875
0.8287726536877472
72431917.0
1.0
0.19604326136104105
1.0
1.0
0.0
0.0
0.0
0.0
1.0
0.0
-3.203426503814917e-16
0.0
1.0
-3.203426503814917e-16
0.0
0.0
1.0
1.0
1.0
1.0
0.0
1.0
-3.203426503814917e-16
0.0
77.5
1.0
0.0
1.0
381.0997132489359
381.0997132489359
381.0997132489359
1.0
3.8364810390717317
6.91303666921314
0.10084328889136042
0.06913470115967885
86.75820501443391
0.07703995085126143
0.07703995085126143
0.07703995085126143
2.0
1.0
0.0
1.0
626082.5
626082.5
626082.5
1.0
1.0
0.5
0.12500039930967344
0.12500039930967344
0.12500039930967344
0.9999999999999993
0.001784121320249777
311922.25
1.0247539057547497
742.636039250669
0.6624763954064844
1.4229187174379956
1121.0
0.0
1.0
72.77341659232827
72.77341659232827
72.77341659232827
1.0
0.015749534359618896
0.015749534359618896
0.015749534359618896
