1.0
1.0
1.0
40.0
30.0
1.0
248.36333333333334
212.0
255.0
1.0
1.0
1.0
40.0
30.0
1.0
0.0
0.0
0.0
40.0
30.0
1.0
975.0
1.0
20.698461538461537
15.099487179487179
0.0
20.698461538461537
15.099487179487179
0.0
0.7919231201543051
0.0
0.0
47.00746218759604
40.0
30.0
48.25971404805462
48.25971404805462
926.5833333333334
37.226296126136575
0.22476836034724257
2044.8993480329657
2.206924379566111
975.0
247.0
255.0
62113332.0
0.7052111289132672
4.0
4.115000289666111
255.0
2.7032573307034835
252.3774358974359
254.0
242.0
13.0
1.8553891729567376
252.40043886344876
-1.422015594675258
62113332.0
0.6899808021038791
11.611388297172914
3.438688387901568
1.8337057001515196
0.8353338418507184
-0.489486601273986
0.4296310473095544
0.12485742510598075
0.5481147311605745
0.12485742510598075
0.5394537990066003
0.10873106478920366
0.6140246990030288
1.1230684097272854
-0.26858799319097915
0.5339714302505634
0.9375712874470097
0.9750285149788038
0.9375712874470097
0.9583808582980063
0.12485742510598075
0.7712769875985291
0.9982109846213049
0.1386221181038838
94.96314761678843
0.5012292655080682
0.24938536724596588
2.5045210359957686
69.61977488323902
267.5741464179474
20.131181999561914
0.6238697410010579
3.8656536573022606
27.536272272943734
0.14161064819666286
0.19435897435897434
38.27267687800311
0.3470509363672127
0.4910525192783729
0.3110505406394226
18.1
0.905
0.0475
1.15
31703.55
124845.15
8418.15
0.9625
2.6
0.13
0.2778481104211557
0.2778483519888333
0.2778480500292363
3.184183719779185
0.020512820512820513
29326.987500000003
2.6425989718730225
310.94666666666666
0.3189196581196581
3.881860880999343
672.731282051282
0.1550095989480605
3.4246153846153846
59.31179487179487
220.4502564102564
19.027179487179488
0.39384615384615385
0.031634072232881755
0.07510277583968059
0.020766896331182047
