1.0
1.0
1.0
40.0
30.0
1.0
246.87083333333334
189.0
255.0
1.0
1.0
1.0
40.0
30.0
1.0
0.0
0.0
0.0
40.0
30.0
1.0
994.0
1.0
20.535211267605632
15.463782696177063
0.0
20.535211267605632
15.463782696177063
0.0
0.7168274738712819
0.0
0.0
46.28185030472527
40.0
30.0
49.4064773081425
49.4064773081425
944.25
33.176101840025034
0.22354008655936464
2082.188476984502
2.205124148249406
994.0
244.0
255.0
63343485.0
0.6954134933434284
3.0
5.419595374220693
255.0
3.4633677315401488
252.397384305835
255.0
237.0
18.0
1.9947687477357778
252.43977507564344
-1.8811803454369835
63343485.0
0.695784364132481
21.400435814079657
3.4748406189222973
1.8409043383772825
0.9167141038789111
-0.5330325400902904
0.43929719861459304
0.0957447924191016
0.640391739026247
0.0957447924191016
0.45310169640978926
0.0863064450842958
0.6461725593988568
1.034361767251885
-0.362013426377549
0.6013891133295176
0.9521276037904491
0.9808510415161796
0.9521276037904491
0.9680850691936329
0.0957447924191016
0.7930319421677319
0.9386169748327837
0.1337604977584237
83.40198044050209
0.5010429333390946
0.24947853333045272
2.475269609577155
95.84443392204554
371.61999527025705
26.900543584992654
0.6311825976057113
3.994516831963825
24.13423617921616
0.1403865576575914
0.16750503018108653
55.65890957488722
0.3325752266944887
0.5948853909790757
0.266997685623342
6.636363636363637
0.6033057851239669
0.1983471074380165
1.8181818181818181
55220.0
218480.54545454544
14404.863636363636
0.7954545454545454
1.0
0.09090909090909091
0.1283590343312263
0.19679174720517725
0.11125085611273859
3.4594316186372938
0.011066398390342052
47054.413223140495
2.3714007203847127
386.9476861167002
0.3892833864353121
3.4236080466703642
691.6096579476862
0.1521078179337595
3.438631790744467
62.098591549295776
230.58752515090544
19.97635814889336
0.3903420523138833
0.02516502944981555
0.0700608005237269
0.01394108668133771
