1.0
1.0
1.0
40.0
30.0
1.0
242.75166666666667
214.0
255.0
1.0
1.0
1.0
40.0
30.0
1.0
0.0
0.0
0.0
40.0
30.0
1.0
746.0
5.0
19.722520107238605
11.710455764075068
0.0
19.722520107238605
11.710455764075068
0.0
0.6924629768495643
0.0
0.0
48.28916240046407
40.0
30.0
49.4064773081425
49.4064773081425
690.9166666666666
33.4384571453974
0.2368965708011822
1595.4228081080548
2.3091392711731586
746.0
243.0
255.0
46639056.0
0.9772959256243159
7.0
2.035086919554353
255.0
3.855702261929575
249.99731903485255
251.0
241.0
14.0
3.2623845946345735
250.03768080642627
-0.5301247146056196
46639056.0
0.515654536437407
20.182298442452684
2.780202460422111
1.627174394081266
0.8348196194531629
-0.32042810492143964
0.7326283384034697
0.20264144364337408
0.5663957419856773
0.20264144364337408
0.7208337067050009
0.16010209313862256
0.37226301583795557
1.6609187750315404
-0.2566138474819427
0.6122182460837433
0.898679278178313
0.9594717112713251
0.898679278178313
0.9324528521188753
0.20264144364337408
0.525853672259579
1.4582773313881665
0.2338174455117109
113.62619941993184
0.5138125361085838
0.2430937319457081
2.255212062994465
20.96736313389361
67.05296347415597
9.445963048828022
0.6861969842513838
3.6779069274687384
41.00014026263787
0.17982040959295098
0.29691689008042893
8.66697937480448
0.3752015446368212
0.6316720749784782
0.31108391205140684
11.777777777777779
0.654320987654321
0.1728395061728395
1.6666666666666667
7906.222222222223
24272.722222222223
3814.597222222222
0.8333333333333334
2.4444444444444446
0.13580246913580246
0.3326710730153828
0.34033433964843185
0.33075525635712055
3.2607845582978485
0.024128686327077747
6188.58024691358
3.582919008063212
128.99195710455763
0.17291147064954107
4.001214700026594
384.6782841823056
0.2421727317812965
2.765415549597855
47.88739946380697
147.07640750670242
23.09014745308311
0.5586461126005362
0.04022739105075056
0.0821042313012982
0.029758180988113645
