1.0
1.0
1.0
40.0
30.0
1.0
253.30583333333334
215.0
255.0
1.0
1.0
1.0
40.0
30.0
1.0
0.0
0.0
0.0
40.0
30.0
1.0
1148.0
2.0
20.044425087108014
13.905923344947736
0.0
20.044425087108014
13.905923344947736
0.0
0.7232492730485302
0.0
0.0
46.02272734520829
40.0
30.0
49.4064773081425
49.4064773081425
1111.0833333333333
33.285904096132604
0.22030474228871702
2354.821725645348
2.1193925378942606
1148.0
255.0
255.0
74357654.0
0.26606892295785256
0.0
20.265773261291994
255.0
0.9277155240442325
254.49477351916377
255.0
241.0
14.0
0.0
254.50240786632276
-4.2037430301411565
74357654.0
0.913511151039833
3.8858611856402288
3.880480307604485
1.964369575863502
0.3352428689636138
-0.1842454848751773
0.11209618677505162
0.025256839972041284
0.6165857312552536
0.025256839972041284
0.1686642433087854
0.02457760873973805
0.9067458778867156
0.3492881109851428
-0.4082664255801545
0.4015090646851801
0.9873715800139794
0.9949486320055918
0.9873715800139794
0.9915810533426529
0.025256839972041284
0.9517411558774812
0.32403127101310186
0.03433825668677323
47.05566810848726
0.5748694338730767
0.21256528306346167
3.0479158873041854
436.35997447587874
1736.374169004754
111.35642584365989
0.4880210281739537
3.6891296198250463
12.161399150494894
0.1705222103604206
0.07208188153310105
168.28845830492784
0.26747404443660683
0.503559715035425
0.2084526267869023
5.0
0.625
0.1875
1.75
149229.25
596409.25
37434.25
0.8125
1.5
0.1875
0.0971104443311403
0.1205482588060427
0.09125099071241471
2.749999999999998
0.006968641114982578
128637.0
1.130356943215075
800.9059233449477
0.697653243331836
1.961894037805485
1048.7108013937282
0.04324442448008353
3.8641114982578397
72.91463414634147
287.80662020905925
19.191637630662022
0.28397212543554007
0.018561006308253074
0.06238448311961253
0.007605137105413207
