1.0
1.0
1.0
40.0
30.0
1.0
237.93666666666667
202.0
255.0
1.0
1.0
1.0
40.0
30.0
1.0
0.0
0.0
0.0
40.0
30.0
1.0
724.0
2.0
23.15193370165746
13.632596685082873
0.0
23.15193370165746
13.632596685082873
0.0
0.8045131274032462
0.0
0.0
43.62744267445394
40.0
30.0
49.4064773081425
49.4064773081425
661.0
35.09885034663078
0.23351635136499427
1571.4520524297675
2.377385858441403
724.0
238.0
255.0
44366266.0
0.9936272695883748
12.0
1.6428936242149599
255.0
5.714492842098838
247.46408839779005
248.0
236.0
19.0
5.212732736467803
247.5467085787585
-0.2770872699867791
44366266.0
0.5044107322731297
40.89788162754495
2.412475298461936
1.4982009076371607
0.8369320388115368
0.0079307030363764
0.834788325100263
0.1642548488990926
0.6712500625719813
0.1642548488990926
0.6389527743906546
0.13628140237196237
0.36419701062835974
1.6381626579967983
-0.36077298556996623
0.7111042988977598
0.9178725755504538
0.9671490302201815
0.9178725755504538
0.9452483837003024
0.1642548488990926
0.4302605997520318
1.4739078090977058
0.24976079349983887
112.54755581940796
0.552610379334675
0.22369481033266247
2.026162256261033
24.879203390040335
65.76360209001002
14.658103715047915
0.7434594359347417
3.784552824088867
37.14993064358209
0.17493240352623812
0.280732044198895
10.47476927410882
0.3693659516581436
0.6284251672529513
0.30460114775944175
5.2
0.52
0.24
2.2
20304.4
37427.8
16023.55
0.7
2.2
0.22
0.11459423669138033
0.22295822423415806
0.08750323980568593
2.92192809488736
0.013812154696132596
15062.640000000003
3.6124728938286768
130.50552486187846
0.1802562498092244
3.8345822777082508
365.1933701657459
0.2477946338634352
2.3591160220994474
49.45303867403315
126.6988950276243
30.141574585635357
0.6602209944751382
0.03294784123747719
0.06833092494978346
0.02410207030940062
