1.0
1.0
1.0
40.0
30.0
1.0
246.9125
198.0
255.0
1.0
1.0
1.0
40.0
30.0
1.0
0.0
0.0
0.0
40.0
30.0
1.0
979.0
2.0
17.92951991828396
15.692543411644536
0.0
17.92951991828396
15.692543411644536
0.0
0.7229959329841044
0.0
0.0
45.73340697891849
40.0
30.0
49.4064773081425
49.4064773081425
929.4166666666666
33.06506724726493
0.2237504140952141
2058.3880291955566
2.2147096162778337
979.0
244.0
255.0
61520036.0
0.9520501893670388
8.0
2.2277779484832507
255.0
3.7195111644848247
250.6414708886619
252.0
241.0
14.0
3.093022876698072
250.67841759922428
-0.6630690593290042
61520036.0
0.5328663944885496
18.522120819121884
2.8650625269592083
1.6496440484898507
0.896575653999182
-0.3938192873639656
0.7426684397383574
0.16773923702068808
0.6312626821034261
0.16773923702068808
0.6408107604368127
0.1373349155462467
0.4074612460742306
1.5609643483049613
-0.3292116742056518
0.6630133079644238
0.916130381489656
0.9664521525958624
0.916130381489656
0.944086920993104
0.16773923702068808
0.5657744299795068
1.3932251112842735
0.2276019191897614
116.142392498254
0.5038875691138366
0.24805621544308168
2.3749818068732846
36.76208289312075
117.71815480335192
16.523064915562948
0.6562545482816788
4.019008806623645
33.750616620472705
0.1383937564038536
0.23569969356486212
15.29264079952431
0.32458111321629646
0.5327933120349907
0.27252806351162284
7.5
0.625
0.1875
1.75
15180.416666666666
47581.166666666664
7080.229166666667
0.8125
1.3333333333333333
0.1111111111111111
0.1358968660724111
0.13591656265464436
0.1358919419268528
3.2516291673878195
0.012257405515832482
8524.576388888889
3.3412277597154576
224.06435137895812
0.2288706347078224
3.6743482384413855
521.6762002042901
0.23356680275572517
2.8845760980592443
54.28907048008172
168.50663942798775
25.734678243105208
0.5288559754851889
0.029832963800660427
0.06981218494661512
0.01983815851417176
