1.0
1.0
1.0
40.0
30.0
1.0
239.815
189.0
255.0
1.0
1.0
1.0
40.0
30.0
1.0
0.0
0.0
0.0
40.0
30.0
1.0
760.0
4.0
21.192105263157895
13.338157894736842
0.0
21.192105263157895
13.338157894736842
0.0
0.6516203236759541
0.0
0.0
47.4757306902425
40.0
30.0
49.4064773081425
49.4064773081425
707.4166666666666
30.936150999128245
0.23710762328912857
1619.2806724843222
2.28900554480055
760.0
242.0
255.0
48129452.0
0.8112781244591322
5.25
4.031489251234905
255.0
4.357998614958451
251.5921052631579
255.0
236.0
19.0
2.7501121711489502
251.6510010228242
-1.5195149313644947
48129452.0
0.625
29.63888504155124
3.350490802687297
1.807907078654143
0.8439792114073867
-0.4923234582348529
0.4740917396895238
0.14646086655026358
0.5257950382363639
0.14646086655026358
0.5980491505220554
0.12453008423241
0.5651936126476962
1.2400168191338157
-0.24108046745859887
0.529516664799424
0.9267695667248682
0.9707078266899473
0.9267695667248682
0.9511797111499121
0.14646086655026358
0.7346766453790111
1.0935559525835523
0.15513815155994684
95.39076509546709
0.520358028439079
0.23982098578046052
2.2031068708888553
48.150189026944204
184.2715324854469
14.119853162318527
0.6992232822777862
3.4758415816080417
42.22643218814908
0.22359796017486722
0.2417763157894737
29.504506974648827
0.4613056200044897
0.6862765875727159
0.40506287811243313
18.75
0.78125
0.109375
1.375
13241.25
52449.75
3439.125
0.90625
2.3333333333333335
0.09722222222222222
0.21334885996556144
0.24655238356250023
0.20504797906632674
3.6682958340544847
0.031578947368421054
12238.47222222222
2.895924383043695
198.58947368421053
0.26130193905817173
4.974619113573407
475.0
0.1875
3.25
54.9
202.88684210526316
17.90328947368421
0.4375
0.03963304300765141
0.08487074477695561
0.028323617565325344
