1.0
1.0
1.0
40.0
30.0
1.0
238.7625
184.0
255.0
1.0
1.0
1.0
40.0
30.0
1.0
0.0
0.0
0.0
40.0
30.0
1.0
841.0
3.0
21.443519619500595
14.670630202140309
0.0
21.443519619500595
14.670630202140309
0.0
0.7016395090438651
0.0
0.0
47.65749261454383
40.0
30.0
49.4064773081425
49.4064773081425
785.8333333333334
33.438379720330154
0.23066310686591796
1785.3619917323792
2.2719346660433244
841.0
237.0
255.0
52375831.0
0.9409323290041103
9.0
2.9396627785893674
255.0
5.714311567820992
249.461355529132
253.0
232.0
23.0
4.340411536515434
249.55568364395387
-1.1040976185338784
52375831.0
0.5403806973465991
47.07133656919951
2.974030188126991
1.6850523953903196
0.9193377017499529
-0.4563940802648682
0.7004327574471533
0.1622539960879364
0.6227433666687454
0.1622539960879364
0.6347520636000623
0.1350008569946036
0.4336557662378516
1.5115998608784924
-0.3168443226163854
0.6514689639956925
0.9188730019560318
0.9675492007824127
0.9188730019560318
0.9459153346373546
0.1622539960879364
0.6039253973463514
1.3493458647905565
0.21567168838377243
108.67090734459607
0.5186611608454779
0.2406694195772611
2.215658033879627
38.11305606362342
133.36107203577993
14.301052070584294
0.6960854915300934
3.79239861908974
37.165319208534314
0.17080401957232066
0.2494054696789536
20.15030036585599
0.3682307244446701
0.6095581433943503
0.30789886970724994
11.125
0.6953125
0.15234375
1.5625
14303.5625
53861.1875
4414.15625
0.859375
1.25
0.078125
0.11727857889207229
0.16417927281315903
0.1055534054118006
3.8749999999999947
0.019024970273483946
11540.74609375
3.256918962201993
185.44233055885852
0.22050217664549168
4.002355499440816
454.4601664684899
0.22980965132670042
2.92627824019025
53.06896551724138
173.71105826397147
22.90844233055886
0.5184304399524375
0.03272968264903178
0.07494633143035698
0.02217552045370048
