1.0
1.0
1.0
40.0
30.0
1.0
243.32833333333335
185.0
255.0
1.0
1.0
1.0
40.0
30.0
1.0
0.0
0.0
0.0
40.0
30.0
1.0
903.0
2.0
20.218161683277962
15.613510520487266
0.0
20.218161683277962
15.613510520487266
0.0
0.7423855595035749
0.0
0.0
50.01718843676688
40.0
30.0
49.4064773081425
49.4064773081425
850.4166666666666
37.13203842242492
0.22830483152488482
1901.3272128198714
2.235759583913617
903.0
244.0
255.0
57329622.0
0.7824441294066883
4.0
5.247290491866663
255.0
3.949132275949865
251.9158361018826
255.0
235.0
20.0
2.338812184966035
251.96815967175712
-1.7802852448353104
57329622.0
0.6430502974580854
26.365009461509494
3.334622677067382
1.7987160224943541
0.9435746567654415
-0.5471001542147809
0.5199478773699578
0.12305078083136103
0.616249030779918
0.12305078083136103
0.5336261876921727
0.10721962471460508
0.5712810461847355
1.2106325234207713
-0.3280465660538893
0.6071210686647583
0.9384746095843195
0.9753898438337277
0.9384746095843195
0.958983073056213
0.12305078083136103
0.7371906320786737
1.0875817425894105
0.1607496645503297
91.83536495351143
0.5023870583162359
0.24880647084188204
2.427989196564722
62.34512718591709
233.4680053560743
19.564407643377795
0.6430027008588195
3.953628345520136
27.58604287097694
0.14687241115045044
0.2026578073089701
34.57443831303336
0.3563020384940492
0.507312868114183
0.31854933108901573
5.285714285714286
0.7551020408163265
0.12244897959183673
1.4285714285714286
71012.42857142857
276833.4285714286
19557.178571428572
0.8928571428571429
1.2857142857142858
0.1836734693877551
0.1800680567549853
0.18006894914919866
0.18006783365643195
2.5216406363433164
0.007751937984496124
54371.428571428565
2.755660132549652
275.86821705426354
0.30550190149973816
3.8565578746371463
580.6744186046511
0.17847485127095727
3.302325581395349
58.30232558139535
209.96677740863788
20.38621262458472
0.42441860465116277
0.02830974486098939
0.07000520245217155
0.01788588046319385
