1.0
1.0
1.0
40.0
30.0
1.0
249.91166666666666
206.0
255.0
1.0
1.0
1.0
40.0
30.0
1.0
0.0
0.0
0.0
40.0
30.0
1.0
955.0
3.0
21.980104712041886
14.715183246073298
0.0
21.980104712041886
14.715183246073298
0.0
0.8822673967781531
0.0
0.0
39.40803883370981
40.0
30.0
48.82622246293481
48.82622246293481
915.5
34.768427833949524
0.2303507510664553
1979.3992025194045
2.1620963435493223
955.0
254.0
255.0
61814275.0
0.2740364221240018
0.0
17.523725146901324
255.0
1.0301910583591412
254.40732984293194
255.0
244.0
11.0
0.07765043937318455
254.41499470116892
-3.848973308996681
61814275.0
0.9101998300485183
3.9000509854444783
3.901216011834264
1.9727186844025713
0.17481253676511216
-0.10448416339456384
0.07225239169319311
0.03388008274689918
0.35336718210446294
0.03388008274689918
0.2130603977736179
0.032713455880374234
0.9142203068995797
0.32839155733864767
-0.17535757292745285
0.24043124371335026
0.9830599586265505
0.9932239834506201
0.9830599586265505
0.988706639084367
0.03388008274689918
0.9557786430291217
0.29451147459174887
0.02653311861002307
49.23430598029221
0.5307141199410155
0.23464294002949226
2.807849133537207
247.2916507390418
986.8330243374108
62.40630733944954
0.5480377166156982
3.66678851070712
15.326932551817873
0.1720653400602211
0.09659685863874345
128.94429622622755
0.3808693263750944
0.5217849289925625
0.34564042572072734
15.117647058823529
0.889273356401384
0.05536332179930796
1.1764705882352942
48721.82352941176
194857.11764705883
12188.0
0.9558823529411765
3.588235294117647
0.21107266435986158
0.2880923912957688
0.2880926043987615
0.28809233802002066
2.3745560483818817
0.01780104712041885
45566.027681660904
1.2928762226113053
600.1979057591623
0.628479482470327
2.8645991063841456
869.2408376963351
0.044900084975740794
3.858638743455497
70.55183246073298
281.0167539267016
17.93560209424084
0.28534031413612565
0.02548872627391077
0.06886677246039
0.014644214727290954
