1.0
1.0
1.0
40.0
30.0
1.0
229.21333333333334
118.0
255.0
1.0
1.0
1.0
40.0
30.0
1.0
0.0
0.0
0.0
40.0
30.0
1.0
985.0
2.0
21.111675126903553
15.532994923857869
0.0
21.111675126903553
15.532994923857869
0.0
0.750146890568455
0.0
0.0
46.65216894228947
40.0
30.0
49.4064773081425
49.4064773081425
936.25
34.9959794703327
0.22425584853744915
2063.80297171579
2.2043289417525127
985.0
224.0
255.0
59121593.0
1.3735172970106888
10.0
5.17248572114976
255.0
8.932010616094203
244.68934010152284
249.0
202.0
53.0
5.354561724547043
244.99371793458536
-1.7213860540961585
59121593.0
0.4144492256950707
149.0486680924528
6.090759260007522
2.410289849965806
4.55216993476248
-0.9269341590463391
1.3755772952313063
0.25056419604525043
0.6919772185665201
0.2377241980292547
0.8168186000189906
0.19309311189563652
0.2837835227384707
2.206678302654575
-0.33376343596396935
0.7619790400030477
0.8824219007869722
0.9755361956885209
0.8832779006547054
0.9412109503934861
0.22648919976525844
0.4106089995571661
1.9338044402375327
0.4065353728191392
103.89602073136491
0.36080712560249917
0.5383238747273492
5.078935153777858
23.062738625067347
156.87389278424052
4.648102006517126
0.36240669462972663
4.185488680441243
56.923595385525985
0.19565685697690804
0.2918781725888325
10.673314499535822
0.43182526800500864
1.665482188927291
0.21737947618425388
10.407407407407407
0.38545953360768176
0.6529492455418381
3.5555555555555554
7956.259259259259
52727.7037037037
1478.7067901234566
0.6080246913580247
3.740740740740741
0.13854595336076816
0.3370183829728429
1.0454401175484922
0.25315054577709195
3.7080481500712263
0.027411167512690356
6625.360768175583
3.9134683783807858
183.61928934010152
0.1864155221726919
4.431920430827901
408.2324873096447
0.44163982581359995
6.0852791878172585
48.853807106598985
323.8456852791878
10.231049069373944
0.2611111111111111
0.04345443174449701
0.19722835717291243
0.020262329270295153
