1.0
1.0
1.0
40.0
30.0
1.0
228.84416666666667
101.0
255.0
1.0
1.0
1.0
40.0
30.0
1.0
0.0
0.0
0.0
40.0
30.0
1.0
985.0
1.0
20.790862944162438
14.030456852791879
0.0
20.790862944162438
14.030456852791879
0.0
0.8126201910096039
0.0
0.0
45.13045350228358
40.0
30.0
49.4064773081425
49.4064773081425
932.5833333333334
36.67391774537573
0.22283599379921856
2071.5267650309383
2.221277918002972
985.0
224.4
255.0
58844196.0
1.3700917099799397
14.0
4.64099006270206
255.0
9.626208353732379
244.08730964467006
248.0
202.0
53.0
6.123279609068072
244.4182900431435
-1.531720669221855
58844196.0
0.4146471179365611
161.685778041176
6.036462820100537
2.4051713024446917
3.6164800069180334
-0.6253412313591813
1.258148447471895
0.2520286896493477
0.6653368480492142
0.2402267724711124
0.8195334068775183
0.19330795779831783
0.2874119382419975
2.174351383773651
-0.3151061583836597
0.7411992278897241
0.8810668054822672
0.97534183490483
0.8818535999608164
0.9405334027411336
0.22990009494015654
0.3902093989592389
1.8996785573204185
0.3775442842803107
104.8374811924073
0.3555394236331583
0.5478497911637867
4.836682417144405
22.12318463045364
148.87136506193372
4.316786343614697
0.3876142180951159
4.133694689523247
62.88598077409836
0.20926146176837845
0.2989847715736041
10.194273569073111
0.4518202838538436
1.6541592019427438
0.24226720568750215
12.290322580645162
0.3964620187304891
0.5515088449531738
3.2580645161290325
7071.645161290323
55447.1935483871
1047.7939068100359
0.6146953405017922
4.096774193548387
0.13215400624349635
0.3173997242522593
0.8618094189850619
0.1995707532461333
4.0266192941880465
0.03147208121827411
6062.045785639959
3.934755975555471
169.51573604060914
0.17209719394985698
4.839324898863666
408.4274111675127
0.42859130614032825
5.952284263959391
48.50659898477157
318.93502538071067
9.486068809926678
0.26277495769881554
0.04684129925705947
0.200036234817296
0.021680216554566926
