1.0
1.0
1.0
40.0
30.0
1.0
253.22333333333333
216.0
255.0
1.0
1.0
1.0
40.0
30.0
1.0
0.0
0.0
0.0
40.0
30.0
1.0
1130.0
1.0
19.56283185840708
13.91150442477876
0.0
19.56283185840708
13.91150442477876
0.0
0.7165271077565453
0.0
0.0
47.506172339122315
40.0
30.0
49.4064773081425
49.4064773081425
1089.1666666666667
34.039460266735304
0.21973096676813156
2329.8202677296276
2.1390851731259013
1130.0
252.0
255.0
73026374.0
0.15320504161897833
1.0
8.733164830222387
255.0
1.0478502623541417
254.21061946902654
255.0
246.0
9.0
0.7208162347816597
254.2146922082067
-2.3014313752226765
73026374.0
0.9567311457435976
2.0706836870545855
3.940053507462015
1.9838527414387128
0.08965293281807878
-0.05614970298911363
0.04053304904192984
0.023009433708248088
0.26769123903246483
0.023009433708248088
0.15748721941455052
0.02246429603695267
0.9457644625879583
0.22187494259076515
-0.13369175643258424
0.1632540466547577
0.988495283145876
0.9953981132583504
0.988495283145876
0.9923301887639173
0.023009433708248088
0.9723480245845888
0.1988655088825174
0.015885620687544486
56.361158968763306
0.6407259522620135
0.17963702386899325
3.290134025354984
327.62508805808005
1308.9073155207152
82.30453119242127
0.42746649366125394
3.8408663659561295
10.349097285035391
0.1324427045515541
0.07699115044247788
121.38881984881404
0.23835709892811435
0.3544617661055602
0.20933093213375287
9.181818181818182
0.8347107438016529
0.08264462809917354
1.2727272727272727
111010.72727272728
444017.54545454547
27759.022727272728
0.9318181818181818
2.6363636363636362
0.2396694214876033
0.38127455394186066
0.3812747773011471
0.381274498102039
2.299896391167889
0.009734513274336283
100457.8347107438
1.1058383569490429
751.3787610619469
0.6649369566919884
2.0047020126869763
1081.1061946902655
0.02163442712820111
3.933628318584071
72.29734513274336
288.63982300884953
18.211725663716813
0.2665929203539823
0.020806100152286414
0.06486083128761173
0.009792417368455084
