1.0
1.0
1.0
40.0
30.0
1.0
241.50666666666666
156.0
255.0
1.0
1.0
1.0
40.0
30.0
1.0
0.0
0.0
0.0
40.0
30.0
1.0
1101.0
1.0
19.48047229791099
14.169845594913715
0.0
19.48047229791099
14.169845594913715
0.0
0.761241191075792
0.0
0.0
45.28043960120252
40.0
30.0
49.4064773081425
49.4064773081425
1058.6666666666667
34.46933577445486
0.21971905085972834
2286.2439516991944
2.1595503322095664
1101.0
235.0
255.0
66300254.0
0.9631037103350035
10.0
3.141734538784632
255.0
5.987818851824077
245.27702089009992
246.0
223.0
32.0
4.692017998829344
245.3939981959428
-0.7305517743099907
66300254.0
0.5644847677901601
57.39737386786514
5.431066043847537
2.296281856290354
1.1597263081705347
0.4966003582562946
0.7627981243598525
0.13019875091920127
0.7080900983594358
0.12970516750360403
0.5532883602491226
0.11262376004984011
0.45761825414608287
1.497517735211725
-0.41441711944538434
0.7315553494359313
0.9351967745897577
0.9870029056811074
0.9352296801507974
0.9675983872948788
0.12927328201495644
0.6243562138102752
1.3654166373209802
0.22324921881976342
93.81635416632739
0.465285926172296
0.3327061520997597
5.721099156158608
68.92528851544063
349.9504200931023
15.219406499267173
0.24084158449433754
4.550911904873145
24.192309107892054
0.1157736594884554
0.1830154405086285
33.895477522104244
0.29224907182131965
1.5781549658105276
0.09871004312655417
8.565217391304348
0.3724007561436673
0.8241965973534972
5.0
25291.0
117750.73913043478
5862.586956521739
0.4830917874396135
3.869565217391304
0.16824196597353497
0.3732992902724346
0.7877391575765584
0.3262864176737485
3.234366979778608
0.02089009990917348
22999.504725897925
3.130848072492042
327.4341507720254
0.29739704883926016
3.4094758212540657
621.4977293369664
0.22758766904168534
5.4704813805631245
60.19891008174387
322.9200726612171
12.787869613482693
0.21641941669189624
0.031069152044374788
0.14798845314356107
0.012019985693983808
