1.0
1.0
1.0
40.0
30.0
1.0
236.695
155.0
255.0
1.0
1.0
1.0
40.0
30.0
1.0
0.0
0.0
0.0
40.0
30.0
1.0
941.0
1.0
20.403825717321997
14.890541976620616
0.0
20.403825717321997
14.890541976620616
0.0
0.7343030445957488
0.0
0.0
45.0668020581628
40.0
30.0
48.25971404805462
48.25971404805462
892.8333333333334
33.092689961502906
0.22653887693871183
1979.3456696773496
2.216926268072447
941.0
232.0
255.0
57434842.0
1.0642922752458774
14.0
2.6383094605994386
255.0
7.674698835999866
246.8884165781084
251.0
224.0
31.0
5.8448165633574085
247.05457669961368
-0.9347431862853538
57434842.0
0.493339778041539
82.07362777970393
6.685865952993996
2.554610273306287
1.0158746775540248
-0.22926063580258657
0.8355713023955937
0.1963640176348962
0.6192427187205701
0.19576948731384983
0.7078588580052493
0.1563619337461381
0.3509600007163617
1.7513390092637184
-0.3029459081959104
0.671810075562031
0.9021747093751797
0.9803910380974818
0.9022143447299161
0.95108735468759
0.19524927328293423
0.4677221249293695
1.553058966318827
0.2579838300076225
118.71688652938653
0.48091342235718415
0.3036394677557217
5.845375251625252
30.272141990891992
219.3053163053163
4.8650437009812
0.2239907890949558
4.021118689499339
40.319310381810375
0.15863236511795442
0.26222104144527103
13.972068936925837
0.3445279189185565
1.6229327945667078
0.10458260584494962
6.764705882352941
0.39792387543252594
0.5813148788927336
3.2941176470588234
16746.176470588234
122732.82352941176
2638.3382352941176
0.6225490196078431
6.294117647058823
0.370242214532872
0.589624784865636
0.7712862705311347
0.544436619046203
2.4092672522514653
0.018065887353878853
13682.22837370242
3.525604814434622
186.33687566418703
0.19802005915429016
3.7035125541937095
464.2327311370882
0.2686065539520328
6.63336875664187
51.34431455897981
359.92348565356
8.549504073680481
0.18322706340772227
0.03814137424364008
0.1826056800391664
0.015077089568000746
