1.0
1.0
1.0
40.0
30.0
1.0
237.39166666666668
156.0
255.0
1.0
1.0
1.0
40.0
30.0
1.0
0.0
0.0
0.0
40.0
30.0
1.0
929.0
2.0
20.404736275565124
14.102260495156083
0.0
20.404736275565124
14.102260495156083
0.0
0.7049548257706235
0.0
0.0
46.5704793505681
40.0
30.0
49.4064773081425
49.4064773081425
876.8333333333334
32.83008415663416
0.22573302016731267
1962.6087611657103
2.2382916873207113
929.0
234.0
255.0
56786571.0
0.999390600911205
12.0
2.982658559432176
255.0
6.565931398392426
247.1054897739505
249.0
226.0
29.0
4.894814338036353
247.23785412508923
-0.9785271455442279
56786571.0
0.5004223437820451
65.43343595495465
2.4671567128505663
1.516427899566484
0.8368185152153227
-0.04835299287402654
0.8345379584044375
0.1642539716977709
0.6710454090048629
0.1642539716977709
0.6388017200645385
0.13618461750320743
0.3644194174456884
1.6377309884691718
-0.36079980305683024
0.7107115457456051
0.9178730141511146
0.9671492056604458
0.9178730141511146
0.9452486761007431
0.1642539716977709
0.4343009137175986
1.473477016771401
0.2496979825255521
118.17217077620522
0.5302993636863421
0.23485031815682894
2.1310378427686865
33.91024050070587
93.2601639599221
19.07275963590181
0.7172405393078284
4.038325285750197
35.02158846592864
0.15096244150899193
0.24004305705059203
14.557768032073163
0.3523632881657528
0.6281261987157555
0.2834225605282522
5.0
0.5
0.25
2.5
26312.1
62496.6
17265.975
0.625
1.0
0.1
0.13549604478201147
0.4626064983813615
0.05371843138217399
3.3219280948873595
0.010764262648008612
17681.690000000002
3.487985423187661
202.21420882669537
0.217668685496981
3.7891340040623795
464.8923573735199
0.24978882810897743
2.456404736275565
53.91065662002153
140.59418729817008
32.23977395048439
0.6358988159311088
0.030685243867909558
0.06887691486713092
0.021137326118104222
