1.0
1.0
1.0
40.0
30.0
1.0
243.6275
169.0
255.0
1.0
1.0
1.0
40.0
30.0
1.0
0.0
0.0
0.0
40.0
30.0
1.0
986.0
1.0
19.21602434077079
15.327586206896552
0.0
19.21602434077079
15.327586206896552
0.0
0.7099353878383644
0.0
0.0
44.87130911336747
40.0
30.0
49.4064773081425
49.4064773081425
941.1666666666666
31.855730238213667
0.22465106710587507
2067.3785067172284
2.19661254476773
986.0
239.0
255.0
61511073.0
0.9401630302230297
10.0
2.6811221525083213
255.0
5.519216289719354
249.684584178499
253.0
233.0
22.0
4.2885472198614405
249.76880384718496
-1.0119273211054225
61511073.0
0.5408991602516365
42.06379886360363
2.9591891023993826
1.6738928835392786
0.9811378678025151
-0.48002385804593056
0.7539524674727818
0.12497909643690439
0.7151160060730859
0.12497909643690439
0.5394683389183726
0.10872344196074812
0.45181077608440884
1.436525439957546
-0.4223558171755868
0.7281522708188519
0.9375104517815478
0.9750041807126191
0.9375104517815478
0.9583403011876985
0.12497909643690439
0.6114033353208261
1.311546343520642
0.21973289097742155
97.37624012757655
0.5178759868569208
0.2410620065715396
2.218323019935636
58.47515458011538
200.80582077778087
22.892488030699006
0.695419245016091
4.1815727139661245
23.680239190602695
0.12119138539341587
0.19092292089249494
28.014464012014255
0.2817282012331008
0.4233317951492658
0.2463273027540595
7.5
0.625
0.1875
1.75
33792.5
113896.0
13766.625
0.8125
1.1666666666666667
0.09722222222222222
0.1964389412034682
0.19779218688106037
0.19610062978407014
3.4182958340544856
0.012170385395537525
27041.138888888887
3.1010985959949617
274.2535496957404
0.2781476163242803
3.279676114692922
533.3265720081135
0.22955041987418173
2.9290060851926976
59.11967545638945
187.59026369168356
27.002028397565923
0.5177484787018256
0.026309790519017315
0.06164160236252866
0.017476837558139478
