1.0
1.0
1.0
40.0
30.0
1.0
233.00583333333333
146.0
255.0
1.0
1.0
1.0
40.0
30.0
1.0
0.0
0.0
0.0
40.0
30.0
1.0
861.0
2.0
20.37630662020906
15.357723577235772
0.0
20.37630662020906
15.357723577235772
0.0
0.6585901493254118
0.0
0.0
48.98427159478863
40.0
30.0
49.4064773081425
49.4064773081425
812.4166666666666
32.260558744208375
0.23172251461097992
1817.0565407258146
2.236606676449869
861.0
232.0
255.0
52991524.0
1.0953360194888222
12.0
3.4219729009406437
255.0
7.578989398654567
247.91173054587688
253.0
222.0
33.0
5.277978601780322
248.08564142649948
-1.2635431160193018
52991524.0
0.50482989150449
86.25933974620982
7.108976088939858
2.6362240489958135
1.5379164521414335
-0.5930402651705787
0.834915925669026
0.19803005973765134
0.6161716983475737
0.19413946536307114
0.7163433697003598
0.15928872703617958
0.3928333135675133
1.7301894728380995
-0.2970287287572194
0.6665839704879974
0.9033193267559225
0.9803765599204463
0.9035786997142279
0.9516596633779613
0.19073519528531346
0.564762589681272
1.5228740466363324
0.25823649635166934
103.57196858455862
0.45138474642320153
0.3621801488290839
5.472296733603235
33.14427953788811
266.97760771558546
4.619221827271039
0.2657532340334041
3.8948441438105856
46.62616832298427
0.1987006734847064
0.2656794425087108
17.76655238934466
0.4232427706675479
1.840024851768083
0.15591410386716398
12.692307692307692
0.4881656804733728
0.6331360946745562
3.0
11336.038461538461
93093.03846153847
1508.369658119658
0.7136752136752137
11.461538461538462
0.4408284023668639
0.6707134148621507
1.3077185773599143
0.5997511943148675
2.369541297597713
0.030197444831591175
10239.409763313608
3.337181445296511
181.09291521486642
0.21032858909972874
4.4836852051945115
434.6585365853659
0.2897530219702396
6.955865272938444
51.743321718931476
398.8373983739837
7.644986449864498
0.18337850045167117
0.049043172566484335
0.21549096361347478
0.023983820843510688
