1.0
1.0
1.0
40.0
30.0
1.0
242.23583333333335
179.0
255.0
1.0
1.0
1.0
40.0
30.0
1.0
0.0
0.0
0.0
40.0
30.0
1.0
987.0
2.0
21.074974670719353
15.044579533941237
0.0
21.074974670719353
15.044579533941237
0.0
0.6925063406002201
0.0
0.0
45.35883931500917
40.0
30.0
47.16990566028302
47.16990566028302
946.8333333333334
31.411283827910392
0.22796251610525117
2045.516758595691
2.160376791335002
987.0
242.0
255.0
61809993.0
0.930907529733677
8.0
4.994971889726056
255.0
4.8658785077332585
250.1691995947315
253.0
228.0
27.0
3.263375836384292
250.24808966898973
-1.5655348346293299
61809993.0
0.5471217006494766
39.477957110111284
2.9580588520497817
1.6726697862894762
0.9896813204689043
-0.483682644009947
0.7607937728837413
0.11990101363729326
0.7275186339994174
0.11990101363729326
0.5260882308150902
0.10508471872772746
0.45456788801175524
1.4254721002978514
-0.43703812339769793
0.7382415362646099
0.9400494931813533
0.9760197972725414
0.9400494931813533
0.9600329954542357
0.11990101363729326
0.6127192794708294
1.3055710866605585
0.22017369663025865
87.55665954765645
0.5050963310028407
0.24745183449857971
2.355830837588374
69.51309050053098
236.2974762063222
27.81699407408317
0.6610422906029065
4.374006624646613
21.206006471662157
0.1185212922276144
0.1757852077001013
33.58221959479772
0.2947695689161646
0.5561794911915683
0.22941708834731364
4.555555555555555
0.5061728395061729
0.24691358024691357
2.3333333333333335
40939.22222222222
143564.22222222222
15282.972222222223
0.6666666666666666
1.2222222222222223
0.13580246913580246
0.25753766252406535
0.6117439833401926
0.16898608232003348
3.1699250014423095
0.00911854103343465
28912.444444444445
2.97331042083065
328.63120567375887
0.3329596815336969
3.357731564030471
540.0091185410334
0.2264391496752617
2.9604863221884496
61.022289766970616
192.02836879432624
28.270770010131713
0.5098784194528876
0.025830080859691993
0.06613788857694752
0.01575312893037811
