1.0
1.0
1.0
40.0
30.0
1.0
216.7175
146.0
255.0
1.0
1.0
1.0
40.0
30.0
1.0
0.0
0.0
0.0
40.0
30.0
1.0
663.0
3.0
18.858220211161388
15.197586726998491
0.0
18.858220211161388
15.197586726998491
0.0
0.8586950567945166
0.0
0.0
42.204940437112946
40.0
30.0
47.01063709417264
47.01063709417264
603.75
36.24117372565589
0.2398116515774712
1440.5177265095137
2.3859506857300437
663.0
221.0
251.0
37591028.0
1.226607017739101
18.0
2.035627336600379
255.0
9.589042903389458
237.84917043740572
240.0
215.0
40.0
7.456185386244722
238.11422281562474
-0.41436284911708726
37591028.0
0.5123768964599414
126.15522932690885
4.359610613656314
2.0536575046592835
2.426943963209528
0.2354005634452723
0.8410145649793977
0.2732466106559435
0.5096115825072167
0.2732466106559435
0.8408396303928951
0.1971561060325833
0.37116822438598124
2.0268442878579034
-0.20855177652584972
0.6068900425102243
0.8633766946720282
0.9726753389344056
0.8633766946720282
0.931688347336014
0.2732466106559435
0.5817727943248765
1.7535976772019606
0.27856529390883533
96.27591911802173
0.38342167889525874
0.4868786459836096
3.7673430639056495
14.010807430821139
61.50160549899686
3.8544493023420574
0.4944615949749438
3.5863166246938123
72.23572547954205
0.28201817827516973
0.3778280542986425
6.5298322354456575
0.5362406380261397
1.6008146752578738
0.3542449197155282
30.041666666666668
0.6258680555555556
0.5724826388888888
2.5208333333333335
2156.8958333333335
8885.6875
541.3182870370371
0.8049768518518517
9.916666666666666
0.2065972222222222
0.44391124878440213
0.7117564362045489
0.4136077831295262
3.3188983170461492
0.07239819004524888
1966.1106770833333
3.819181305671497
89.40723981900453
0.13485254874661315
5.569623881574906
339.70588235294116
0.32108269691447755
4.266968325791855
41.29864253393665
189.02413273001508
10.594855036031506
0.35419808949220716
0.07706431836742293
0.208862185900001
0.05398363174936535
