1.0
1.0
1.0
40.0
30.0
1.0
219.51083333333332
142.0
255.0
1.0
1.0
1.0
40.0
30.0
1.0
0.0
0.0
0.0
40.0
30.0
1.0
743.0
1.0
19.41184387617766
15.094212651413189
0.0
19.41184387617766
15.094212651413189
0.0
0.7302693789139575
0.0
0.0
48.76075032812137
40.0
30.0
49.4064773081425
49.4064773081425
673.3333333333334
35.608482857495744
0.2290289272016199
1622.110848551893
2.4090755176513263
743.0
220.0
255.0
43623518.0
1.472527139552163
22.0
2.1675721390452294
255.0
11.571327907486474
241.93539703903096
247.0
213.0
42.0
9.317130764089997
242.30698636089744
-0.729946737043695
43623518.0
0.3790913487751993
179.93929886658609
5.819207689262369
2.357222536963043
4.189194451294014
-0.7154191933375679
1.4186112472997634
0.3679662602453122
0.5882046686092814
0.34587464636571197
0.9786708149473404
0.24583105604060887
0.23256961578691354
2.4480613658156827
-0.23303999847851642
0.6790540047575271
0.8292718382051039
0.964222986923758
0.8307446124637439
0.9146359191025519
0.32654448422106186
0.3651295252234625
2.054102342760761
0.4466443768862689
113.16638001466795
0.3511920342854883
0.5597157574576175
4.429536795896603
10.39084651618961
70.4193461527061
2.1890946856688416
0.43689265777298253
3.497104698778384
106.37645227895584
0.3239486818654528
0.43371467025572
4.784542834093232
0.5800756742298764
1.9985154881996212
0.3262075905520997
26.695652173913043
0.5803402646502835
0.499054820415879
2.4347826086956523
1985.1521739130435
11652.45652173913
403.1811594202898
0.786231884057971
5.3478260869565215
0.11625708884688091
0.29984198575001153
0.3262332932276007
0.29443228756322515
3.8751231448433616
0.06191117092866756
1724.2594517958412
3.974380300150241
102.60699865410498
0.13809824852504035
5.040469233709326
281.66487213997306
0.5137297594959868
5.656796769851952
35.62449528936743
246.35397039030957
6.7928817107821144
0.3098549424256019
0.07219555546908459
0.23960529653265022
0.04509135143881644
