1.0
1.0
1.0
40.0
30.0
1.0
240.77416666666667
143.0
255.0
1.0
1.0
1.0
40.0
30.0
1.0
0.0
0.0
0.0
40.0
30.0
1.0
1006.0
1.0
19.226640159045726
14.106361829025845
0.0
19.226640159045726
14.106361829025845
0.0
0.7132507867366216
0.0
0.0
46.64919649584143
40.0
30.0
49.4064773081425
49.4064773081425
957.75
33.27257610129015
0.2234252993828627
2103.067521119873
2.195841838809578
1006.0
236.0
255.0
62653302.0
0.9399860231868993
8.0
4.8114220221862976
255.0
6.295598180301884
249.4234592445328
253.0
223.0
32.0
3.757996243015904
249.55885929870965
-1.6720459070269242
62653302.0
0.5864198506772487
67.56223296404475
7.617921871663318
2.731588408592973
1.7094392451774105
-0.7866535662140859
0.7402435008618459
0.11499835011422826
0.7306476923734969
0.11229514215976737
0.5101785387588732
0.10204712563416243
0.5208746473813437
1.371994338462756
-0.442717746190183
0.7333027958418543
0.9441227497155624
0.9886249284326292
0.9443029635791931
0.9720613748577812
0.10992983519961408
0.6907889190518243
1.2500641814367972
0.21381046274401858
79.54161475886836
0.44270864982096897
0.36769539782796457
5.976417537242601
72.94363737361478
612.4269075571282
9.41629246186357
0.24055082232298117
4.325471641539826
23.10498324199677
0.12452270036022896
0.1784294234592445
37.86977100897539
0.30014622382029676
1.2666009634542719
0.11536066166782463
5.5
0.34375
0.609375
4.125
32742.375
284181.1875
3933.296875
0.4965277777777778
3.25
0.203125
0.4234626130138439
1.1456257811685024
0.32994185295916634
3.1493974703476955
0.015904572564612324
28789.109375
2.800068339494511
346.03777335984097
0.34397392978115404
3.4395653909544714
589.9383697813121
0.23671193514855204
7.541749502982108
60.783300198807154
486.837972166998
8.47661254694058
0.16089573669096532
0.029746063490560793
0.1692274831109087
0.010201094460642988
