1.0
1.0
1.0
40.0
30.0
1.0
237.48916666666668
130.0
255.0
1.0
1.0
1.0
40.0
30.0
1.0
0.0
0.0
0.0
40.0
30.0
1.0
966.0
2.0
18.421325051759833
14.389233954451345
0.0
18.421325051759833
14.389233954451345
0.0
0.6763262423129294
0.0
0.0
45.32063783427815
40.0
30.0
49.4064773081425
49.4064773081425
921.8333333333334
30.651536685682522
0.2275127321409312
2013.3225480456124
2.18404181671916
966.0
234.0
255.0
60542569.0
0.9409118037946618
4.0
5.534928593897551
255.0
6.978241580185946
250.1728778467909
255.0
218.0
37.0
3.613686119972472
250.34669335484742
-1.9281167208441063
60542569.0
0.6186682612553528
86.99806356064798
7.859053849868875
2.775606473779059
2.66480729142116
-1.1029547819452175
0.737806418108104
0.11777679077834068
0.7238762187790495
0.11159188400242756
0.5141451756542583
0.10517605291860391
0.5922016837282391
1.284824773911681
-0.441204931869337
0.717176988284352
0.9448225486763775
0.9885077781579772
0.9452348757947717
0.9724112743381887
0.10618009057350358
0.7558213086487681
1.1558914906557283
0.21389580222161114
64.42736311775181
0.3839011194340693
0.4825910781977731
5.087956013984906
98.03027399959171
854.2548764327694
11.845080224652778
0.3399345149051511
3.9084393049512505
39.20719638053869
0.23339316122142634
0.17313664596273293
62.248431423678426
0.49246912368497986
1.7098124415751101
0.24237766899574137
14.647058823529411
0.43079584775086505
0.4818339100346021
2.911764705882353
16164.470588235294
142803.38235294117
1872.1936274509806
0.6527777777777777
10.470588235294118
0.3079584775086505
0.5316948197694051
1.296191320500624
0.4386099717655685
2.8870880202758236
0.035196687370600416
15357.242214532873
2.520131744522036
407.8033126293996
0.4221566383327118
4.748183583452285
597.6335403726708
0.26832491030438643
7.686335403726708
62.73498964803313
524.2888198757764
8.183891189325971
0.17037612146307796
0.04530076715142771
0.20201664641395245
0.02282433153472944
