1.0
1.0
1.0
40.0
30.0
1.0
232.0
138.0
255.0
1.0
1.0
1.0
40.0
30.0
1.0
0.0
0.0
0.0
40.0
30.0
1.0
861.0
1.0
21.118466898954704
13.81184668989547
0.0
21.118466898954704
13.81184668989547
0.0
0.6884530482047349
0.0
0.0
47.61140794951391
40.0
30.0
49.4064773081425
49.4064773081425
808.9166666666666
32.778218932162
0.2302411648831694
1823.4912050894304
2.254238638206775
861.0
231.0
255.0
53170835.0
1.1274539200845743
11.0
3.72135605804836
255.0
8.105444200285705
248.30313588850174
255.0
220.0
35.0
5.375988108911562
248.5050190301176
-1.4070489039464933
53170835.0
0.5195225819854017
100.29719109535543
7.299258631619136
2.6671089078631267
2.646707361730375
-1.0110018417851268
0.926960428499382
0.18403478027996184
0.6685101382180789
0.17746146837243348
0.6853057164711395
0.15169573926122445
0.4419551538275898
1.6851020773635788
-0.34985758601725164
0.7088887813178452
0.911926597004536
0.9818999055985052
0.9123648177983714
0.955963298502268
0.17170982045334615
0.6286600995258922
1.4896193291330704
0.2777488021948359
85.46764554082037
0.3881167423706009
0.4740402216304546
5.188468997437607
42.93926942392229
358.2193000025706
5.721208230541881
0.3283816194814017
3.9006467014052575
53.48574548035858
0.23856035508894866
0.25464576074332174
26.12068809981659
0.49100778786715804
1.8636755273977885
0.22902465961927182
20.3125
0.634765625
0.40234375
2.125
9597.90625
80311.59375
1237.157986111111
0.8229166666666666
9.875
0.30859375
0.5591282695085211
0.5607153285741714
0.5588636564116365
2.3858911107998955
0.03716608594657375
8873.9599609375
3.1949587885208945
220.50987224157956
0.25610902699370447
5.236713920150651
447.3089430894309
0.3313733187107879
7.130081300813008
53.717770034843205
428.66550522648083
7.619241192411923
0.1940250354884501
0.05117130869640411
0.1967895713044972
0.029111002624392795
