1.0
1.0
1.0
40.0
30.0
1.0
238.50333333333333
145.0
255.0
1.0
1.0
1.0
40.0
30.0
1.0
0.0
0.0
0.0
40.0
30.0
1.0
968.0
1.0
19.34504132231405
16.162190082644628
0.0
19.34504132231405
16.162190082644628
0.0
0.7437560407898289
0.0
0.0
44.48184518604083
40.0
30.0
46.647615158762406
46.647615158762406
926.0
33.083641062595845
0.227921999280329
2015.7586703249472
2.176845216333636
968.0
237.0
255.0
60767609.0
0.9105215837942289
5.0
5.39241062562398
255.0
6.385610187145686
250.41219008264463
255.0
220.0
35.0
3.4680084897959262
250.5523010840499
-1.85612061655928
60767609.0
0.6194398435899187
70.19063652585207
7.828494127124509
2.772216742261849
1.9978986879014649
-0.9047853865139734
0.6902525631233694
0.11729536671291702
0.7072700910653009
0.11391533429348989
0.513788526873944
0.10370731643336886
0.5737623415725209
1.2890411670886008
-0.4279953579633389
0.7042296320754615
0.9433803360951978
0.9884264648249895
0.9436056715898262
0.9716901680475989
0.11095780592649114
0.739955299927447
1.1649344089761127
0.2018869824590716
69.12972556986281
0.409624621990487
0.43101481998291313
5.497350842097326
101.67601264587557
876.2531578649716
12.485138076004871
0.29009945461920184
4.007584788735885
36.78867060843029
0.2088857561546494
0.17329545454545453
61.10110036802135
0.4577619349665085
1.7663987672524593
0.19452194273630624
12.391304347826088
0.5387523629489603
0.4120982986767485
2.347826086956522
23407.565217391304
205726.91304347827
2739.225845410628
0.7596618357487922
10.130434782608695
0.44045368620037806
0.6607929290378375
0.7959499156191058
0.6273392565093485
2.2060415687175983
0.023760330578512397
21636.253308128544
2.566683703070033
398.797520661157
0.41198090977392254
4.402376033057852
599.6177685950413
0.23936099822416504
7.705578512396694
62.3698347107438
516.5650826446281
8.212666437098255
0.16153007346189166
0.04067580339834128
0.1801340183685963
0.020244908751834406
