1.0
1.0
1.0
40.0
30.0
1.0
229.94333333333333
148.0
255.0
1.0
1.0
1.0
40.0
30.0
1.0
0.0
0.0
0.0
40.0
30.0
1.0
815.0
1.0
18.073619631901842
15.523926380368097
0.0
18.073619631901842
15.523926380368097
0.0
0.7378507616955184
0.0
0.0
46.58611745666496
40.0
30.0
49.4064773081425
49.4064773081425
754.9166666666666
34.37360224983713
0.22923899489351796
1749.020787854503
2.316839546777132
815.0
230.4
255.0
49229763.0
1.1986918426405642
13.0
2.9351785469850196
255.0
7.598536640445634
245.59877300613496
248.0
222.0
33.0
5.666812460333267
245.77350788462556
-0.9605241207110199
49229763.0
0.4636817343520644
85.85987579509958
6.287589673936634
2.4708589232043083
1.6321226033318452
-0.21202151244508402
0.9601706671192143
0.23046583266297094
0.6141146581448522
0.22543812772060712
0.7762350142379786
0.17786540262240869
0.3183891904352306
1.9507128035655703
-0.2895139593120261
0.6859112209254661
0.8877837066339328
0.9771854646541198
0.8881188869634238
0.9438918533169663
0.22103888589603876
0.40280982540349786
1.709875195252421
0.2976591249455463
109.39881930645586
0.42445536110382615
0.40693222797037365
5.340281961512926
21.06820827027633
143.45535803648187
3.7290310042547636
0.2915800615015755
3.8784468686271447
53.481257654666294
0.2046957964149456
0.3144171779141104
9.968621218736583
0.4304769103911069
1.782086725764918
0.1809909162679126
16.066666666666666
0.5355555555555556
0.5822222222222222
2.7333333333333334
6517.966666666666
42696.833333333336
1169.5092592592594
0.7518518518518519
12.666666666666666
0.4222222222222222
0.6523293326546002
1.0459482242805989
0.5943178947594531
2.5906616522333215
0.03680981595092025
5779.938888888888
3.780423373673708
136.00858895705522
0.16688170424178553
4.458353720501336
377.9006134969325
0.32264669351499864
6.1950920245398775
46.50920245398773
310.93128834355826
8.249625085207906
0.21520109066121335
0.057187832233552366
0.22053849909652568
0.030703233552061535
