1.0
1.0
1.0
40.0
30.0
1.0
239.11333333333334
119.0
255.0
1.0
1.0
1.0
40.0
30.0
1.0
0.0
0.0
0.0
40.0
30.0
1.0
1056.0
1.0
18.24715909090909
14.434659090909092
0.0
18.24715909090909
14.434659090909092
0.0
0.7853070105562353
0.0
0.0
45.89527643348504
40.0
30.0
49.4064773081425
49.4064773081425
1011.0
36.04188233463218
0.22182001148476604
2196.0935585830466
2.172199365561866
1056.0
232.0
255.0
65472255.0
1.0677154714464163
8.0
6.014543327177022
255.0
7.564978621441693
248.7907196969697
254.0
209.0
46.0
4.132097446918854
248.99847685733488
-1.9340649638006266
65472255.0
0.5594295224977044
103.41926993658173
7.385952344532103
2.6777188063576283
4.026068001253126
-1.4156738812478997
1.022250032214821
0.15919198603463247
0.7306599329120976
0.15351979553424605
0.6276330995337214
0.13502481758098717
0.4746818483022173
1.6303965295582799
-0.4062858637757818
0.7478752304572011
0.9238073212829156
0.9843425948042469
0.9241854673162747
0.9619036606414577
0.14855662884640794
0.6619436429803199
1.46101886084106
0.29536050456236335
82.66497765301978
0.3753173418028489
0.5209284996072857
5.570022999783718
58.42508647997806
493.61143355647346
7.695745540971148
0.3189365508706098
4.3796817599420805
32.71081853645413
0.14696429721094356
0.20762310606060605
33.24253298703631
0.3547074842334381
1.2842254452777817
0.17847501054198792
12.391304347826088
0.5387523629489603
0.4120982986767485
2.347826086956522
18540.956521739132
155130.1739130435
2398.0
0.7596618357487922
4.391304347826087
0.19092627599243855
0.41456433081240435
0.48374931764731705
0.39727028611511706
3.0994364124846845
0.021780303030303032
16432.948960302456
3.081094420457926
306.52272727272725
0.29026773415977963
4.004386908861341
590.7575757575758
0.3243658172635445
7.375
57.865530303030305
462.9431818181818
8.523726851851851
0.18907828282828285
0.03530721743488361
0.16924645226356536
0.01620444621621836
