1.0
1.0
1.0
40.0
30.0
1.0
233.93916666666667
168.0
255.0
1.0
1.0
1.0
40.0
30.0
1.0
0.0
0.0
0.0
40.0
30.0
1.0
803.0
2.0
20.902864259028643
16.348692403486925
0.0
20.902864259028643
16.348692403486925
0.0
0.6882881869316655
0.0
0.0
47.21922550717817
40.0
30.0
49.4064773081425
49.4064773081425
751.3333333333334
32.50043511265312
0.23443567916174196
1704.8343508399348
2.269078550363711
803.0
235.0
255.0
49820378.0
0.9383846282003966
11.0
3.051059033298599
255.0
6.845630256401503
248.94894146948943
254.0
227.0
28.0
4.91483516483516
249.0839455990051
-1.190766326727622
49820378.0
0.5420969620461253
67.23649638885314
3.023450924802219
1.6967702592090057
0.9763168566268692
-0.5043086152249587
0.7108527006769786
0.13371970564959618
0.6819688433984334
0.13371970564959618
0.5633406530879509
0.11516381462028469
0.46254998221642807
1.4282720186795992
-0.38443778392960787
0.6968289171990542
0.9331401471752019
0.9732560588700807
0.9331401471752019
0.9554267647834679
0.13371970564959618
0.6299104063842077
1.2945523130300034
0.21114310158164365
96.67031723990071
0.539476976095798
0.23026151195210098
2.083430477390697
48.66491985687773
173.25700624343767
17.516898260237745
0.7291423806523258
3.750112760323837
29.050947618006674
0.1570928193453407
0.22322540473225405
26.15998694581578
0.32299330524276654
0.45904479470236026
0.28898043287786807
4.25
0.53125
0.234375
2.125
36057.625
133232.875
11763.8125
0.71875
1.0
0.125
0.159387644837353
0.26079215348562146
0.13403651767528585
2.9999999999999973
0.009962640099626401
25982.484375
3.0485202182899522
204.84059775840598
0.25509414415741716
3.5954647035013467
435.3038605230386
0.22895151897693736
2.9352428393524286
55.640099626400996
183.8966376089664
23.575965130759652
0.5161892901618929
0.02771846183702022
0.06460966912940168
0.018495660013924855
