1.0
1.0
1.0
40.0
30.0
1.0
188.53916666666666
87.0
253.0
1.0
1.0
1.0
40.0
30.0
1.0
0.0
0.0
0.0
40.0
30.0
1.0
679.0
2.0
18.82916053019146
12.782032400589102
0.0
18.82916053019146
12.782032400589102
0.0
0.7004762643032755
0.0
0.0
48.191364212662684
40.0
30.0
46.22769732530488
46.22769732530488
637.5833333333334
33.75690677536452
0.24929947407233874
1436.9910595758756
2.253809007307608
679.0
204.8
246.0
36943304.0
1.0542148108977172
13.5
4.296548801933342
253.0
12.547443719755947
232.67452135493372
239.0
182.0
71.0
7.386801617307284
233.2560837129476
-1.5204028369522586
36943304.0
0.6184330677748834
270.96770135410947
7.949578521637346
2.7885392972157677
5.903711157226614
-1.8075155768517346
0.9425712838816498
0.248477960830902
0.5804297151628692
0.21059252287193464
0.7886541962217406
0.20324229678528605
0.5646134440287696
1.5908716133041056
-0.24097364161147733
0.5863390864260147
0.8984922823599294
0.9860522159151053
0.9010179782238605
0.9591443433575786
0.1774427646578382
0.7449663108486638
1.3514263274844867
0.29776231117813795
59.790789267029155
0.32411836581365466
0.699219637678286
5.4399181491616755
36.435197662648775
318.944506919651
4.64965526425512
0.37942270738785505
3.634275019036842
57.296977443851816
0.3074037342870563
0.2709867452135493
22.00307045950015
0.5664109922997631
2.0732727643961093
0.2897170401160189
17.476190476190474
0.41609977324263037
0.6899092970521542
3.5476190476190474
6550.738095238095
58752.857142857145
738.434193121693
0.5904431216931216
9.285714285714286
0.22108843537414966
0.46874370312072133
1.5460267940186232
0.2858069556851211
3.784941827437635
0.061855670103092786
6289.376984126983
2.946526882381381
174.59941089837997
0.2571419895410603
6.366509703041595
419.9160530191458
0.3974136790437293
7.74079528718704
53.04418262150221
464.62444771723125
6.752168221240387
0.20377188676157748
0.06609136098392884
0.2980219322633324
0.03114190809189728
