1.0
1.0
1.0
40.0
30.0
1.0
188.64666666666668
85.0
255.0
1.0
1.0
1.0
40.0
30.0
1.0
0.0
0.0
0.0
40.0
30.0
1.0
617.0
2.0
14.572123176661265
14.233387358184766
0.0
14.572123176661265
14.233387358184766
0.0
0.672241284677451
0.0
0.0
48.13975655387407
40.0
30.0
49.4064773081425
49.4064773081425
570.3333333333334
32.36153178983605
0.251939547779011
1320.1003581597336
2.3146119663817655
617.0
202.6
248.0
33204263.0
1.439009570699266
20.0
2.978267182664387
255.0
13.513644996309322
231.36304700162074
236.0
188.0
67.0
9.252251886056191
231.9820278904845
-0.96387870117722
33204263.0
0.4738960148572719
286.80174630735326
8.188827673010643
2.8108416945430337
8.42322142482416
-1.4105768523757887
1.4364333125923177
0.2845289367218624
0.6690328932979192
0.26760305721803324
0.8723091378228425
0.211120469877564
0.3678452704624707
2.260598117393515
-0.30744855324810844
0.7410785314436513
0.8678910593413663
0.9835616957134874
0.8690194513082882
0.9470435845398544
0.25279291265218273
0.5877142547799028
1.964351546388529
0.43024056232854496
64.60534440822957
0.3001878375966589
0.8231386959809278
6.636062925726261
19.654953637555693
172.0791074002537
2.698955360259989
0.3169847003462414
3.9463829800708474
60.148328553670495
0.27493611026871545
0.3472447325769854
10.713199272530165
0.5262295133158511
2.69074819678486
0.23141367053522163
11.129032258064516
0.3590010405827263
1.3506763787721123
5.096774193548387
5297.129032258064
47029.290322580644
618.847894265233
0.5918458781362007
3.903225806451613
0.1259105098855359
0.2969087436257414
0.5521400171605889
0.27652893207481133
3.8167406675210613
0.050243111831442464
4900.990634755464
3.7859656226246017
99.41491085899514
0.16112627367746377
5.336434727559767
292.3938411669368
0.5169994404881675
8.019448946515396
44.05024311183144
393.05024311183143
5.814570952638213
0.2033472897532865
0.058268619636461336
0.3076739297525842
0.02790500448871447
