1.0
1.0
1.0
40.0
30.0
1.0
206.4625
106.0
253.0
1.0
1.0
1.0
40.0
30.0
1.0
0.0
0.0
0.0
40.0
30.0
1.0
763.0
1.0
21.251638269986895
14.971166448230669
0.0
21.251638269986895
14.971166448230669
0.0
0.6115584303606063
0.0
0.0
51.89414431222783
40.0
30.0
48.82622246293481
48.82622246293481
714.1666666666666
31.736301440492838
0.23833794639176745
1621.1529170429935
2.269992415929513
763.0
207.2
246.0
41464695.0
1.1252170889034157
19.0
2.806414803779333
253.0
12.055152369844494
232.66186107470512
239.0
197.0
56.0
8.582286220273234
233.1186227382224
-0.9954227062540405
41464695.0
0.5672253246050546
212.75066862028035
8.00975283935886
2.8047763540410333
3.0702260479085255
-0.856760993343479
0.7957752066516337
0.22418760732916154
0.5587007800754471
0.21159779738036655
0.7697995454281077
0.178830407232282
0.480287044847449
1.7688267052809352
-0.23801480974816253
0.6103000167069013
0.8954600823046961
0.9870346668032633
0.8962994029679492
0.9581001008555532
0.20058171367517097
0.6774154314654468
1.528017777048196
0.2549907034951988
80.29106345173571
0.365830335677494
0.572102665452589
6.415518909698026
28.844229711091753
249.25389268776615
3.6116948432694276
0.25863908842740463
3.8763405113157265
55.078432588075884
0.24699623357248804
0.28735255570117957
16.088029506536728
0.5036740125806471
2.592897498037218
0.1776492731675817
13.222222222222221
0.36728395061728397
0.9876543209876544
4.555555555555555
8498.472222222223
75748.77777777778
966.3346836419753
0.5326003086419753
7.055555555555555
0.19598765432098766
0.43466817881367226
1.3172381838708154
0.32589105953847836
3.83730921113572
0.047182175622542594
8049.26774691358
3.348207760237629
152.21363040629095
0.19949361783262248
5.651204375361794
432.7929226736566
0.30948401580984214
7.826998689384011
50.55701179554391
431.13761467889907
6.418623489151012
0.16867809815057522
0.05773504881540986
0.3013100888867755
0.024144814622328068
