1.0
1.0
1.0
40.0
30.0
1.0
223.12583333333333
74.0
255.0
1.0
1.0
1.0
40.0
30.0
1.0
0.0
0.0
0.0
40.0
30.0
1.0
1038.0
1.0
17.795761078998073
13.570327552986512
0.0
17.795761078998073
13.570327552986512
0.0
0.7432057259736797
0.0
0.0
46.04690345281792
40.0
30.0
49.4064773081425
49.4064773081425
992.9166666666666
34.22232230949149
0.2232714281548438
2155.7224334967323
2.171101066047905
1038.0
220.7
252.0
59642802.0
1.3114916964981458
12.0
7.360471189652858
255.0
9.756909871881975
239.24084778420038
242.0
180.0
75.0
5.075284375454864
239.70679343900383
-2.069262551593777
59642802.0
0.5099234855825454
223.16357230631013
9.823410617174563
3.086922200573433
10.317462626092265
-1.372720251989306
1.3656093984056206
0.18851581323139704
0.7560408938683065
0.17700231894881763
0.6918808182853324
0.15625593665580295
0.4271961611446074
1.935777238115452
-0.4226027616659752
0.7986349779628222
0.9126501899538492
0.9891140138266693
0.9134177562393544
0.9649833193529891
0.16692801145156067
0.6276844488896073
1.7445019034987426
0.3885313029092544
69.1991883116883
0.29241307609941486
0.9623076235946851
9.017307591030217
53.89556544766399
515.0045254201732
6.230911092517692
0.23888290884090002
4.5676617760906995
46.314539029502534
0.1914486722470613
0.2266377649325626
32.46055075448615
0.4249405405366008
2.9991918841390537
0.14463632594953615
9.666666666666666
0.32222222222222224
1.6455555555555557
6.633333333333334
16771.4
152932.03333333333
1868.6282407407407
0.5094907407407407
3.6666666666666665
0.12222222222222222
0.29596736954100955
0.7739998173633613
0.2453302241671538
4.123231428797614
0.028901734104046242
15574.239999999998
3.3621309132964337
295.0115606936416
0.28421152282624434
4.602834114812464
529.3005780346821
0.455616254765909
9.835260115606937
56.25433526011561
565.9335260115607
6.65667148362235
0.1495664739884393
0.038278140263098746
0.2837610641916083
0.013518756294896761
