1.0
1.0
1.0
40.0
30.0
1.0
222.345
102.0
255.0
1.0
1.0
1.0
40.0
30.0
1.0
0.0
0.0
0.0
40.0
30.0
1.0
966.0
1.0
17.350931677018632
15.714285714285714
0.0
17.350931677018632
15.714285714285714
0.0
0.7628387042616477
0.0
0.0
45.140347123291605
40.0
30.0
49.4064773081425
49.4064773081425
919.0
34.43480390945276
0.22629095594466037
2020.0429415724102
2.1980880757044723
966.0
217.0
255.0
55582891.0
1.5537032017486947
24.0
3.0811857891450294
255.0
12.416091200185178
239.38819875776397
242.0
196.0
59.0
9.75024023220469
239.87335124536273
-0.8901142096974519
55582891.0
0.37761103181032973
232.51493319444975
10.773261868883816
3.219651889035215
8.203791968352535
-0.9747901211342891
1.805102324131683
0.176744911388877
0.8214288368672957
0.16538233239770211
0.6643634726848587
0.14859941425605164
0.30382255397926144
2.1807294387153062
-0.5333516691539292
0.8895334484574056
0.9184450917002664
0.989803756606381
0.9192025969663449
0.9673022861534988
0.15544007578042407
0.42104501154520685
1.989094438310358
0.49546180888013996
65.33216553625294
0.30107351578452646
0.7976648275659517
8.31116735027738
46.84561992513144
567.7083564370826
4.50595638240105
0.21797724588151113
4.5920246916535215
37.98219632593658
0.17094112867212408
0.22412008281573498
25.223610172050066
0.39325826563294447
2.329032855574663
0.13629192692976796
9.695652173913043
0.4215500945179584
0.8355387523629489
3.5652173913043477
13995.565217391304
157040.21739130435
1366.6923309178744
0.6515700483091788
4.391304347826087
0.19092627599243855
0.41172832663297976
0.459285288781282
0.4000213655365814
3.0453010864917918
0.023809523809523808
12231.565217391304
3.6557304074449144
262.50517598343686
0.27174448859569034
4.302890406320058
364.7722567287785
0.5520673928046329
10.67184265010352
56.24430641821946
649.9099378881988
5.7346805268000915
0.130772659305268
0.038434860333213874
0.2637169393675728
0.014948167124562468
