1.0
1.0
1.0
40.0
30.0
1.0
249.77666666666667
183.0
255.0
1.0
1.0
1.0
40.0
30.0
1.0
0.0
0.0
0.0
40.0
30.0
1.0
1123.0
1.0
18.821015138023153
15.122885129118433
0.0
18.821015138023153
15.122885129118433
0.0
0.733165736137453
0.0
0.0
46.509337072020806
40.0
30.0
49.4064773081425
49.4064773081425
1081.6666666666667
34.099052351673066
0.21984401035608805
2317.9200438351604
2.14291529476286
1123.0
247.0
255.0
71682819.0
0.571934758807136
2.0
10.533587171932465
255.0
2.7919047139507587
252.61353517364202
254.0
231.0
24.0
1.3533696609161259
252.64904437975179
-2.6853744408671814
71682819.0
0.7659367122633767
17.941473076901726
3.5802970574129995
1.870556295767099
0.9233473373177006
-0.5283184249927836
0.3879535758395468
0.06274365977659359
0.7211174774450798
0.06274365977659359
0.33658339158361483
0.05867064985623672
0.7159807323356931
0.8521555656717342
-0.46648929883592183
0.6336403209548801
0.9686281701117033
0.9874512680446813
0.9686281701117033
0.9790854467411354
0.06274365977659359
0.8391844658788021
0.7894119058951411
0.11267430890403508
69.78837770435753
0.53425003250711
0.232874983746445
2.876953186430633
178.94451220455937
695.4188649845343
49.825924009565625
0.5307617033923417
4.369656667675867
13.487646449656971
0.10121242528280625
0.1157613535173642
92.12484030295829
0.2236753991814267
0.42236779471669145
0.17400230029761055
2.5
0.625
0.1875
1.75
241335.75
948466.5
64553.0625
0.8125
1.5
0.375
0.500011376267166
0.5000121717353309
0.5000111774001248
1.4999999999999991
0.003561887800534283
162515.1875
1.958458047543804
583.4968833481745
0.5195876076119097
2.4442257691322617
860.146927871772
0.11703164386831164
3.5939447907390916
67.63223508459484
251.73820124666074
21.60574354407836
0.35151380231522705
0.020254609157075974
0.06229462789535193
0.009744604472506987
