1.0
1.0
1.0
40.0
30.0
1.0
234.28083333333333
61.0
255.0
1.0
1.0
1.0
40.0
30.0
1.0
0.0
0.0
0.0
40.0
30.0
1.0
1143.0
1.0
18.710411198600173
15.088363954505686
0.0
18.710411198600173
15.088363954505686
0.0
0.7365814255218223
0.0
0.0
45.276251513919625
40.0
30.0
49.4064773081425
49.4064773081425
1109.4166666666667
33.349645882407486
0.2213286588408083
2341.58321370444
2.110643623860383
1143.0
232.0
255.0
66692683.0
1.1566952211183175
14.0
9.892456171752471
255.0
7.732324797982928
241.30096237970253
240.0
173.0
82.0
6.513504182119904
241.55497102004946
-1.7210300452418759
66692683.0
0.5369784813643701
122.64957912631871
17.973838684901175
4.2096725334894725
6.184538541980252
-0.31852907279074627
1.1118263548780587
0.1019058203062057
0.8315999418087916
0.09177651562763436
0.4500406362364936
0.09323683657219045
0.47934005209253183
1.568300344705532
-0.6052046806512809
0.8611866832349002
0.95512467265404
0.9961611499193521
0.9557999596326114
0.9849450879829794
0.08291337403388443
0.6474420098125154
1.4654904410876048
0.3034330437960661
50.951732864296886
0.3483715932224577
0.8782077744990335
16.749908128311073
140.67945195484305
2444.89783478394
8.38942739572205
0.09330334151363479
4.9331520221479
15.119454624660495
0.1013350069152477
0.12707786526684164
70.36166893723983
0.27477244586256083
3.3532417718786394
0.048116849441320574
2.5
0.20833333333333334
2.076388888888889
11.583333333333334
53621.916666666664
893193.25
3267.035601851852
0.26810185185185187
1.3333333333333333
0.1111111111111111
0.21056603346932903
2.3029553173168
0.11287319040035455
3.4182958340544856
0.010498687664041995
44549.354166666664
2.7036967429228516
547.0594925634296
0.47861722883939595
2.891237239264602
613.7664041994751
0.33098421752399065
17.988626421697287
66.62554680664917
1210.6815398075241
3.8621935452512877
0.0627145912316516
0.023059103668037966
0.37022355864026696
0.0029654618716458215
