1.0
1.0
1.0
40.0
30.0
1.0
242.68083333333334
89.0
255.0
1.0
1.0
1.0
40.0
30.0
1.0
0.0
0.0
0.0
40.0
30.0
1.0
1080.0
2.0
18.581481481481482
15.851851851851851
0.0
18.581481481481482
15.851851851851851
0.0
0.6752264599490428
0.0
0.0
46.853083955567946
40.0
30.0
49.4064773081425
49.4064773081425
1044.3333333333333
31.636442017013444
0.22420344695824243
2220.2468675306336
2.1259944470449734
1080.0
254.0
255.0
69418655.0
0.36659120195952205
0.0
35.54294485387838
255.0
2.8166906721536464
253.4287037037037
255.0
200.0
55.0
0.04380270531480656
253.5281688637525
-5.58648355000706
69418655.0
0.8919461591220851
50.42454646776407
8.731441173415009
2.9461624344943047
2.068270613411752
-0.6680142339999398
0.250728326174336
0.044559449019049374
0.6883305154308672
0.0401253403851029
0.24124889385536796
0.042787245469267196
0.8925473465799855
0.4483810451382952
-0.43206608670355284
0.46049339951731827
0.9803807406708431
0.9957487062658157
0.9806763479131062
0.9901903703354216
0.03624549533039974
0.9443893253362058
0.4041525651629883
0.07382194379834633
38.32646499280951
0.4071366631292805
0.608505348869766
6.1127392614701455
333.7627397288825
2994.3624542932052
37.619029434026515
0.32099542175166995
3.7651589205317224
17.596340759212467
0.19340764529345994
0.08657407407407408
159.39190017643915
0.365688003122234
1.0836460227515152
0.2053849288262108
5.4
0.54
0.44
2.4
103925.0
934845.7
11568.269444444444
0.7611111111111111
1.4
0.14
0.2691484076494594
0.27080707508890106
0.26873384779584353
2.9219280948873596
0.009259259259259259
92261.00000000001
1.1629944411771447
731.9537037037037
0.6777349108367627
2.5480932784636487
963.3018518518519
0.1116863854595336
8.656481481481482
71.56111111111112
639.8638888888889
8.17986111111111
0.13423353909465022
0.02172422326269328
0.14166452506928695
0.006966145598423793
