1.0
1.0
1.0
40.0
30.0
1.0
240.9475
200.0
254.0
1.0
1.0
1.0
40.0
30.0
1.0
0.0
0.0
0.0
40.0
30.0
1.0
966.0
1.0
16.624223602484474
14.657349896480332
0.0
16.624223602484474
14.657349896480332
0.0
0.7971104950155344
0.0
0.0
43.423596446791606
40.0
30.0
49.4064773081425
49.4064773081425
919.1666666666666
34.61340445905686
0.22653416838394952
2018.1181381304868
2.1955954358627237
966.0
241.0
252.0
58581894.0
0.7629552053870886
5.0
3.349869048966014
254.0
3.4025136204450277
246.21946169772258
246.0
233.0
21.0
2.3756540279706546
246.2595837905515
-0.5871438010506231
58581894.0
0.6550887525772753
19.759289979381794
1.6383796788761382
1.2281816077155472
1.0732384800934922
0.615416514164569
0.6120934411478594
0.09233028854100551
0.7380926573208658
0.09233028854100551
0.44114965273638995
0.08345989559132061
0.5643282395642468
1.1896042795365496
-0.46486956759737397
0.7134996147903038
0.9538348557294972
0.9815339422917988
0.9538348557294972
0.9692232371529982
0.09233028854100551
0.7256532480139503
1.0972739909955442
0.17610593242221623
87.11052733877284
0.5570783240835286
0.2214608379582357
1.9965621896340857
82.17898690091349
117.1272077434173
73.4419316902875
0.7508594525914786
4.471652812111559
16.82921821715812
0.10390621882449189
0.16149068322981366
37.01274765334577
0.24150931899011285
0.619564126437427
0.14699561712828427
5.285714285714286
0.7551020408163265
0.12244897959183672
3.5714285714285716
85038.28571428571
97794.28571428571
81849.28571428571
0.35714285714285715
1.5714285714285714
0.22448979591836735
0.15206863019076475
0.6082737629055928
0.03801734701205774
2.2359263506290312
0.007246376811594203
65994.28571428571
2.752187572201673
345.39958592132507
0.35755650716493276
2.9416946362666048
632.815734989648
0.1724556237113623
1.6645962732919255
62.356107660455486
98.60455486542443
53.29399585921325
0.8338509316770186
0.023140022773544662
0.0471132531975293
0.017146715167548503
