1.0
1.0
1.0
40.0
30.0
1.0
240.29666666666665
191.0
255.0
1.0
1.0
1.0
40.0
30.0
1.0
0.0
0.0
0.0
40.0
30.0
1.0
889.0
1.0
21.093363329583802
13.29808773903262
0.0
21.093363329583802
13.29808773903262
0.0
0.7529639544264933
0.0
0.0
46.11994526086593
40.0
30.0
49.4064773081425
49.4064773081425
836.4166666666666
34.72665636155502
0.22877894265811605
1876.5055852718272
2.243505731121045
889.0
241.0
254.0
54631631.0
0.9924284506025753
8.0
2.4570452238497245
255.0
4.355855405588361
247.84364454443195
249.0
234.0
21.0
3.5017867036011086
247.89696097792776
-0.5477199906426972
54631631.0
0.505239010478021
26.431121025507363
2.339770152012678
1.4662496896313302
0.8880795683123741
0.11103964803867063
0.8774324810239547
0.1179578337626255
0.7630409930256042
0.1179578337626255
0.5167904079992407
0.1031344779296908
0.39917036467701916
1.5130351305524044
-0.4819650716251463
0.7806485372740514
0.9410210831186873
0.976408433247475
0.9410210831186873
0.9606807220791248
0.1179578337626255
0.4747713934873569
1.395077296789779
0.24884757869664503
92.81037997404067
0.5229394332870294
0.23853028335648524
2.182402415460517
62.176626053050825
154.1211578082811
39.19049311424325
0.7043993961348708
4.057567927772752
24.339315220960273
0.13026246531059185
0.20022497187851518
29.480322084808652
0.2626057697173683
0.4374416285234235
0.2188968050158545
3.5714285714285716
0.5102040816326531
0.24489795918367346
2.7142857142857144
42017.57142857143
76281.42857142857
33451.607142857145
0.5714285714285714
1.0
0.14285714285714285
0.14884659812392734
0.1662250665605224
0.14450198101477857
2.807354922057602
0.007874015748031496
25888.571428571428
3.13217670975727
272.3250843644544
0.3063274289813886
3.2295130712710405
449.15748031496065
0.2473804947609895
2.3464566929133857
57.962879640044996
139.11811023622047
37.67407199100113
0.6633858267716536
0.024796277059755283
0.053760225656316774
0.017555289910614915
