1.0
1.0
1.0
40.0
30.0
1.0
223.75666666666666
115.0
255.0
1.0
1.0
1.0
40.0
30.0
1.0
0.0
0.0
0.0
40.0
30.0
1.0
1032.0
1.0
19.82170542635659
14.607558139534884
0.0
19.82170542635659
14.607558139534884
0.0
0.6973579689856976
0.0
0.0
46.46511606157249
40.0
30.0
49.4064773081425
49.4064773081425
991.1666666666666
32.402818965382906
0.22489605506239946
2137.6343146719746
2.156685032458693
1032.0
217.0
251.0
55533245.0
1.4298459056629385
21.0
2.040049178161617
255.0
11.247002884442042
231.60174418604652
228.0
204.0
51.0
8.806843936723059
231.97259302497068
0.21390184633893616
55533245.0
0.3991590799831741
171.91600470975303
3.6321395656240014
1.8123041486130127
5.86043129474549
0.6010656414629345
1.577680824353236
0.1869987774913262
0.7878563956995375
0.1869987774913262
0.68997220426344
0.1509494834552783
0.27997429908993887
2.1855617922538624
-0.46069010498065466
0.8514605150747618
0.9065006112543369
0.9813001222508673
0.9065006112543369
0.9532503056271684
0.1869987774913262
0.4300782513367234
1.9985630147625373
0.4411699004611407
96.90111113680189
0.39654791562919034
0.4726987074096247
3.310834871819594
33.43555882385949
127.93996069669592
14.577129859112382
0.5650598333510256
4.5179060150916985
35.45336208762904
0.13996817639226275
0.2369186046511628
13.669708665967939
0.2725325751388677
0.759166677912596
0.17655294246090855
5.133333333333334
0.3422222222222222
0.5955555555555556
4.333333333333333
17268.933333333334
53506.066666666666
9104.612962962963
0.46296296296296297
1.6666666666666667
0.1111111111111111
0.2423755491578584
1.2293670150391107
0.0700665862763581
3.6402239289418477
0.014534883720930232
12535.493333333332
3.9053763153124574
216.35658914728683
0.20964785770085934
3.229358211645935
411.9321705426357
0.4517522609819121
3.6618217054263567
53.70542635658915
205.78197674418604
24.66131029285099
0.4938899655469423
0.02944547105376747
0.10460146791095135
0.015330883893028693
