1.0
1.0
1.0
40.0
30.0
1.0
239.06333333333333
198.0
255.0
1.0
1.0
1.0
40.0
30.0
1.0
0.0
0.0
0.0
40.0
30.0
1.0
758.0
2.0
20.965699208443272
16.50923482849604
0.0
20.965699208443272
16.50923482849604
0.0
0.6502844495386358
0.0
0.0
45.82458793377069
40.0
30.0
49.4064773081425
49.4064773081425
707.0833333333334
29.799016939846883
0.23819726297255311
1611.3668494364435
2.2788924211240214
758.0
241.0
254.0
46709070.0
0.9625327062006732
5.0
2.9905362952957115
255.0
3.614657374983467
248.19261213720316
249.0
236.0
19.0
2.549412536530088
248.2367103793217
-0.6387656588327097
46709070.0
0.5257447386191965
21.89166045906114
2.155966482063965
1.4133492530459368
0.8597931643948109
0.24978370916721898
0.8016459902344816
0.1681625541476916
0.6534908707648647
0.1681625541476916
0.6468511216108124
0.1386516707020401
0.37644405710687323
1.6205713690993904
-0.34340370160741673
0.6921809305087225
0.9159187229261541
0.9663674891704617
0.9159187229261541
0.9439458152841027
0.1681625541476916
0.5025694698802172
1.4524088149516992
0.2424521360955433
104.91312943196031
0.5395044581287545
0.23024777093562276
2.0790224405827007
30.112184432632183
63.82473190550354
21.68404756441435
0.7302443898543248
3.9294194497283286
31.502551872985613
0.15488651141747695
0.25659630606860157
11.95887794118953
0.3107762342738004
0.5796597597888486
0.24355535289503838
8.384615384615385
0.6449704142011834
0.1775147928994083
3.3076923076923075
17617.23076923077
22263.76923076923
16455.596153846152
0.4230769230769231
1.9230769230769231
0.14792899408284024
0.1658139880564065
0.5991522831657448
0.057479414279071994
3.3346791410515912
0.017150395778364115
14217.443786982247
3.4837262398940996
159.48812664907652
0.21040649953704027
3.530196810102965
398.5145118733509
0.23712763069040177
2.1596306068601585
51.794195250659634
114.34696569920844
36.15600263852243
0.7100923482849604
0.030890296275355642
0.06892126401278775
0.021382554340997614
