1.0
1.0
1.0
40.0
30.0
1.0
245.03666666666666
205.0
255.0
1.0
1.0
1.0
40.0
30.0
1.0
0.0
0.0
0.0
40.0
30.0
1.0
1011.0
1.0
20.70919881305638
13.996043521266072
0.0
20.70919881305638
13.996043521266072
0.0
0.6876932403006877
0.0
0.0
45.84462122404862
40.0
30.0
49.4064773081425
49.4064773081425
967.75
31.52703611992367
0.22486233449641227
2104.147575382015
2.174267708997174
1011.0
241.0
253.0
62203012.0
0.9919048770256569
5.5
2.293755255335914
255.0
3.406305124344378
248.01186943620178
249.0
239.0
16.0
3.020949984271784
248.0448014795885
-0.5572730387001001
62203012.0
0.5056006089298625
16.336159808868025
2.3618691201036093
1.4698475324210953
0.9101893143370896
0.10363618175767056
0.9008766102757206
0.09534695431935394
0.8086477169886384
0.09534695431935394
0.4494050858954025
0.08572926428733198
0.4161589534151307
1.446417392466547
-0.5497074550769505
0.8131247087180575
0.952326522840323
0.9809306091361292
0.952326522840323
0.9682176818935486
0.09534695431935394
0.48247899041922765
1.3510704381471934
0.24905589114876864
87.14724522978852
0.5493603447839389
0.22531982760803054
2.0290207068096655
77.34612480555867
197.15564954612117
47.39374362041805
0.7427448232975836
4.488867896865343
15.157030504075237
0.09155317820596565
0.15677546983184967
29.14752732282226
0.19743058520004556
0.3380423682515974
0.16227763943715762
2.5
0.625
0.1875
3.25
126324.75
270938.25
90171.375
0.4375
1.0
0.25
0.018713517013761276
0.07485166790911624
0.004678979289922537
1.9999999999999987
0.003956478733926805
62442.1875
2.9607561997159975
359.06132542037585
0.3551546245503223
2.6702963739126777
511.162215628091
0.24719969553506874
2.341246290801187
62.667655786350146
152.43620178041542
40.225519287833826
0.6646884272997032
0.02093402700678029
0.04621097958361276
0.014614788862572175
