1.0
1.0
1.0
40.0
30.0
1.0
237.86583333333334
189.0
255.0
1.0
1.0
1.0
40.0
30.0
1.0
0.0
0.0
0.0
40.0
30.0
1.0
816.0
1.0
19.435049019607842
14.39950980392157
0.0
19.435049019607842
14.39950980392157
0.0
0.680835649530556
0.0
0.0
45.19748080354149
40.0
30.0
49.4064773081425
49.4064773081425
760.5
30.772056200024007
0.231497957770798
1740.4829475970064
2.2886034813898837
816.0
238.5
254.0
49955673.0
0.9853730961991791
8.0
2.705193211924963
255.0
4.659523981161089
247.36151960784315
249.0
233.0
22.0
3.44198214835334
247.42713573898882
-0.7211091403284936
49955673.0
0.5101042868127643
32.46611729863514
2.2920544480761524
1.4607759239925366
0.8254854650151738
0.11454871443965432
0.8131231596240341
0.1805466478029136
0.6367268747373813
0.1805466478029136
0.6767883434572686
0.14701540890500897
0.3561496873815171
1.6712648385263704
-0.32115205403127717
0.6820985999891226
0.9097266760985432
0.9638906704394173
0.9097266760985432
0.9398177840656955
0.1805466478029136
0.44895075210600666
1.4907181907234572
0.24841745185673691
117.96784547970402
0.5354735168747703
0.2322632415626148
2.1006765807157404
24.45258485958282
59.4152888113708
15.711908871635824
0.7248308548210649
3.9013902244404424
37.081921209426206
0.1630773219749658
0.2699142156862745
9.413571296085017
0.3368968024890666
0.6554885817379147
0.2572488576768546
5.909090909090909
0.5371900826446281
0.23140495867768596
2.909090909090909
18919.81818181818
33046.0
15388.272727272728
0.5227272727272727
2.090909090909091
0.19008264462809918
0.3682483799016188
0.9274899452146127
0.2284379885733703
3.095795255000931
0.013480392156862746
13416.876033057852
3.6084682177817644
150.88480392156862
0.1849078479430988
3.477070117262591
416.2450980392157
0.24494785659361784
2.286764705882353
50.27205882352941
120.70588235294117
32.66360294117647
0.6783088235294118
0.03415054331917952
0.0763937270510056
0.023589747386223006
