1.0
1.0
1.0
40.0
30.0
1.0
222.89666666666668
175.0
255.0
1.0
1.0
1.0
40.0
30.0
1.0
0.0
0.0
0.0
40.0
30.0
1.0
644.0
6.0
16.58695652173913
15.854037267080745
0.0
16.58695652173913
15.854037267080745
0.0
0.8349570900775741
0.0
0.0
43.45690514623061
40.0
30.0
47.80167361086848
47.80167361086848
592.0
36.28465106467387
0.24658743450631593
1382.699014792907
2.3356402276907215
644.0
226.0
250.0
36388820.0
0.8473331155042572
12.0
2.311891371400492
255.0
6.857133212453223
237.555900621118
238.0
222.0
33.0
5.1254891170343155
237.7064973491208
0.07228100972273677
36388820.0
0.6933567377801784
71.57296207708036
4.35098338848412
2.0660239060734846
1.3067023728234723
0.3214444556802209
0.46617933080574236
0.1360887000591944
0.5488687769118121
0.1360887000591944
0.5721407158297325
0.11727773470571949
0.6144245903953537
1.3003101636590864
-0.2804698457073218
0.5842866313875357
0.9319556499704028
0.9863911299940806
0.9319556499704028
0.9659778249852013
0.1360887000591944
0.7770235357506234
1.1642214635998926
0.15056700771623416
70.63114823753956
0.4391940431859149
0.39817223897579246
3.955681786446613
37.45154330416798
156.7216561601982
9.45087174805438
0.42718085150397134
3.9414272833701807
31.5618334725451
0.19457543153887508
0.24805900621118016
20.121398687688192
0.4359670721587891
1.3151186879279397
0.2801472520614118
17.352941176470587
0.5103806228373703
0.6029411764705883
2.8529411764705883
5307.764705882353
21462.647058823528
1323.684640522876
0.732843137254902
7.470588235294118
0.21972318339100347
0.46715385854856306
0.8162213979339147
0.4280830124186376
3.2608241254905055
0.052795031055900624
4948.996539792388
3.0583348740874117
156.3385093167702
0.24276166042976738
5.074293044249836
446.5217391304348
0.17623741368002777
4.288819875776397
54.29192546583851
237.40683229813664
13.271652864044169
0.2916666666666667
0.054584332438979734
0.15953411356491065
0.03525017520890856
