1.0
1.0
1.0
40.0
30.0
1.0
227.45583333333335
62.0
255.0
1.0
1.0
1.0
40.0
30.0
1.0
0.0
0.0
0.0
40.0
30.0
1.0
1080.0
1.0
19.36111111111111
13.225925925925926
0.0
19.36111111111111
13.225925925925926
0.0
0.6759366860760062
0.0
0.0
48.246220693347254
40.0
30.0
49.4064773081425
49.4064773081425
1043.1666666666667
32.61139053115277
0.2238035561775688
2222.557176241265
2.1305868441360585
1080.0
216.9
254.0
62190949.0
1.6064196166402829
20.0
4.256021793971
255.0
12.748585390946504
239.43055555555554
246.0
181.0
74.0
8.766907109812518
239.96710615631685
-1.3424003769030792
62190949.0
0.3699519890260631
257.2211033950617
10.524589033770841
3.172404005178546
13.315442622181813
-2.0167513028599533
2.0717933406206823
0.23050167589378528
0.7990372149222458
0.22309968807607428
0.7754520424957261
0.17827951922498847
0.2558274970554485
2.4423422160483415
-0.44241691357049134
0.8606121645413071
0.889190354743734
0.9865717012030311
0.889683820598248
0.9556267953120422
0.21662294873557708
0.38434020955247616
2.2033120610012524
0.5755737541286169
86.52717470591855
0.30706922360083755
0.8327767775477705
8.986280706214675
30.686180347381537
353.3550470098816
3.3778640191773968
0.21179879491828715
4.693934688667705
45.41241635682029
0.15528680182757307
0.25949074074074074
13.410410301588845
0.3325118619054993
2.3541005073612062
0.10744148052421851
6.391304347826087
0.277882797731569
1.274102079395085
6.0
11230.695652173914
135555.47826086957
1044.9740338164252
0.48067632850241543
1.9565217391304348
0.08506616257088846
0.19419198937946125
0.8972925855320971
0.14716615843548797
4.229871195093377
0.021296296296296296
9025.780718336484
4.074244284529606
216.61481481481482
0.2005692729766804
3.847938957475995
399.54814814814813
0.6148525377229082
10.49074074074074
51.79074074074074
581.0277777777778
6.022890946502058
0.14570473251028807
0.034533778857908044
0.2900390809444491
0.009922276053363542
