1.0
1.0
1.0
40.0
30.0
1.0
233.695
152.0
255.0
1.0
1.0
1.0
40.0
30.0
1.0
0.0
0.0
0.0
40.0
30.0
1.0
1023.0
1.0
19.481915933528835
13.792766373411535
0.0
19.481915933528835
13.792766373411535
0.0
0.7383335719269073
0.0
0.0
48.78090025916102
40.0
30.0
49.4064773081425
49.4064773081425
974.25
36.01657633015655
0.22256728961327618
2135.353250283054
2.1917918914888928
1023.0
225.0
255.0
59951085.0
1.321446739655361
20.0
2.1565714182068136
255.0
9.62017679395411
241.81720430107526
243.0
215.0
40.0
8.174398831263696
242.0810012035125
-0.4758413634035035
59951085.0
0.4417278450955491
127.65084770703916
5.434174698944351
2.2713423696885577
3.8172920697717885
-0.17280892050899901
1.269381314941508
0.1687342167743019
0.7649286054613913
0.16498629361059886
0.6509622794852612
0.14052874479904426
0.3370714064035022
1.9936839823946864
-0.4516944092419651
0.8254256202081747
0.917881645511071
0.9832995593916638
0.9181315070553178
0.9589408227555355
0.1617068608423587
0.4862084861992816
1.8137184474868728
0.35952888292895246
86.25159979472465
0.37435419225866723
0.5022207323401734
4.748116027222309
42.1147125445395
243.8631413134123
9.576870229437962
0.37819114905594725
4.500841393524709
33.589805140047936
0.14015524380553632
0.2250733137829912
19.393304749297098
0.31959095456800846
1.0777184498117462
0.18575923770666763
8.043478260869565
0.3497164461247637
0.6654064272211719
4.0
14424.478260869566
68996.65217391304
3424.0917874396137
0.5398550724637681
4.304347826086956
0.18714555765595464
0.19423130124113885
0.502432234282681
0.13197416643156673
3.6753108689123586
0.022482893450635387
12446.162570888468
3.668698554711426
247.52199413489737
0.24195698351407366
3.819471796768174
451.8875855327468
0.37774204059323724
5.428152492668621
55.651026392961874
316.2394916911046
13.118225263386552
0.27419354838709675
0.0318707473757397
0.14031310733083646
0.013648106345034503
