1.0
1.0
1.0
40.0
30.0
1.0
168.7925
45.0
249.0
1.0
1.0
1.0
40.0
30.0
1.0
0.0
0.0
0.0
40.0
30.0
1.0
783.0
2.0
15.652618135376756
15.383141762452107
0.0
15.652618135376756
15.383141762452107
0.0
0.7797981486770716
0.0
0.0
40.933799967388126
39.0
30.0
48.60041152089147
48.60041152089147
743.5833333333334
31.920101432886835
0.24215266736649335
1639.1346531153242
2.204372502228386
783.0
170.0
236.0
33811146.0
1.9268457102398975
38.0
2.179710658097902
249.0
20.506500687502143
206.37547892720306
210.0
153.0
96.0
15.87869616061163
207.801684858148
-0.413530466665652
33811146.0
0.27410865306668364
590.7019274526212
8.800561336937925
2.8454607063038755
22.289161813721798
-2.027966284265432
3.24067605919832
0.4255336276611929
0.767336073403506
0.392496717497958
1.0348754996935836
0.2655680727388918
0.14508026040094485
3.1094477474575886
-0.34475879393549497
0.8444335286613116
0.8070553322673445
0.9755516144345752
0.8092577929448934
0.9226018868391828
0.3635894211051275
0.23620390199682406
2.6539796584281357
0.9165524217148784
88.77364517052007
0.26661484012494574
1.003002760955011
6.943384110985839
10.664643034691771
112.3100044756492
1.8584946374573197
0.3352443981129432
4.0296547453091796
101.94392976493332
0.29728641414789236
0.4252873563218391
4.732624620191061
0.5423709428343151
3.0417613570446997
0.22101766694381658
9.941176470588236
0.29238754325259514
1.2569204152249136
5.617647058823529
2737.970588235294
28627.647058823528
349.6456290849673
0.50531045751634
2.5294117647058822
0.07439446366782007
0.1678610733795504
0.48172634772954376
0.12529049886553273
4.74894004700542
0.04342273307790549
2207.6167820069204
4.604607731367147
106.6066411238825
0.13615152123101212
4.444796758708768
214.62707535121328
1.0078667208186738
8.67432950191571
35.77905491698595
377.2490421455939
6.020017383283667
0.25252767134951043
0.05739790307353252
0.3567254952333329
0.023235313058040045
