1.0
1.0
1.0
40.0
30.0
1.0
224.7975
86.0
255.0
1.0
1.0
1.0
40.0
30.0
1.0
0.0
0.0
0.0
40.0
30.0
1.0
1095.0
1.0
20.279452054794522
13.92876712328767
0.0
20.279452054794522
13.92876712328767
0.0
0.7479081475038208
0.0
0.0
45.28320340325569
40.0
30.0
49.4064773081425
49.4064773081425
1054.4166666666667
33.86767677036768
0.22072249630918134
2269.7552705366074
2.152617027300979
1095.0
213.0
253.0
59842718.0
1.5217434645115948
20.0
3.4724100241914013
255.0
12.294354162757239
233.24931506849316
235.0
186.0
69.0
8.889565217391304
233.77528530249907
-0.8633657779367367
59842718.0
0.4274965075790747
245.64103834365415
8.623949717358625
2.8760126322135937
9.577940260741766
-0.9364293622916899
1.6612998133657217
0.25140112820897753
0.7370599492902106
0.24161526890932722
0.8185309096342687
0.19181011532777564
0.30676259785458815
2.394605782543371
-0.37640922162282503
0.8153664534464685
0.8801709514753013
0.9853843899753482
0.880823342095278
0.9520031415281228
0.2330526420221332
0.5187395053212865
2.1262829452117846
0.4781752353936748
93.45903391436632
0.3026227093018154
0.7984463376571538
7.867750033583973
25.841014718856766
234.2726118673052
3.431207488061049
0.23994874236090685
4.529959425293103
56.067460543370515
0.17747278407201897
0.28150684931506853
12.283309625712704
0.3882462531365859
2.4628462949822256
0.1319550574936466
9.516129032258064
0.30697190426638915
1.2965660770031215
5.967741935483871
14592.612903225807
130438.25806451614
1688.5660842293905
0.46482974910394265
3.064516129032258
0.09885535900104059
0.26480557674667665
0.6559790038047771
0.17891618825576
4.195816471537612
0.028310502283105023
13344.92819979188
4.017928192951043
194.13424657534247
0.1772915493838744
4.088066554075186
468.10867579908677
0.5153654010550238
8.748858447488585
49.622831050228314
455.7771689497717
6.749993658041603
0.17069381024860478
0.03893059251436073
0.2661135699502192
0.012536280110560677
