1.0
1.0
1.0
40.0
30.0
1.0
251.9275
103.0
255.0
1.0
1.0
1.0
40.0
30.0
1.0
0.0
0.0
0.0
40.0
30.0
1.0
1178.0
1.0
19.19269949066214
14.752122241086587
0.0
19.19269949066214
14.752122241086587
0.0
0.7445850864964719
0.0
0.0
45.75019882154908
40.0
30.0
49.4064773081425
49.4064773081425
1143.9166666666667
34.064915746773906
0.21926145958227547
2412.4116408291866
2.1089050549974675
1178.0
254.0
255.0
75793441.0
0.3832219558853224
0.0
26.853077646692856
255.0
2.4370634813113132
253.59847198641765
255.0
209.0
46.0
0.10614068295784207
253.65484784174004
-4.706039857290978
75793441.0
0.8755336229285631
28.596839770437647
8.683207876717873
2.9374460919743886
1.1998137154815438
-0.4949030779641924
0.24247292891132283
0.024022558602740322
0.8177687464769882
0.024022558602740322
0.1625538095900629
0.023416241423838857
0.870834806812668
0.4699259005805083
-0.6267162030654094
0.5899122418265887
0.98798872069863
0.9975977441397261
0.98798872069863
0.993994360349315
0.024022558602740322
0.9320951687025254
0.4459033419777687
0.06662387187851579
38.75109730848861
0.4882469961122706
0.4179276689437012
6.8974339066730375
446.0813405797101
3988.4842435101127
50.41580711056254
0.22748408495691105
4.0432599394623345
9.020618330944417
0.1325191779786638
0.0666383701188455
160.47727732104624
0.17986224661922606
0.588070370591357
0.09940333186390451
1.8
0.36
0.56
3.8
242575.2
2180280.4
27037.78888888889
0.5222222222222223
1.0
0.2
0.030759200876280125
0.032370963284734815
0.03035644392889556
2.321928094887361
0.004244482173174873
187067.84000000003
1.1652254017859935
831.8285229202037
0.7061362673346382
1.608836017421834
1031.3786078098472
0.08125769267354815
8.64855687606112
73.29711375212224
645.899830220713
8.556168647425014
0.12540086776079987
0.016401799055156235
0.12875462345379576
0.0031638103888124384
