1.0
1.0
1.0
40.0
30.0
1.0
246.46083333333334
166.0
255.0
1.0
1.0
1.0
40.0
30.0
1.0
0.0
0.0
0.0
40.0
30.0
1.0
1105.0
1.0
19.743891402714933
14.034389140271493
0.0
19.743891402714933
14.034389140271493
0.0
0.736365210954418
0.0
0.0
47.8898477301311
40.0
30.0
49.4064773081425
49.4064773081425
1061.5
35.26441782637294
0.2200840512096147
2286.522881285676
2.1540488754457616
1105.0
240.0
255.0
69255273.0
0.9133934847357223
9.0
4.074686574816467
255.0
5.318357936979174
250.2633484162896
254.0
227.0
28.0
3.78926858246083
250.34866726951017
-1.3818559482677928
69255273.0
0.5588198439835383
42.71164308675088
2.9750173009180627
1.6765491754458917
1.0116119570581596
-0.5023082809589511
0.7660475908783868
0.10926045083922449
0.7503023617894389
0.10926045083922449
0.4939432282318098
0.09681460488914727
0.46553137425204716
1.3900379567112093
-0.4692220178557689
0.7539459810790259
0.9453697745803877
0.978147909832155
0.9453697745803877
0.9635798497202586
0.10926045083922449
0.6219189500262794
1.280777505871985
0.2188270104294028
90.52735947572809
0.5026960138036431
0.24865199309817843
2.5965732607089773
84.72138543270529
293.696047008547
32.477720038744856
0.6008566848227557
4.490849156928634
18.84173349116077
0.10055064148188432
0.16289592760180996
40.70385204370454
0.21969951026897733
0.5658156602061797
0.13317047278467672
5.2
0.52
0.24
2.8
43144.1
137424.5
19574.0
0.55
1.2
0.12
0.14228857206391732
0.48404324210158023
0.056849904554501576
3.3219280948873595
0.00904977375565611
30933.850000000002
2.8109612478317554
399.26244343891403
0.36132347822526156
2.8483610081693658
617.49592760181
0.22059007800823077
3.0144796380090497
62.089592760181
195.05067873303167
28.849321266968325
0.49638009049773757
0.02235724660234464
0.0646691568365238
0.011779269043799855
