1.0
1.0
1.0
40.0
30.0
1.0
232.51
191.0
255.0
1.0
1.0
1.0
40.0
30.0
1.0
0.0
0.0
0.0
40.0
30.0
1.0
603.0
2.0
18.56882255389718
14.872305140961858
0.0
18.56882255389718
14.872305140961858
0.0
0.5657548620548704
0.0
0.0
56.45927820376105
40.0
29.0
47.20169488482379
47.20169488482379
552.5833333333334
31.942111151886383
0.2503952725423193
1300.5384223116987
2.35356070995934
603.0
235.0
253.0
36065236.0
0.7330627050085371
9.0
2.1976982984662823
255.0
5.0476693371176165
244.48424543946933
246.0
233.0
22.0
3.920987827223601
244.56017311755858
-0.26570109456451346
36065236.0
0.6732974156305263
37.132007183540566
1.5917381612825312
1.214190450997266
1.0307933325717435
0.5945638621630497
0.5714824275794391
0.1016663834185333
0.6971520770849531
0.1016663834185333
0.46906473422636424
0.0906964034309678
0.5727291910700459
1.1845713657614823
-0.4183146239040092
0.6758960742453853
0.9491668082907333
0.9796667233162935
0.9491668082907333
0.9661112055271556
0.1016663834185333
0.7349763572934673
1.0829049823429493
0.16828720274949313
79.05556513362234
0.596368875982687
0.20181556200865652
1.8528166575315164
38.01465720348132
55.892005227797426
33.54532019740229
0.786795835617121
3.9680266640663
17.847049097281047
0.1299293154708722
0.22139303482587064
14.358718780870028
0.22904513683331765
0.49820531322502615
0.16175509273539057
5.0
0.5555555555555556
0.2222222222222222
3.0
24928.555555555555
27582.555555555555
24265.055555555555
0.5
1.2222222222222223
0.13580246913580246
0.17428125241820844
0.3618177481476902
0.12739712848583798
2.947702779220087
0.014925373134328358
20439.555555555555
3.1217476306411256
140.11111111111111
0.23235673484429703
3.1615554070443803
405.9983416252073
0.16335129218473693
1.6169154228855722
55.417910447761194
83.9950248756219
48.27363184079602
0.845771144278607
0.027564674893358856
0.051251248795077274
0.02164303141792925
