1.0
1.0
1.0
40.0
30.0
1.0
245.21916666666667
191.0
255.0
1.0
1.0
1.0
40.0
30.0
1.0
0.0
0.0
0.0
40.0
30.0
1.0
995.0
1.0
18.21507537688442
13.553768844221105
0.0
18.21507537688442
13.553768844221105
0.0
0.7731730109185248
0.0
0.0
44.5282977984569
40.0
30.0
49.4064773081425
49.4064773081425
948.25
34.42807807990964
0.2242170175737567
2081.760612197588
2.195371064801042
995.0
242.0
254.0
61782795.0
0.9965282760982243
7.0
2.66894319445508
255.0
3.5415832933511777
249.1467336683417
250.0
238.0
17.0
2.741158162716484
249.18519479803103
-0.7126370296066482
61782795.0
0.502404484735234
19.16640892906745
2.5911612232164125
1.5562070075021328
0.8579861730289284
-0.16934940678255594
0.8324141777288242
0.1549195985799725
0.686128224104445
0.1549195985799725
0.6190042495053547
0.1303737936148611
0.3759593182307406
1.6081228739712814
-0.3769660958835733
0.7222766233824991
0.9225402007100139
0.9690160802840055
0.9225402007100139
0.9483601338066759
0.1549195985799725
0.47874720821214656
1.4532032753913091
0.24683344407719915
111.60564507835619
0.5129752293217678
0.2435123853391161
2.2601585617892543
38.26591526950279
109.33400088407797
20.498893865859
0.6849603595526863
4.175503497106901
28.102563577314523
0.12529635786500617
0.21884422110552765
15.512215372816115
0.2896786324944598
0.5374498077190452
0.22773583868831343
6.666666666666667
0.5555555555555556
0.2222222222222222
2.0
28220.75
94306.25
11699.375
0.75
1.3333333333333333
0.1111111111111111
0.13395671309459514
0.39095032911484684
0.06970830908953222
3.4182958340544856
0.012060301507537688
21345.57638888889
3.4140848513463875
233.321608040201
0.2344940784323628
3.4574743062043884
499.8924623115578
0.24879775763238304
2.6040201005025128
56.00904522613065
153.6854271356784
31.58994974874372
0.5989949748743718
0.028036066734529286
0.06649160120962586
0.018422183115755143
