1.0
1.0
1.0
40.0
30.0
1.0
237.17916666666667
176.0
255.0
1.0
1.0
1.0
40.0
30.0
1.0
0.0
0.0
0.0
40.0
30.0
1.0
917.0
1.0
20.613958560523447
14.085059978189749
0.0
20.613958560523447
14.085059978189749
0.0
0.7450073841184687
0.0
0.0
46.05904468897432
40.0
30.0
49.4064773081425
49.4064773081425
867.0
34.31432839872841
0.2275800400413487
1932.098900244018
2.2284877742145537
917.0
234.0
255.0
56132438.0
0.9975889863914048
12.0
2.881052868924364
255.0
6.723175115859527
247.2802617230098
250.0
226.0
29.0
5.021632362423585
247.4128686830321
-0.9939685438841354
56132438.0
0.5016702561217948
65.59975216705176
2.5593308751043025
1.5492307958851603
0.832057197050807
-0.14254357221259395
0.8135299779690038
0.17672302510235757
0.6430444947099266
0.17672302510235757
0.6692361055240803
0.14476128899170396
0.36011220947261535
1.6606499073960959
-0.3275468146745009
0.6872909458837406
0.9116384874488213
0.9646553949795285
0.9116384874488213
0.9410923249658809
0.17672302510235757
0.4608692833339817
1.4839268822937388
0.24756325076784036
116.11192924795024
0.5091467415964733
0.24542662920176328
2.3033304177268876
34.61671510233653
99.03962429066199
18.51098780525516
0.6741673955682781
4.001795466060187
39.219378748636856
0.16681130207810546
0.24890948745910577
17.082747870763953
0.3646916432479606
0.7397353318498735
0.2709307210974823
5.0
0.5
0.25
2.5
28623.9
62546.4
20143.275
0.625
1.2
0.12
0.23034868118617718
0.3056892874981056
0.21151352960819508
3.1219280948873593
0.010905125408942203
20215.010000000002
3.517630067048363
195.87459105779718
0.2136036979910547
3.8058126577943105
460.0316248636859
0.24916487193910253
2.5866957470010905
52.92802617230098
144.24645583424208
30.098418756815704
0.6033260632497274
0.0319252746132582
0.07365733700079653
0.02149225901637362
