1.0
1.0
1.0
40.0
30.0
1.0
231.57416666666666
190.0
255.0
1.0
1.0
1.0
40.0
30.0
1.0
0.0
0.0
0.0
40.0
30.0
1.0
662.0
4.0
16.448640483383684
14.34894259818731
0.0
16.448640483383684
14.34894259818731
0.0
0.7231466884532511
0.0
0.0
42.991424577699405
40.0
30.0
44.721359549995796
44.721359549995796
614.6666666666666
31.089106315251037
0.24831507012688872
1407.9076055253763
2.290522134802673
662.0
234.0
249.0
38919229.0
0.2661614993809563
8.0
2.115476156213727
255.0
4.789829410100309
242.40332326283988
243.0
231.0
24.0
3.8917625471136676
242.4672681681602
-0.4365713056658411
38919229.0
0.9134728598680188
31.00500406166428
1.1049933213457792
1.0440390857879611
0.26333060305090683
0.15863177302555967
0.11414062539612613
0.05424787203620784
0.35346457611022586
0.05424787203620784
0.3031769847123975
0.05123085321242466
0.8645748980714083
0.4785900710043661
-0.16136876157936358
0.27361117413802033
0.972876063981896
0.9891504255927583
0.972876063981896
0.9819173759879307
0.05424787203620784
0.928836978193935
0.42434219896815856
0.04209712435808349
74.10550872599065
0.6929827108320035
0.15350864458399827
1.5706488959501006
85.04384227998686
86.83411693170729
84.59627361705675
0.8573377760124749
4.008425718416363
12.325648381070069
0.11258361783878298
0.1608761329305136
41.894518687695424
0.26062137934941143
0.6717916035919246
0.15782882328878303
6.666666666666667
0.5555555555555556
0.2222222222222222
3.0
29045.0
29101.0
29031.0
0.5
2.1666666666666665
0.18055555555555555
0.3249292085378217
1.03953349847865
0.14627813605261458
3.022055208874197
0.01812688821752266
26001.63888888889
2.2262822519514684
228.63141993957703
0.3453646826881828
3.1381696041474614
604.7190332326284
0.04326357006599064
1.13595166163142
62.62839879154078
64.83987915407855
62.07552870090635
0.966012084592145
0.027324302525082986
0.05024187476545951
0.021594909464988862
