1.0
1.0
1.0
40.0
30.0
1.0
228.35166666666666
201.0
253.0
1.0
1.0
1.0
40.0
30.0
1.0
0.0
0.0
0.0
40.0
30.0
1.0
533.0
4.0
18.594746716697937
15.157598499061914
0.0
18.594746716697937
15.157598499061914
0.0
0.7555570896322635
0.0
0.0
44.375237021685976
40.0
30.0
49.4064773081425
49.4064773081425
472.0833333333333
33.52802493584693
0.24767741952621541
1183.7958750670027
2.5075993823131566
533.0
231.0
247.0
30512888.0
0.16542703399626618
10.0
2.0220007627359737
253.0
4.956404507038288
239.19324577861164
239.0
230.0
23.0
4.080658403842656
239.26438233240665
0.12816185216475778
30512888.0
0.9524092801903628
34.035826800756105
1.0597628319680568
1.0250665051744259
0.16421113783816216
0.09768152091616827
0.06687285158124358
0.03087336711044199
0.36583384802616314
0.03087336711044199
0.19757833411980896
0.029870634086604796
0.9212562565675524
0.3051893728714904
-0.19206828044611154
0.2379149344534579
0.984563316444779
0.9938253265779116
0.984563316444779
0.9897088776298526
0.03087336711044199
0.9594968112703531
0.27431600576104875
0.02443655467292139
96.85613575394598
0.857777944914414
0.07111102754279303
1.2311591490423608
42.27365118604474
43.08984722135574
42.069602177216986
0.9422102127394099
3.6002601871926316
15.355470813317528
0.12967879470022783
0.2120075046904315
16.89581371423651
0.26402321576657506
0.4319359637545968
0.22204502876956964
3.3333333333333335
0.5555555555555556
0.2222222222222222
2.0
44050.5
44095.0
44039.375
0.75
1.3333333333333333
0.2222222222222222
0.3530214641781102
0.3808339641781102
0.34606833917811014
2.2516291673878213
0.01125703564727955
36159.13888888889
2.492785349346227
129.14258911819888
0.2422937882142568
3.228446015157222
507.6341463414634
0.02379535990481856
1.0731707317073171
56.57598499061913
57.60600375234522
56.318480300187616
0.9817073170731707
0.028768057688644214
0.03616643167238406
0.026918464192709254
