1.0
1.0
1.0
40.0
30.0
1.0
252.35833333333332
241.0
255.0
1.0
1.0
1.0
40.0
30.0
1.0
0.0
0.0
0.0
40.0
30.0
1.0
817.0
4.0
20.28518971848225
13.67564259485924
0.0
20.28518971848225
13.67564259485924
0.0
0.6538549285666824
0.0
0.0
49.15616687890496
40.0
30.0
48.25971404805462
48.25971404805462
734.9166666666666
32.141001983218324
0.21747244505237154
1810.945101294543
2.464150268231604
817.0
252.0
255.0
52659790.0
-3.203426503814917e-16
2.0
1.7783756364527346
255.0
0.9679889855862828
253.87760097919215
254.0
252.0
3.0
0.9679889855862828
253.88002544403025
-0.4347914483886829
52659790.0
1.0
1.2310405115290286
1.0
1.0
0.0
0.0
0.0
0.0
1.0
0.0
-3.203426503814917e-16
0.0
1.0
-3.203426503814917e-16
0.0
0.0
1.0
1.0
1.0
1.0
0.0
1.0
-3.203426503814917e-16
0.0
137.0
1.0
0.0
1.0
64.91604260047671
64.91604260047671
64.91604260047671
1.0
3.7087807674853512
13.668981694046122
0.09643887260546744
0.16768665850673195
24.814105920586897
0.1830227424296431
0.1830227424296431
0.1830227424296431
4.0
1.0
0.0
1.0
164029.25
164029.25
164029.25
1.0
1.5
0.375
0.15277815881725348
0.15277815881725348
0.15277815881725348
1.4999999999999991
0.004895960832313341
122311.1875
2.122056894659101
247.66340269277845
0.30313757979532246
2.4745696183757335
817.0
0.0
1.0
61.12729498164015
61.12729498164015
61.12729498164015
1.0
0.021227173153136318
0.021227173153136318
0.021227173153136318
