1.0
1.0
1.0
40.0
30.0
1.0
242.58083333333335
198.0
255.0
1.0
1.0
1.0
40.0
30.0
1.0
0.0
0.0
0.0
40.0
30.0
1.0
948.0
1.0
20.901898734177216
12.782700421940929
0.0
20.901898734177216
12.782700421940929
0.0
0.6642855272956143
0.0
0.0
48.20543373852746
40.0
30.0
49.4064773081425
49.4064773081425
902.75
32.02217196951151
0.22760447199585637
1984.6396563329465
2.198437725098805
948.0
239.0
255.0
58773173.0
0.989172385571964
9.0
2.47751368556292
255.0
4.938271110398972
248.92299578059072
251.0
234.0
21.0
4.138719008264459
248.99200375210737
-0.8118370063014477
58773173.0
0.5074863358792217
34.36010410546743
2.6399711348197243
1.5767694544999
0.839095239807286
-0.21628213650208433
0.7957013684132453
0.18067445735995064
0.6298429457440161
0.18067445735995064
0.6769222537751628
0.14708722679276548
0.36472486032063656
1.655934213557263
-0.31519033483084846
0.6739188915562992
0.9096627713200247
0.9638651085280098
0.9096627713200247
0.9397751808800164
0.18067445735995064
0.4864322258199246
1.4752597561973126
0.244093956443299
116.18365721659988
0.5037179603989819
0.24814101980050904
2.377424104054616
31.203811410989353
93.49234933449826
15.631676930112128
0.655643973986346
4.071645216547986
34.62649572333761
0.1452005492033445
0.24340717299578057
12.585284315473153
0.28879689631307465
0.5937056067211017
0.2125697187110679
5.0
0.5555555555555556
0.2222222222222222
2.0
35348.88888888889
124154.22222222222
13147.555555555555
0.75
1.2222222222222223
0.13580246913580246
0.02720693957383197
0.05035633964994919
0.02141958955480267
3.1699250014423095
0.00949367088607595
24253.77777777778
3.464614997951013
195.56962025316454
0.20629706777759974
3.2271760223610886
481.0970464135021
0.2462568320603892
2.6835443037974684
52.96835443037975
150.0253164556962
28.704113924050635
0.5791139240506329
0.02658936913372944
0.06565450078296672
0.016823086221420123
