1.0
1.0
1.0
40.0
30.0
1.0
235.43916666666667
188.0
254.0
1.0
1.0
1.0
40.0
30.0
1.0
0.0
0.0
0.0
40.0
30.0
1.0
943.0
2.0
20.36373276776246
14.398727465535526
0.0
20.36373276776246
14.398727465535526
0.0
0.7541357957797081
0.0
0.0
43.64936846008584
40.0
30.0
49.4064773081425
49.4064773081425
894.9166666666666
32.91755121892853
0.22683646441377564
1979.822790024071
2.2122984896441804
943.0
232.0
249.0
54605961.0
0.3498503410538121
11.0
1.9049483052470801
254.0
5.55928204586117
240.5524920466596
241.0
229.0
25.0
4.5617559107596355
240.6379842181371
-0.06781242988938097
54605961.0
0.8771502694970701
41.13801871017004
1.1734655711711852
1.063372815028903
0.5946488536358305
0.32732542985032176
0.20411125983619174
0.03330574783104731
0.7184987795111722
0.03330574783104731
0.21025234696330442
0.03217613531119169
0.8491153608551888
0.5133151048165375
-0.492281964276276
0.5328257960444482
0.9833471260844764
0.9933388504337906
0.9833471260844764
0.9888980840563175
0.03330574783104731
0.9199743110555734
0.48000935698549047
0.05935425191680975
71.95766686277224
0.676785199590188
0.161607400204906
1.6082230239479514
156.43453009474138
164.10288420237282
154.51744156783352
0.8479442440130122
4.5781568995514235
8.681292427339152
0.07907512057598057
0.11267232237539768
68.0343226559922
0.1862199187648582
0.40082366119246554
0.13256898315795634
4.142857142857143
0.5918367346938775
0.20408163265306123
3.142857142857143
110619.0
111342.42857142857
110438.14285714286
0.4642857142857143
1.2857142857142858
0.1836734693877551
0.22059885172350344
0.775251995067379
0.08193556588753455
2.807354922057602
0.007423117709437964
92471.0612244898
1.9746486745300658
446.34888653234356
0.4733286177437366
2.279775405988649
827.152704135737
0.061424865251465004
1.1972428419936374
67.86744432661717
76.34888653234358
65.74708377518557
0.9506892895015907
0.01995871854299239
0.03068236180611831
0.017277807727210912
