1.0
1.0
1.0
40.0
30.0
1.0
254.30083333333334
248.0
255.0
1.0
1.0
1.0
40.0
30.0
1.0
0.0
0.0
0.0
40.0
30.0
1.0
1012.0
1.0
19.65316205533597
13.321146245059289
0.0
19.65316205533597
13.321146245059289
0.0
0.7689103793862273
0.0
0.0
44.13791891773879
40.0
30.0
49.4064773081425
49.4064773081425
963.25
33.93810398035707
0.22186819749223763
2125.9273273687745
2.207035896567635
1012.0
254.0
255.0
65646492.0
-3.203426503814917e-16
1.0
1.6893040293041
255.0
0.42650252308268777
254.6916996047431
255.0
254.0
1.0
0.42650252308268777
254.69211825027926
-0.8302433554712347
65646492.0
1.0
0.21325126154134574
1.0
1.0
0.0
0.0
0.0
0.0
1.0
0.0
-3.203426503814917e-16
0.0
1.0
-3.203426503814917e-16
0.0
0.0
1.0
1.0
1.0
1.0
0.0
1.0
-3.203426503814917e-16
0.0
80.25
1.0
0.0
1.0
289.44474652249164
289.44474652249164
289.44474652249164
1.0
4.161306768167421
5.488989487645782
0.07086534866263108
0.07929841897233203
98.28153803632976
0.11914235454723261
0.11914235454723261
0.11914235454723261
1.0
1.0
0.0
1.0
1024144.0
1024144.0
1024144.0
1.0
1.0
1.0
9.76425190207627e-07
9.76425190207627e-07
9.76425190207627e-07
-3.203426503814917e-16
0.0009881422924901185
0.0
1.2869460066593392
597.3537549407115
0.5902705088346951
1.56593213454358
1012.0
0.0
1.0
71.5494071146245
71.5494071146245
71.5494071146245
1.0
0.016176711379545232
0.016176711379545232
0.016176711379545232
