1.0
1.0
1.0
40.0
30.0
1.0
244.36416666666668
180.0
255.0
1.0
1.0
1.0
40.0
30.0
1.0
0.0
0.0
0.0
40.0
30.0
1.0
1052.0
2.0
17.834600760456272
15.084600760456274
0.0
17.834600760456272
15.084600760456274
0.0
0.7479389580521476
0.0
0.0
44.77322559184619
40.0
30.0
49.4064773081425
49.4064773081425
1009.5
33.48763969779919
0.2228325853564737
2183.9514229593124
2.163399131212791
1052.0
240.0
255.0
65594384.0
0.9475270851675016
9.0
3.994529937942797
255.0
4.953497954285878
249.62737642585552
252.0
229.0
26.0
3.5579427083333344
249.70397683182256
-1.3094506569288682
65594384.0
0.5359283060330494
38.248984371611556
2.8392569347026213
1.6475523655877233
0.8361143150018551
-0.3553386111669746
0.706105768310984
0.2068003241210966
0.5467619283063867
0.2068003241210966
0.7246642661527186
0.16169648454076085
0.3818504692431989
1.643087302533122
-0.2448757507934219
0.5897816009263337
0.8965998379394516
0.9586399351757808
0.8965998379394516
0.9310665586263012
0.2068003241210966
0.5441522035271747
1.436286978412026
0.22822652310802016
135.43340776889903
0.5007763017482045
0.24961184912589773
2.4484267810901974
27.709094652095498
89.7093646058377
12.209027163659945
0.6378933047274506
3.9320708849059947
40.37237378600489
0.14265777384103023
0.2571292775665399
10.033647350869707
0.2847671457517255
0.5012682563954796
0.23064186809078693
6.636363636363637
0.6033057851239669
0.1983471074380165
1.8181818181818181
21739.636363636364
75304.63636363637
8348.386363636364
0.7954545454545454
1.1818181818181819
0.10743801652892562
0.1370120389622666
0.13705980559942835
0.13700009730297613
3.277613436819112
0.010456273764258554
12593.322314049587
3.454199797198685
197.4125475285171
0.18765451285980714
3.3408535615665973
563.796577946768
0.23203584698347526
2.9020912547528517
51.545627376425855
161.40779467680608
24.0800855513308
0.5244771863117871
0.02976215937896071
0.07214955262840245
0.019165311066600275
