1.0
1.0
1.0
40.0
30.0
1.0
242.19166666666666
179.0
255.0
1.0
1.0
1.0
40.0
30.0
1.0
0.0
0.0
0.0
40.0
30.0
1.0
871.0
1.0
22.478760045924226
15.332950631458095
0.0
22.478760045924226
15.332950631458095
0.0
0.7888374647585142
0.0
0.0
44.26130087417163
40.0
30.0
49.4064773081425
49.4064773081425
819.75
34.91497236849536
0.23021495982335774
1839.9451073395123
2.2445198015730554
871.0
244.0
255.0
55018458.0
0.7753399216924195
5.0
5.078614771215123
255.0
3.547105943390875
251.2858783008037
253.0
235.0
20.0
2.1848862731387073
251.3304620377435
-1.6706998898456558
55018458.0
0.6474538022595668
22.408514699311
3.3415893705090407
1.8060345055793805
0.8286484184347296
-0.4833245090456022
0.4722145889809087
0.1530282924582007
0.5086887988661931
0.1530282924582007
0.6137457682341301
0.12894460043670092
0.5584339588437445
1.257104237426253
-0.22721175565361396
0.5152751516693918
0.9234858537708995
0.9693943415083599
0.9234858537708995
0.9489905691805998
0.1530282924582007
0.72952035935028
1.1040759449680528
0.15631072035977733
101.63699197380535
0.5030322374332503
0.24848388128337484
2.4179794908284045
50.021725515528175
190.478382883996
14.907561173411207
0.6455051272928989
3.744749146260222
39.31596770485735
0.18867586488743965
0.23220436280137774
29.630167698138372
0.4163209282222768
0.6841219891336886
0.3493706629944238
9.181818181818182
0.8347107438016529
0.08264462809917354
1.2727272727272727
42317.72727272727
165477.0
11527.90909090909
0.9318181818181818
1.5454545454545454
0.14049586776859505
0.2394671175168671
0.2394677214516228
0.23946696653317814
2.9139770731827497
0.012629161882893225
36047.96694214875
2.872396156040091
225.63834672789898
0.25905665525591154
4.257573740412131
563.9322617680826
0.17627309887021658
3.314580941446613
55.27095292766935
203.72101033295064
18.158438576349024
0.4213547646383467
0.03257055161861488
0.07824780647897207
0.021151237903525574
