1.0
1.0
1.0
40.0
30.0
1.0
247.3675
187.0
255.0
1.0
1.0
1.0
40.0
30.0
1.0
0.0
0.0
0.0
40.0
30.0
1.0
1082.0
1.0
19.769870609981517
15.087800369685768
0.0
19.769870609981517
15.087800369685768
0.0
0.7313084294723917
0.0
0.0
48.32191987434249
40.0
30.0
49.4064773081425
49.4064773081425
1039.0
35.338227332396166
0.2211854255726333
2242.8728266128883
2.158684144959469
1082.0
247.0
255.0
68351559.0
0.7321593004842459
4.0
8.356981176139362
255.0
2.8163512493123886
251.30776340110907
252.0
232.0
23.0
1.842438363408024
251.33940459693608
-2.100352005794618
68351559.0
0.6738428527987809
15.904357474520037
3.3478360076055784
1.8096664264570084
0.7891577129396108
-0.4616403545720134
0.4540822179869404
0.16232654353089412
0.47276351615693935
0.16232654353089412
0.6370021597121605
0.13544233295453445
0.5563532862865483
1.2662127209894687
-0.19634032067724777
0.48327094770349127
0.9188367282345529
0.9675346912938212
0.9188367282345529
0.9458911521563687
0.16232654353089412
0.7285031546915616
1.1038861774585749
0.1541021903794586
116.19490478169936
0.501233032687415
0.24938348365629248
2.555686352983853
49.88385018555568
190.5929604765319
14.70657261281162
0.6110784117540368
3.951740455528829
36.37546798499132
0.15278083450205987
0.21418669131238446
26.119355856396687
0.3420103179284114
0.5813031377455679
0.2821871129741223
20.09090909090909
0.9132231404958677
0.04338842975206612
1.1363636363636365
34077.181818181816
134931.72727272726
8863.545454545454
0.9659090909090909
2.8181818181818183
0.128099173553719
0.21754851833923017
0.21754870271407659
0.21754847224551865
3.35649241379682
0.02033271719038817
31658.330578512396
2.857659076661733
273.728280961183
0.25298362380885675
3.6110748562428037
729.097966728281
0.1630785736006095
3.3844731977818854
56.70425138632163
209.49907578558225
18.505545286506468
0.40388170055452866
0.029703389956311138
0.07393515855202216
0.018645447807383374
