1.0
1.0
1.0
40.0
30.0
1.0
234.72083333333333
154.0
255.0
1.0
1.0
1.0
40.0
30.0
1.0
0.0
0.0
0.0
40.0
30.0
1.0
1070.0
1.0
21.296261682242992
13.906542056074766
0.0
21.296261682242992
13.906542056074766
0.0
0.7980372586584966
0.0
0.0
43.96438132682505
40.0
30.0
49.4064773081425
49.4064773081425
1030.9166666666667
35.08521435267625
0.22358905855104208
2207.2386100382137
2.141044646387403
1070.0
232.0
249.0
62303192.0
0.657448823997332
9.0
4.909188912942091
255.0
5.768524761987946
241.18504672897197
243.0
212.0
43.0
3.8434753724093484
241.30329927912433
-1.2017989449472521
62303192.0
0.7728622587125514
57.05547733426501
4.318225128353739
2.0606531848283764
1.1477042773091424
0.23808333065553894
0.37113156422293203
0.08340204860829345
0.6326829136439844
0.08289750774048318
0.4115663642468277
0.07631213251313015
0.714068769079862
0.998842459255044
-0.3758224318635991
0.6042920022472358
0.9586017002165396
0.9916830816407619
0.9586353362743936
0.9793008501082697
0.08245603448114916
0.8414901032192829
0.9133898758859101
0.11363340320780638
63.017055683168884
0.4359143397103942
0.40424749796458437
4.7408465644307665
145.96091812264137
594.4742705980516
36.798001236608734
0.339267478662363
4.538581851664348
18.820260529252625
0.12784388796634472
0.1338785046728972
82.28314367593134
0.30780580550785386
1.3036933238611952
0.15226649749964488
4.5
0.375
0.8333333333333334
4.833333333333333
71151.66666666667
285356.9166666667
17828.409722222223
0.5046296296296297
1.3333333333333333
0.1111111111111111
0.20189473022698243
0.2399003421560493
0.1974663866752233
3.4182958340544856
0.011214953271028037
63200.97222222222
2.193738309223437
497.2897196261682
0.46475674731417593
2.9725251113634377
826.9626168224299
0.12352607214603895
4.331775700934579
65.8411214953271
278.35981308411215
16.61695223260644
0.2657061266874351
0.02325118485435019
0.09530865683933663
0.008978100716364389
