1.0
1.0
1.0
40.0
30.0
1.0
238.31166666666667
173.0
255.0
1.0
1.0
1.0
40.0
30.0
1.0
0.0
0.0
0.0
40.0
30.0
1.0
926.0
1.0
18.053995680345572
11.704103671706264
0.0
18.053995680345572
11.704103671706264
0.0
0.6605583188022297
0.0
0.0
44.49458787756667
40.0
30.0
49.4064773081425
49.4064773081425
889.9166666666666
29.391270164203508
0.2332651324493599
1918.0820942320677
2.155350232304974
926.0
241.0
254.0
57449208.0
0.9743784233710308
6.0
5.754748793276803
255.0
4.154826490770588
249.01511879049676
251.0
226.0
29.0
2.7839528158938474
249.07866513510538
-1.673704773937372
57449208.0
0.5176541384248656
31.652039240748426
2.7704421718160006
1.6170399758369545
0.8852312566234248
-0.3279825343365784
0.7837082739941958
0.16135551138972554
0.6581620154115915
0.16135551138972554
0.6319995514849384
0.13427964723953847
0.39318846006850094
1.5838491325040656
-0.34985433995525783
0.6927779407477894
0.9193222443051373
0.9677288977220551
0.9193222443051373
0.9462148295367581
0.16135551138972554
0.5363622201420917
1.4224936211143402
0.2362659463459803
100.60560195852534
0.5114434704927106
0.2442782647536447
2.276620103686636
50.89236751152073
169.0523185483871
21.352379752304145
0.6808449740783411
4.115562466197444
29.14403801843318
0.14234458286436322
0.21247300215982723
25.83804185126834
0.31124131805666383
0.6568106542397191
0.22484898401090003
5.545454545454546
0.5041322314049587
0.24793388429752064
2.6363636363636362
29774.363636363636
102489.45454545454
11595.59090909091
0.5909090909090909
1.1818181818181819
0.10743801652892562
0.1168553069311797
0.43278909638739677
0.0378718595671254
3.4594316186372938
0.011879049676025918
22687.78512396694
3.2341553438674544
242.74298056155507
0.2621414476906642
3.4519869943881814
479.3477321814255
0.24117293078756724
2.7818574514038876
56.745140388768895
169.96760259179266
28.439524838012957
0.5545356371490281
0.0269979236695078
0.06945633720050695
0.016383320286758013
