1.0
1.0
1.0
40.0
30.0
1.0
233.87
184.0
253.0
1.0
1.0
1.0
40.0
30.0
1.0
0.0
0.0
0.0
40.0
30.0
1.0
896.0
1.0
16.165178571428573
14.061383928571429
0.0
16.165178571428573
14.061383928571429
0.0
0.8446556901942187
0.0
0.0
44.18277333219252
40.0
30.0
49.4064773081425
49.4064773081425
851.0
37.31923090359779
0.2314813494841159
1876.0935585830302
2.2045752744806464
896.0
232.0
249.0
52333555.0
0.305984873713834
10.0
2.2299350972630236
253.0
5.380490672831635
241.59263392857142
243.0
227.0
26.0
4.218074792243766
241.6774410057162
-0.5739590331747916
52333555.0
0.8966064453125
40.98472252670599
1.1350205128271273
1.0539317620266375
0.3820027927082424
0.22078762098630117
0.1505368137944617
0.05354954650556979
0.47456325116332415
0.05354954650556979
0.300043898783789
0.050593230437727815
0.8473635894122564
0.5306672267010673
-0.24731146951641392
0.3670034900857342
0.9732252267472152
0.9892900906988861
0.9732252267472152
0.9821501511648101
0.05354954650556979
0.9192934647205777
0.4771176801954977
0.05102159007500788
74.49889188002366
0.6426404955478433
0.17867975222607832
1.7007924279741107
132.04159993890448
135.66261574737
131.1363459867881
0.8248018930064724
4.319310554280235
9.62481699982817
0.08118353290302888
0.12862723214285715
59.79545503641049
0.2038108574488065
0.609810632318183
0.10231091373146237
8.2
0.82
0.09000000000000001
3.7
71795.2
71958.1
71754.475
0.325
2.0
0.2
0.19183177204356233
0.767326670002746
0.047958047553766404
2.4464393446710138
0.011160714285714286
63767.04
1.9931438787283016
381.30357142857144
0.42556202168367346
2.5371043925382653
803.359375
0.05169677734375
1.1640625
66.07366071428571
70.38950892857143
64.99469866071429
0.958984375
0.021724873419109707
0.03879607959875418
0.01745707187419859
