1.0
1.0
1.0
40.0
30.0
1.0
209.44333333333333
66.0
255.0
1.0
1.0
1.0
40.0
30.0
1.0
0.0
0.0
0.0
40.0
30.0
1.0
946.0
1.0
20.651162790697676
11.973572938689218
0.0
20.651162790697676
11.973572938689218
0.0
0.6267481865782534
0.0
0.0
49.2248370407887
40.0
30.0
49.4064773081425
49.4064773081425
908.4166666666666
30.851577349924355
0.23158746805030805
1958.660352135132
2.156125513771359
946.0
226.0
251.0
54086833.0
1.1522233615505963
12.0
9.779356117859827
255.0
9.329049877306918
238.68393234672305
242.0
170.0
85.0
5.274771582045599
239.11135914439868
-2.3958927571083035
54086833.0
0.5972359416973213
204.22251138654354
16.659615065884527
4.056426010451444
8.3203677684205
-1.1023348826580466
1.0483388810546055
0.22843111074450853
0.6388842288774653
0.19607132616235062
0.7527248433457109
0.18854785704473542
0.5014860624863456
1.7648416749852356
-0.33558917559639745
0.7036621888586272
0.9052003153770405
0.9914910289984067
0.9072142030579572
0.9680816716088577
0.16911114351455303
0.6950103987075325
1.5501708389740536
0.31919249794977844
65.20652470402196
0.29679879499596434
1.083848492907224
14.917805901339877
53.55992301915662
882.2079291286052
3.3626497811278098
0.11627572189684415
4.417069887564567
51.36881583526393
0.22950282385738274
0.23070824524312894
32.37934625171721
0.48799474817181787
5.690270406765426
0.0845787491430641
9.162162162162161
0.24762600438276114
1.8056975894813734
9.405405405405405
13583.45945945946
219440.16216216216
844.6524024024025
0.29041291291291293
6.891891891891892
0.1862673484295106
0.42324627289810257
2.155913298349566
0.21479429564887528
4.026360459931177
0.039112050739957716
12929.758948137327
3.0998040801148257
269.84355179704016
0.28524688350638494
5.2045108144228065
564.985200845666
0.3971769417464879
16.53276955602537
56.38900634249472
954.8689217758986
3.438794338736199
0.07378259337561663
0.04854619968338131
0.5454599528813954
0.011414158726313522
