1.0
1.0
1.0
40.0
30.0
1.0
233.54666666666665
154.0
255.0
1.0
1.0
1.0
40.0
30.0
1.0
0.0
0.0
0.0
40.0
30.0
1.0
933.0
1.0
19.705251875669884
12.909967845659164
0.0
19.705251875669884
12.909967845659164
0.0
0.8228580388629596
0.0
0.0
42.56479628699618
40.0
30.0
49.4064773081425
49.4064773081425
890.4166666666666
35.024784797319064
0.23007635887072983
1945.3943448153343
2.184813489731775
933.0
232.0
253.0
56353757.0
1.1993122781300167
7.0
4.42782139235202
255.0
6.362173445040659
245.62165058949626
249.0
219.0
36.0
3.8514683175134246
245.76532912298308
-1.5128376883643035
56353757.0
0.4670328976012333
70.60176061960576
6.038297597125731
2.418194086860969
1.7436874032205492
-0.0720413464284369
0.9698924347118327
0.20751874634584722
0.6469323410022931
0.20692703036951582
0.7321892282046052
0.16340822014941975
0.32767158606666597
1.917008208438927
-0.31834102319197477
0.7118860494145506
0.8965956564128752
0.9792754353335538
0.8966351041446307
0.9482978282064376
0.20640927889022587
0.4275517199486272
1.7074641051286303
0.29435279526442
100.83733602419599
0.40858603354219025
0.43453447847970805
5.30867334983218
30.42282499854089
202.26254779134098
5.525684301745291
0.3037502585506587
4.200752862699366
45.021443688319884
0.17635270836735434
0.2636655948553055
14.690521043204889
0.3832121191623771
1.7443091506398145
0.1689531643421177
12.6
0.42
0.7433333333333334
3.6333333333333333
9835.366666666667
61327.333333333336
1850.8564814814815
0.637962962962963
5.6
0.18666666666666668
0.4016198275303394
1.1563625194055343
0.30017980600740707
3.6518411137950726
0.03215434083601286
8868.156666666666
3.6701731632338603
183.0278670953912
0.19617134736912242
4.168112405785713
435.7416934619507
0.3195744001360155
5.991425509110397
51.649517684887456
326.11146838156486
9.759050851494582
0.22254972013814459
0.042966336171243534
0.19795008313356702
0.019160948270931923
