1.0
1.0
1.0
40.0
30.0
1.0
242.19583333333333
191.0
255.0
1.0
1.0
1.0
40.0
30.0
1.0
0.0
0.0
0.0
40.0
30.0
1.0
1064.0
1.0
20.303571428571427
15.860902255639099
0.0
20.303571428571427
15.860902255639099
0.0
0.683574926806948
0.0
0.0
47.278929058462126
40.0
30.0
49.4064773081425
49.4064773081425
1025.4166666666667
32.31869047064914
0.22383618573927763
2196.9528808750315
2.1424977302316437
1064.0
236.0
255.0
64262338.0
0.9204732226641272
12.0
1.86477053118778
255.0
5.8792611227316405
245.66353383458647
246.0
231.0
24.0
5.335110393548493
245.7578772095135
-0.17466812948480864
64262338.0
0.5541031855955679
46.36235442930634
1.9752543118486696
1.3417383503084972
1.0104399745421173
0.4748584783316538
0.7998832616688478
0.0999214781536432
0.7779722987343551
0.0999214781536432
0.4661493467702941
0.08961293601928988
0.46048469406946463
1.3840983940676548
-0.5061182361136469
0.7780666258455837
0.9500392609231784
0.9800157043692713
0.9500392609231784
0.9666928406154522
0.0999214781536432
0.6083009106146813
1.284176915914012
0.22495118495562275
83.37992109152214
0.5200477511273236
0.23997612443633823
2.2001164778497158
84.5393999872856
156.90072372496957
66.44906905286462
0.6999708805375711
4.612583096539476
14.376033585804796
0.08658397669581677
0.15061090225563908
34.56857299662822
0.20781036978527528
0.5567318233080458
0.12058000640458261
7.7272727272727275
0.7024793388429752
0.1487603305785124
3.4545454545454546
51515.63636363636
75401.90909090909
45544.068181818184
0.38636363636363635
1.7272727272727273
0.15702479338842976
0.1467121003326144
0.5856357105886313
0.03698119776861019
3.0271691184406153
0.010338345864661654
42159.47107438016
2.890818782380926
394.9642857142857
0.3712070354457572
2.798246791791509
589.5657894736842
0.2229484072022161
2.0065789473684212
63.56203007518797
124.86184210526316
48.237077067669176
0.7483552631578947
0.022592035970263907
0.05212091370243447
0.015209816537221265
