1.0
1.0
1.0
40.0
30.0
1.0
232.67916666666667
149.0
255.0
1.0
1.0
1.0
40.0
30.0
1.0
0.0
0.0
0.0
40.0
30.0
1.0
832.0
1.0
17.943509615384617
12.55048076923077
0.0
17.943509615384617
12.55048076923077
0.0
0.7277401628089051
0.0
0.0
48.682595780945555
40.0
30.0
49.4064773081425
49.4064773081425
775.6666666666666
35.42828017958543
0.2306138490455379
1770.3079749334001
2.282305081564332
832.0
231.0
255.0
50913701.0
1.027806102816586
11.0
3.0397898474095673
255.0
7.355829904770712
247.21514423076923
251.0
224.0
31.0
5.398585097069528
247.3749222606478
-1.1713586256479942
50913701.0
0.5182715421597633
79.02462642150519
7.181054853133914
2.6464432542894833
1.2773600271710739
-0.5409113926874952
0.8359807756062084
0.12664209797068673
0.7367577968253481
0.1259476535262423
0.543831276736604
0.1100600510904389
0.439497427809369
1.5155688710777078
-0.4464727434870834
0.75791554714208
0.9370956176813234
0.9873678414849826
0.9371419139776196
0.9685478088406617
0.1253400146373534
0.5952818359759806
1.3868675601872165
0.2406557183942238
88.29120530263387
0.48212045817499577
0.30794382630325856
5.7208708355136935
49.69616125937554
405.5093096982383
6.713436876174971
0.2318096376727329
4.110844773528973
28.176406331763477
0.14900310301185776
0.21965144230769232
26.509374683823175
0.3310678017217809
1.614041009484324
0.10379520653889267
5.625
0.3515625
0.734375
4.25
19112.875
146851.5
2823.0798611111113
0.5347222222222222
3.75
0.234375
0.4629977746810345
1.0176222893559863
0.3993430217082628
3.0306390622295627
0.019230769230769232
16408.875
3.127418609377222
222.83173076923077
0.2678265994822485
3.7559576090976337
431.2019230769231
0.25854636649408286
7.0360576923076925
56.21394230769231
425.875
8.480836004273504
0.1720753205128205
0.034601853328136804
0.18470898827390642
0.012572641805329781
