1.0
1.0
1.0
40.0
30.0
1.0
247.6675
210.0
255.0
1.0
1.0
1.0
40.0
30.0
1.0
0.0
0.0
0.0
40.0
30.0
1.0
885.0
2.0
18.251977401129942
16.06779661016949
0.0
18.251977401129942
16.06779661016949
0.0
0.7744040245151552
0.0
0.0
44.462308187049004
40.0
30.0
49.4064773081425
49.4064773081425
825.5
34.431790399283884
0.22582492116463207
1884.4746901045885
2.282828213330816
885.0
246.0
255.0
56227613.0
0.8035776169329366
5.0
2.537687180926085
255.0
2.991886111909095
252.03502824858757
254.0
244.0
11.0
2.3704258444798483
252.05956833395666
-0.959791965774872
56227613.0
0.6298483832870503
12.370524434230264
3.3097437790551916
1.7911328642913162
0.9432107830091327
-0.5453627904425021
0.5334091043485871
0.12730962763751544
0.6124374723785172
0.12730962763751544
0.5454425286808634
0.1104416652161224
0.5591989687908263
1.2379976279471196
-0.323053370372505
0.6078661980117857
0.9363451861812423
0.974538074472497
0.9363451861812423
0.9575634574541614
0.12730962763751544
0.7274780504725586
1.1106880003096045
0.16517968299652563
98.01067555290577
0.5028663585225571
0.24856682073872144
2.4184050549356955
61.05979168821306
230.22937629405095
18.767395536753583
0.6453987362660761
3.8604826183197765
34.46114321101066
0.16884984916206455
0.22062146892655365
34.751011621370886
0.3902903331315093
0.6475794335436393
0.3259680580284767
10.777777777777779
0.5987654320987654
0.2006172839506173
1.8333333333333333
19539.944444444445
76177.61111111111
5380.527777777777
0.7916666666666666
2.5555555555555554
0.1419753086419753
0.32714054312809493
0.535859416337458
0.2749608248257542
3.503258334775641
0.020338983050847456
17122.583333333336
2.8806791193068246
256.4960451977401
0.28982603977145777
4.292784321235915
557.4158192090396
0.18507580835647483
3.2644067796610168
56.63841807909605
202.92994350282487
20.06553672316384
0.43389830508474575
0.03527098733404222
0.0830608102625859
0.0233235316019063
