1.0
1.0
1.0
40.0
30.0
1.0
248.9725
208.0
255.0
1.0
1.0
1.0
40.0
30.0
1.0
0.0
0.0
0.0
40.0
30.0
1.0
1074.0
1.0
19.85195530726257
13.697392923649907
0.0
19.85195530726257
13.697392923649907
0.0
0.7222720004635811
0.0
0.0
46.87727461271713
40.0
30.0
49.4064773081425
49.4064773081425
1030.5
33.85814291080784
0.22084539345091705
2234.0579986415423
2.1679359521024186
1074.0
246.0
255.0
67497616.0
0.9525267896926164
6.0
2.045055149392574
255.0
2.910219198318822
250.6703910614525
251.0
243.0
12.0
2.5177845528455283
250.69292425571334
-0.4268020420465753
67497616.0
0.5325433732474711
11.297316979286954
2.838757665639339
1.6405380813260493
0.8946531114953106
-0.37761665983387815
0.7552363308489389
0.16571315667761805
0.6399841376061144
0.16571315667761805
0.6413154359264596
0.13705155698838584
0.40247369924833565
1.571411812086041
-0.3320620942299386
0.6740768082748514
0.917143421661191
0.9668573686644764
0.917143421661191
0.9447622811074607
0.16571315667761805
0.5576815029872404
1.4056986554084232
0.23023737188163923
118.56926852582194
0.501453628037879
0.24927318598106052
2.4449950653576296
39.50095785831929
123.95242618163414
18.388090777490575
0.6387512336605926
4.182709880683266
31.322921496941728
0.1272994439212632
0.2202048417132216
15.945239620379592
0.2965143341817076
0.5316854367918562
0.23772155852917043
8.529411764705882
0.5017301038062284
0.2491349480968858
2.411764705882353
16759.41176470588
50820.705882352944
8244.088235294117
0.6470588235294118
1.8235294117647058
0.10726643598615918
0.2379013674284442
0.5247652202831061
0.16618540421477873
3.7345216647797463
0.015828677839851025
12768.145328719722
3.3154796895279524
263.3780260707635
0.24523093675117644
3.6210237577548208
571.9515828677839
0.23372831337626443
2.88268156424581
56.01489757914339
171.27188081936686
27.200651769087525
0.5293296089385475
0.030061851849505924
0.0737661691599186
0.019135772521902756
