1.0
1.0
1.0
40.0
30.0
1.0
216.0925
109.0
255.0
1.0
1.0
1.0
40.0
30.0
1.0
0.0
0.0
0.0
40.0
30.0
1.0
780.0
1.0
19.22948717948718
15.385897435897435
0.0
19.22948717948718
15.385897435897435
0.0
0.828432018473001
0.0
0.0
41.74805409545426
40.0
30.0
48.60041152089147
48.60041152089147
730.25
34.58542472161721
0.23643594659480982
1658.6381984172306
2.271329268630237
780.0
218.0
254.0
45570556.0
1.4658225247791918
17.0
3.1112567302908447
255.0
11.08157790927022
241.3230769230769
247.0
206.0
49.0
7.878551433798406
241.7101357899369
-1.1159796315635677
45570556.0
0.3826660092044707
186.96228796844184
5.523200603359074
2.2898969494617667
4.489205454738576
-0.5714711230485374
1.4339324072792943
0.31588777306912047
0.6389609209179803
0.3106716776890907
0.8970034486817775
0.21537631350816577
0.23287548219431498
2.4117662673544205
-0.2734857779267804
0.718454532450735
0.8451857706934577
0.9686519655567816
0.8455335103854597
0.9225928853467287
0.3061075942315646
0.32757840800605625
2.0875893695749816
0.4374550450871037
104.15683715594582
0.3521785346264097
0.556809220256674
4.474955471668052
14.025233785857509
87.73504820898442
3.235794853933994
0.4303390511410508
3.793736104746454
78.82833785207654
0.25877334945108205
0.37852564102564107
6.407007059934015
0.5034468428152992
1.8020900534832087
0.2806436358201954
16.03448275862069
0.5529131985731273
0.7942925089179548
3.310344827586207
5666.137931034483
27994.51724137931
1333.4683908045977
0.7289272030651341
4.103448275862069
0.14149821640903687
0.3176246644582768
0.7522309664886654
0.2693349638625307
3.7159321855150234
0.03717948717948718
4942.7134363852565
4.166419444306121
108.46923076923076
0.13906311637080868
4.570999342537804
298.4794871794872
0.4894066403681788
5.437179487179487
40.233333333333334
250.9371794871795
9.121474358974359
0.31520655270655273
0.05616410373503628
0.2181732951608944
0.03092447726558176
