1.0
1.0
1.0
40.0
30.0
1.0
250.0475
238.0
255.0
1.0
1.0
1.0
40.0
30.0
1.0
0.0
0.0
0.0
40.0
30.0
1.0
364.0
4.0
14.07967032967033
11.29945054945055
0.0
14.07967032967033
11.29945054945055
0.0
0.692358892642641
0.0
0.0
47.75202211485373
40.0
30.0
46.647615158762406
46.647615158762406
314.6666666666667
33.061537152887034
0.27358353485844833
817.7640119859255
2.5988263092773054
364.0
251.0
253.0
23041230.0
-3.203426503814917e-16
1.0
4.0969225582817375
255.0
0.769472285955804
251.5934065934066
251.0
251.0
4.0
0.651029137691809
251.5950762983696
1.403762505769449
23041230.0
1.0
0.8401763072092744
1.0
1.0
0.0
0.0
0.0
0.0
1.0
0.0
-3.203426503814917e-16
0.0
1.0
-3.203426503814917e-16
0.0
0.0
1.0
1.0
1.0
1.0
0.0
1.0
-3.203426503814917e-16
0.0
78.5
1.0
0.0
1.0
43.195341589768496
43.195341589768496
43.195341589768496
1.0
3.03039369617116
12.202916993561724
0.15275556116705621
0.21565934065934067
16.935651486912878
0.16631642608736716
0.16631642608736716
0.16631642608736716
4.0
1.0
0.0
1.0
16918.5
16918.5
16918.5
1.0
1.0
0.25
0.0650212918177461
0.0650212918177461
0.0650212918177461
1.9999999999999987
0.01098901098901099
8637.5
2.2853034137127963
90.72527472527473
0.2492452602342712
2.776174375075474
364.0
0.0
1.0
55.6978021978022
55.6978021978022
55.6978021978022
1.0
0.023749025327469208
0.023749025327469208
0.023749025327469208
