1.0
1.0
1.0
40.0
30.0
1.0
218.40666666666667
146.0
255.0
1.0
1.0
1.0
40.0
30.0
1.0
0.0
0.0
0.0
40.0
30.0
1.0
692.0
3.0
18.16907514450867
12.997109826589595
0.0
18.16907514450867
12.997109826589595
0.0
0.7669911193392925
0.0
0.0
41.8824947358944
40.0
30.0
49.4064773081425
49.4064773081425
643.5833333333334
32.12350151820567
0.24393899592783666
1477.7674117742806
2.2961555019152358
692.0
224.0
254.0
41319662.0
1.3693899650041215
14.0
3.0480638571985033
255.0
9.45457582946306
244.08670520231215
249.0
214.0
41.0
6.8891658609884825
244.35730850468372
-1.1292257734935636
41319662.0
0.41730846336329314
132.17456313274752
6.34835917505748
2.472339018274719
3.440206413767267
-0.824332652386834
1.2331011617062022
0.28991697290782653
0.61905276373838
0.2758625225782609
0.8807461087373056
0.21223884460073267
0.29082134051422215
2.1925808313082413
-0.27102925817691886
0.6980470652304561
0.8634741837438262
0.971656969647505
0.8644111470991306
0.931737091871913
0.2635648785398909
0.4469402498681466
1.878617803592792
0.38075453365350714
87.4993040767418
0.3591977513747856
0.5376912260619453
4.689585357768911
19.48272806169377
147.40698775779904
3.248205499121633
0.3987779567896545
3.6872856958820144
72.70811015871632
0.2922757033610623
0.3511560693641618
10.869213124103055
0.5460833962756574
2.002226708043648
0.29136152452293373
22.142857142857142
0.5272108843537415
0.4829931972789116
2.5238095238095237
3479.809523809524
24744.119047619046
574.1818783068784
0.7513227513227514
8.904761904761905
0.21201814058956917
0.4474863353884957
0.750574143776087
0.37281063729293934
3.3204233749536627
0.06069364161849711
3208.3446712018135
3.8389897632063446
105.98554913294798
0.15315830799558955
5.515637007584617
288.7774566473988
0.44696406495372376
6.180635838150289
43.84104046242775
317.4956647398844
7.4360549132947975
0.2587909441233141
0.06850581689269586
0.2414871597456152
0.04015156875760247
