1.0
1.0
1.0
40.0
30.0
1.0
239.48416666666665
167.0
255.0
1.0
1.0
1.0
40.0
30.0
1.0
0.0
0.0
0.0
40.0
30.0
1.0
852.0
1.0
19.753521126760564
14.539906103286384
0.0
19.753521126760564
14.539906103286384
0.0
0.7716451714645735
0.0
0.0
49.14417911638829
40.0
30.0
49.4064773081425
49.4064773081425
793.9166666666666
37.921868520751154
0.22863556306487182
1813.525307115208
2.2842766542859767
852.0
240.0
255.0
53598770.0
0.8112781244591322
4.25
4.722234476768076
255.0
4.481160043201307
250.7488262910798
254.0
232.0
23.0
2.786199536085536
250.81737272384842
-1.6818272930809908
53598770.0
0.625
34.380573739778264
3.3129978365599495
1.7930671395572215
0.9246979262042565
-0.5351260384834035
0.5238189675630517
0.13240716422342985
0.594714881044661
0.13240716422342985
0.5607038528593886
0.11435533646945632
0.557531597637303
1.2467295583538363
-0.3032824383942776
0.5931608455075947
0.9337964178882852
0.973518567155314
0.9337964178882852
0.95586427859219
0.13240716422342985
0.7268635574455065
1.1143223941304068
0.16405653294662037
97.66863479655721
0.5081687711051169
0.24591561444744153
2.339290058707278
46.97862403682974
176.2374435193694
14.663919166194823
0.6651774853231806
3.730333433057383
33.05451106651261
0.16553914355199517
0.2262323943661972
24.94898068306331
0.378282090149736
0.538881226748179
0.33813230600012534
5.888888888888889
0.654320987654321
0.1728395061728395
1.6666666666666667
39229.11111111111
153922.77777777778
10555.694444444445
0.8333333333333334
1.2222222222222223
0.13580246913580246
0.00263187675643089
0.0027430469504986944
0.0026040842079139395
2.947702779220087
0.01056338028169014
30267.333333333336
2.8320829721334215
238.8967136150235
0.28039520377350174
4.135207961383323
532.5
0.1875
3.25
55.833333333333336
201.87206572769952
19.323650234741784
0.4375
0.029155195724612223
0.0716438883521588
0.018533022567725578
