1.0
1.0
1.0
40.0
30.0
1.0
225.8775
123.0
255.0
1.0
1.0
1.0
40.0
30.0
1.0
0.0
0.0
0.0
40.0
30.0
1.0
855.0
1.0
19.205847953216374
14.757894736842106
0.0
19.205847953216374
14.757894736842106
0.0
0.7067817115624349
0.0
0.0
46.38202136514845
40.0
30.0
49.4064773081425
49.4064773081425
803.4166666666666
32.78196444618504
0.23147028331366093
1805.5773820415538
2.247373569598449
855.0
223.0
254.60000000000002
50471395.0
1.3823822044015455
18.5
2.674465027283547
255.0
9.83932423651722
242.6795321637427
247.0
214.0
41.0
7.56240402257326
242.96269537735466
-0.8720657278313821
50471395.0
0.41140727061318016
137.5160138162169
5.87128365431487
2.366431251493912
3.893011407297336
-0.5705822863711499
1.3267638808877102
0.2420878265763207
0.6906694535084696
0.23353901728686152
0.7977003543477835
0.18570627504685305
0.2849761581932292
2.1866381280223863
-0.34500258449356774
0.7672677144196958
0.8840853722855152
0.9761857777711122
0.8846552929048125
0.9420426861427578
0.22605880915858478
0.37444218570701077
1.9267576670698836
0.3922129268660077
95.77523479348505
0.37019436699177005
0.5102973491118931
4.605758535679002
24.24032868789629
162.87966628825987
4.8529407217178955
0.39582445726445376
3.9883707282178307
60.04245895144092
0.22481204648118747
0.302046783625731
12.214325556476858
0.46739231138014525
1.6026109074095296
0.25799513049656636
19.58823529411765
0.5761245674740484
0.5363321799307958
2.5294117647058822
5853.323529411765
37130.08823529412
1110.1127450980393
0.7810457516339869
5.9411764705882355
0.17474048442906576
0.3885633684848282
0.5357516119959606
0.3568890319860023
3.3938214022658073
0.03976608187134503
5220.948961937716
3.924615007653532
152.93684210526317
0.1788734995383195
4.979848842378852
351.753216374269
0.42908245272049517
5.764912280701754
48.32397660818714
310.11812865497075
10.094411955815465
0.27270955165692007
0.05218653556289313
0.18817517485660065
0.029724346404747252
