1.0
1.0
1.0
40.0
30.0
1.0
217.7625
135.0
254.0
1.0
1.0
1.0
40.0
30.0
1.0
0.0
0.0
0.0
40.0
30.0
1.0
741.0
1.0
19.771929824561404
12.947368421052632
0.0
19.771929824561404
12.947368421052632
0.0
0.8597033401825429
0.0
0.0
44.82980980884297
40.0
30.0
49.4064773081425
49.4064773081425
683.6666666666666
38.54033723241042
0.23465727327820612
1599.3605338166594
2.339386446343237
741.0
218.0
252.0
42250767.0
1.4231749622307746
21.0
2.0461394589960427
254.0
10.861319186058157
238.46018893387316
243.0
212.0
42.0
8.996575178002278
238.78563387978016
-0.5994279356657093
42250767.0
0.41236356748822117
155.31724098994505
4.70994877134306
2.10918465338949
4.381373768992134
-0.07728055780261028
1.3350567369131023
0.2900269345073581
0.6432155076366348
0.28364982757881446
0.8709812425843524
0.20729497501837674
0.25998825942226067
2.3686022419992256
-0.28106214251303785
0.7254110089589565
0.8588127969034471
0.9712916345613508
0.85923793736535
0.9294063984517236
0.2780698590163388
0.4431400146360856
2.065738777794388
0.40627091785511515
99.68772113804829
0.36287527332463954
0.528564564110236
4.25471503566643
13.842849299201713
69.41765089670801
4.098699519688483
0.44458914678652517
3.8623093251077107
70.76306529582929
0.2505179733334645
0.3707827260458839
6.071856306020557
0.49261223859617037
1.772181545277861
0.2782542745179118
15.620689655172415
0.5386444708680143
0.7300832342449466
3.1379310344827585
6027.413793103448
26389.862068965518
1538.8706896551723
0.7337164750957854
3.4827586206896552
0.12009512485136742
0.31721596908565164
0.3893714093779071
0.3091689193453486
3.7285021157426192
0.03913630229419703
5374.523186682522
4.176003152305523
104.20917678812415
0.1406331670554982
4.49413838759673
305.56140350877195
0.43609230696381773
4.6882591093117405
40.90013495276653
203.80026990553307
12.071937321937321
0.35683760683760685
0.05494394925211551
0.18925691059149705
0.032637403468923826
