1.0
1.0
1.0
40.0
30.0
1.0
235.8975
154.0
255.0
1.0
1.0
1.0
40.0
30.0
1.0
0.0
0.0
0.0
40.0
30.0
1.0
961.0
1.0
18.89802289281998
12.834547346514048
0.0
18.89802289281998
12.834547346514048
0.0
0.6700065124378883
0.0
0.0
49.27681590211553
40.0
30.0
49.4064773081425
49.4064773081425
917.9166666666666
33.015787566620304
0.22805313065432883
2002.8584464304727
2.1819610855347866
961.0
238.0
255.0
59422365.0
1.117525563836044
9.0
5.8727937565882256
255.0
6.231624402693605
248.525494276795
252.0
217.0
38.0
3.9516295232049155
248.66420445348146
-1.764988719648669
59422365.0
0.5010270475711976
68.9652709575635
7.015283702595288
2.6114490009922346
1.9688029499130006
-0.6805916761365096
0.9352572100031933
0.15289748944756704
0.7192301827760141
0.15289748944756704
0.6119395643964938
0.1286466401086458
0.40526430930638535
1.6740749902876764
-0.40883855554411586
0.7544665345608947
0.9235512552762164
0.9847102510552433
0.9235512552762164
0.9617756276381083
0.15289748944756704
0.564422828620405
1.52117750084011
0.27203867486269007
84.85405826333245
0.41051879398884494
0.43199772957778515
5.5374330817879205
49.53237761201471
383.8776806538903
7.350184577363118
0.2879814966508515
4.224762763616797
27.14783322847839
0.12875932251651004
0.21305931321540061
24.557958750992253
0.2968919790014014
1.1228965207573518
0.14696019956077738
10.304347826086957
0.44801512287334594
0.6729678638941399
3.260869565217391
14557.0
118045.73913043478
1980.0809178743962
0.6763285024154589
4.826086956521739
0.20982986767485823
0.425215620464727
0.7534799077485007
0.370341504799603
3.2343669797786077
0.023933402705515087
12811.213610586008
3.1785964860402287
263.47450572320497
0.2741670194830437
3.6546001661034238
481.4869927159209
0.3024230093305945
6.940686784599376
56.8792924037461
424.5806451612903
8.873482483524109
0.18773846687478324
0.034828827549827496
0.1661641001450104
0.01548886698868771
