1.0
1.0
1.0
40.0
30.0
1.0
167.23583333333335
47.0
238.0
1.0
1.0
1.0
40.0
30.0
1.0
0.0
0.0
0.0
40.0
30.0
1.0
683.0
3.0
17.913616398243047
15.994143484626647
0.0
17.913616398243047
15.994143484626647
0.0
0.7700182572851559
0.0
0.0
47.292905679394515
40.0
30.0
49.4064773081425
49.4064773081425
629.0
36.416400813198614
0.24283644339583932
1461.9662870986074
2.324270726706848
683.0
173.0
226.0
28751945.0
1.6882118881255015
23.0
2.5736778423479576
238.0
14.84739833093599
204.33235724743778
207.0
162.0
76.0
10.848195153061225
205.1744427958169
-0.6295947283935075
28751945.0
0.37238820207979184
344.8397582794021
8.134154182233834
2.7770635052819186
12.227611781532136
-1.3898585749756966
2.001506712980486
0.31369179921105117
0.727030820040703
0.2914391991984893
0.914408370723889
0.22643535954824484
0.27586110965807187
2.5795438199823404
-0.3618748753160819
0.8179760342392515
0.8565056604020115
0.9819402341642774
0.8579891670695156
0.9424539134940542
0.2719681741874977
0.49114329190646155
2.247721270840753
0.5787996280478844
69.1533298402633
0.2757376886839579
0.9468357246835171
6.324598079698777
17.7942648636938
161.68293646038248
2.5937587733756646
0.3654339092326756
3.965186463932832
76.64916782572966
0.29715448770253694
0.36822840409956076
9.62008298777838
0.5545169830964075
2.6851147909441315
0.26996319302666977
13.871794871794872
0.3556870479947403
1.019066403681788
4.333333333333333
2160.2820512820513
19475.53846153846
262.6440527065527
0.5975783475783476
3.9743589743589745
0.10190664036817883
0.24127944454162126
0.4023049504722651
0.20861708705029772
4.2849009365890645
0.05710102489019034
1853.5831689677846
4.066401849176018
113.24304538799414
0.1658024090600207
5.734986248335973
254.3411420204978
0.6984559121436947
7.956076134699853
42.387994143484626
387.06002928257686
5.9754046689442
0.2342707824955263
0.0620634750022779
0.31241691903430213
0.03084879742988076
