1.0
1.0
1.0
40.0
30.0
1.0
168.95
38.0
255.0
1.0
1.0
1.0
40.0
30.0
1.0
0.0
0.0
0.0
40.0
30.0
1.0
775.0
2.0
21.748387096774195
10.361290322580645
0.0
21.748387096774195
10.361290322580645
0.0
0.6488308406766886
0.0
0.0
44.49356178295223
40.0
30.0
48.82622246293481
48.82622246293481
737.0833333333334
28.868795096333077
0.2439637775028198
1617.4709992891273
2.1944208017489575
775.0
182.0
246.0
36216864.0
2.06254029149743
36.0
2.6320675864493372
255.0
20.126068678459937
214.76903225806453
216.0
151.0
104.0
14.697808801775146
216.17455312629846
-0.44324997833171
36216864.0
0.266224349635796
605.7002022892822
10.923260701102746
3.184974706905652
28.923598686967086
-0.7896399702319977
3.4985117992485937
0.3819216056533308
0.8025255473482947
0.36001089227604494
0.9832884299114276
0.24600391849049807
0.14470192989233918
3.221995849907844
-0.391066488313365
0.8822968567577621
0.8221856251997061
0.9854850632842402
0.8236463394248584
0.9405198682724993
0.34083901807092
0.23855162166438937
2.809738876528398
0.9701083512254811
73.56006935295657
0.23880304648750944
1.2921486579112382
9.6108411308684
12.669810949878634
143.8894238803561
1.7711245244603218
0.25124188950993875
4.29344513338846
87.60223373286948
0.2709629122107257
0.397741935483871
5.219640111437983
0.5142448005125491
4.047783386115531
0.17869308639598952
7.967741935483871
0.2570239334027055
1.7127991675338188
7.258064516129032
2633.5806451612902
29548.354838709678
319.1877329749104
0.4651702508960574
2.096774193548387
0.06763787721123829
0.17309801427874985
0.7389187375047317
0.13441441527128864
4.5183971166989005
0.04
2008.5806451612902
4.741924453213481
109.54709677419355
0.14135109261186266
4.520447866805411
206.32387096774193
1.0711075962539018
10.829677419354839
38.37032258064516
448.65419354838707
4.804512903225806
0.1794383512544803
0.05520008310373133
0.4548930658165296
0.01940260128360384
