1.0
1.0
1.0
40.0
30.0
1.0
226.3775
73.0
255.0
1.0
1.0
1.0
40.0
30.0
1.0
0.0
0.0
0.0
40.0
30.0
1.0
845.0
2.0
19.81420118343195
13.968047337278106
0.0
19.81420118343195
13.968047337278106
0.0
0.7127481146070164
0.0
0.0
46.96035016351774
40.0
30.0
49.4064773081425
49.4064773081425
784.5833333333334
33.47090104033256
0.22644566607482938
1816.6844416806985
2.3154767180210705
845.0
223.0
252.0
47739753.0
1.143745716882628
17.0
1.867851824664453
255.0
8.851961766044607
237.46863905325444
238.0
219.0
36.0
7.267238090599914
237.69044808831936
-0.04691915630604843
47739753.0
0.5531837120549
105.39457862119673
4.406296110474184
2.0656093193648655
2.3300998683754846
0.27699401362613063
0.798775049187397
0.24061319020318575
0.5374277378783395
0.23788383089792467
0.798074536125887
0.18332594015492348
0.4102101982228359
1.917052515583685
-0.23365104086486177
0.6260604985691738
0.8813310204815636
0.9760646514091549
0.8815129777685811
0.9406655102407818
0.23549564150582125
0.6182573360873538
1.6672384525167003
0.25984705984764567
109.77731454093627
0.3978249726106096
0.45739473637379235
3.8869319647921152
19.10906272984583
87.05731223071069
4.930902900047223
0.4629956000628495
3.779525019850258
66.77178000969667
0.23894719770131542
0.3257396449704142
9.112607613311747
0.4891693456448275
1.6125180700755055
0.30462799883106023
25.318181818181817
0.5754132231404959
0.6585743801652892
2.840909090909091
6021.159090909091
24919.136363636364
1497.3970959595958
0.7670454545454546
6.545454545454546
0.1487603305785124
0.34164621588352695
0.634880277843817
0.30903968990142894
3.6145869985515184
0.05207100591715976
5652.344524793389
3.6334261208768193
136.72307692307692
0.16180245789713246
5.15949161443927
467.4402366863905
0.2835699030146003
4.369230769230769
46.04378698224852
213.62130177514794
11.522189349112425
0.32731755424063114
0.057522943902522654
0.1840970873008419
0.035922111415243284
