1.0
1.0
1.0
40.0
30.0
1.0
163.81416666666667
39.0
255.0
1.0
1.0
1.0
40.0
30.0
1.0
0.0
0.0
0.0
40.0
30.0
1.0
758.0
1.0
18.576517150395777
17.87862796833773
0.0
18.576517150395777
17.87862796833773
0.0
0.7849161331043374
0.0
0.0
43.714852691800814
40.0
30.0
49.4064773081425
49.4064773081425
708.5
34.31249313407403
0.23851581787194998
1611.3634496480918
2.2743309098773348
758.0
168.7
236.0
33327138.0
1.9416459180887387
35.0
2.650491213786877
255.0
19.394232844382874
208.23746701846966
211.0
150.0
105.0
13.40764664851852
209.68357238397215
-0.5448432655722232
33327138.0
0.296172402030061
604.3578574362473
9.534905952611783
2.976097258461305
24.629988836794382
-2.015271376703722
3.0392606769988886
0.32971033516386417
0.8029775211182142
0.3057333814448763
0.9349930198117887
0.23312200184014645
0.19698490030459925
2.940162211221841
-0.4207183038500606
0.8853151009073628
0.8495310046494606
0.9875096313031324
0.8511294682307264
0.9496153162763061
0.28475354694076194
0.3587447882793242
2.5929405363619678
0.842242753040688
68.2956187987502
0.24571843475939484
1.2542380725806896
7.395165561048436
15.746421405832368
161.20434245306768
2.471019868297398
0.3547141409138699
4.21180374210431
78.17928876527867
0.274188887332039
0.36642480211081796
7.492571792513891
0.530843836158854
2.8136870112286365
0.26106061992583923
10.0
0.29411764705882354
1.6920415224913494
6.176470588235294
2592.705882352941
26851.352941176472
338.4411437908497
0.529468954248366
3.6470588235294117
0.10726643598615918
0.3072392726615646
0.8218920867984614
0.2282115127059502
4.351593723348747
0.044854881266490766
2095.6782006920416
4.457967220892788
114.16622691292876
0.15061507508301947
5.169436303005409
224.49868073878628
0.9839600114173528
9.240105540897098
41.99736147757256
445.30079155672826
5.990159044268543
0.2322141600703606
0.058792858538900754
0.3435024295313748
0.027966924434820697
