1.0
1.0
1.0
40.0
30.0
1.0
221.8
101.0
255.0
1.0
1.0
1.0
40.0
30.0
1.0
0.0
0.0
0.0
40.0
30.0
1.0
969.0
1.0
18.391124871001033
14.89267285861713
0.0
18.391124871001033
14.89267285861713
0.0
0.766369527646578
0.0
0.0
45.88337512031083
40.0
30.0
48.82622246293481
48.82622246293481
915.0
35.16362051778336
0.22326726350879308
2041.4549682612108
2.2310983259685364
969.0
215.0
248.0
51720003.0
1.2306976552687379
21.0
1.9398487078361044
255.0
10.400253045653653
230.70691434468523
230.0
208.0
47.0
8.387491284602484
231.0294701960579
0.08889890882113828
51720003.0
0.47215060050417423
148.93577262527413
3.2871832832910313
1.7543320232286137
2.882968908785161
-0.02935382343001458
1.063145464308402
0.22545193790995874
0.649817686090014
0.22545193790995874
0.7617984930931048
0.17273443467525562
0.327727350390336
2.053829507423556
-0.3149459565137676
0.7241676933772777
0.8872740310450207
0.977454806209004
0.8872740310450207
0.9436370155225102
0.22545193790995874
0.5046928717134647
1.8283775695135982
0.32214935055459026
115.79014505347354
0.4076980500748104
0.4457142244105011
3.210185990666104
23.062642108062306
78.49656397072225
9.899109096072749
0.571270448893514
4.119650335506271
53.50876874865958
0.17991446707326417
0.2936016511867905
9.571939293638817
0.3728545930754717
1.1462551161294168
0.24308182862110544
8.565217391304348
0.3724007561436673
0.8241965973534973
4.6521739130434785
13559.695652173914
48115.391304347824
4963.525362318841
0.5217391304347826
3.0869565217391304
0.1342155009451796
0.3199177476964676
1.6630686511920574
0.14802855672409568
4.055958151615117
0.023735810113519093
11784.72211720227
3.7974700594069533
175.54489164086687
0.18116087888634352
3.826729757678966
457.5139318885449
0.3296047439670018
3.2714138286893704
48.06501547987616
158.87100103199174
22.178677903910103
0.5020926499254672
0.038791190290281156
0.13525796429682985
0.02178505254802087
