1.0
1.0
1.0
40.0
30.0
1.0
170.11833333333334
54.0
248.0
1.0
1.0
1.0
40.0
30.0
1.0
0.0
0.0
0.0
40.0
30.0
1.0
801.0
2.0
20.38951310861423
10.318352059925093
0.0
20.38951310861423
10.318352059925093
0.0
0.5537530937174515
0.0
0.0
50.315120482865865
40.0
30.0
49.4064773081425
49.4064773081425
761.25
27.862153628153287
0.2405905784755471
1675.805887547214
2.201387044396997
801.0
175.0
235.0
35308102.0
1.8069983696891025
27.0
2.956413214725546
248.0
17.544355448323806
208.8039950062422
213.0
151.0
97.0
12.18671845508439
209.9524409614423
-0.7136589404580002
35308102.0
0.31764757224505574
480.9191351010985
8.954278604219326
2.8925673283307343
18.804319096680366
-2.0549951722010316
2.6588967915495747
0.30978921324494746
0.7908290115296401
0.28438271630685574
0.9107375684675783
0.22717391281903151
0.20059981435651808
2.8102347020596987
-0.4008295362541251
0.865693978139411
0.8603492915403813
0.9822254550492047
0.8620430580029207
0.9439703399698984
0.2621520314860254
0.3630945618833975
2.4745211780576817
0.7421715011986307
72.38690272304638
0.27545155708415314
0.9525788830985811
7.6820338140917075
20.533328126695128
200.0157366780176
3.207561650081322
0.2840601976584074
4.367297607573088
63.59478624054633
0.23636210180489334
0.3280274656679151
10.654849637348159
0.4811356728299079
3.0947418908849915
0.1737217030154472
9.1875
0.287109375
1.2099609375
5.59375
4533.90625
42895.09375
555.6048177083334
0.4993489583333333
3.5
0.109375
0.2562352740555638
1.1784604680456026
0.15152875146847677
4.202819531114777
0.039950062421972535
3907.3427734375
4.508614773026319
129.33458177278402
0.16146639422320103
4.876267337488564
254.43570536828963
0.8115136977654336
8.935081148564295
45.526841448189764
443.4394506866417
7.711931266472464
0.21286759606047997
0.049793011947461746
0.34213885196886357
0.018077060896914677
