1.0
1.0
1.0
40.0
30.0
1.0
221.00916666666666
139.0
255.0
1.0
1.0
1.0
40.0
30.0
1.0
0.0
0.0
0.0
40.0
30.0
1.0
987.0
2.0
16.34549138804458
14.32016210739615
0.0
16.34549138804458
14.32016210739615
0.0
0.8515526707372377
0.0
0.0
40.80524349289625
40.0
30.0
49.4064773081425
49.4064773081425
943.8333333333334
34.74781407645909
0.227070090497732
2049.215972363387
2.1711629585344028
987.0
218.0
238.0
51775169.0
0.8266094620773479
9.0
3.4652611238182796
255.0
5.9180963467324466
228.90273556231003
230.0
207.0
48.0
3.8763571848407827
229.03517513437723
-0.4532457820346782
51775169.0
0.6321007956524998
60.649100926020026
3.3199323231787075
1.7890831166698546
1.1162326875224236
-0.5633018040846561
0.5883664642118206
0.11203212571531494
0.6792830938077032
0.11203212571531494
0.5034920134788634
0.09913382703473077
0.5570141873114556
1.2714656648474298
-0.3902022909153744
0.6746327126953924
0.9439839371423425
0.9887967874284685
0.9439839371423425
0.9719919685711713
0.11203212571531494
0.7243680177853965
1.1594335391321156
0.17509964748178386
82.5985516591117
0.486810443641039
0.2786889301341639
2.5706509126909767
86.98477486374962
328.0116987124377
26.776953825763243
0.6236802050246774
4.271659013655224
22.94289258087238
0.13132062232660124
0.17198581560283688
49.136379863603835
0.2849375168769931
0.5486061866768805
0.22722153487738614
5.5
0.4583333333333333
0.4166666666666667
2.6666666666666665
47113.75
176458.16666666666
14779.127314814816
0.6759259259259259
1.6666666666666667
0.1388888888888889
0.27731500370189416
0.33189369112792033
0.2694573688824247
3.1887218755408635
0.0121580547112462
40348.6875
2.6917944671588137
336.30091185410333
0.3407304071470145
3.1038967571335156
623.8834853090173
0.18683205891380245
3.309017223910841
61.23100303951368
216.39108409321176
22.513030507711356
0.42724867724867727
0.0251977150104291
0.06712571217462181
0.014997152171030145
