1.0
1.0
1.0
40.0
30.0
1.0
158.54166666666666
68.0
255.0
1.0
1.0
1.0
40.0
30.0
1.0
0.0
0.0
0.0
40.0
30.0
1.0
578.0
2.0
21.401384083044984
12.164359861591695
0.0
21.401384083044984
12.164359861591695
0.0
0.6554275500860287
0.0
0.0
46.84136033490204
40.0
30.0
49.4064773081425
49.4064773081425
533.8333333333334
30.701118047001724
0.25706834085310265
1237.9582225359995
2.318997606998438
578.0
181.0
250.0
27181623.0
2.0840992354198065
36.0
2.2794328511788597
255.0
20.370745082075164
215.45501730103805
212.5
161.0
94.0
15.289684486608676
216.85716361643372
-0.17577736341878186
27181623.0
0.26713640880736583
606.1649315740951
11.532445868046981
3.2880099201087085
28.38630195337027
-0.05070747487006699
3.3170522481095057
0.43233207746534585
0.7685644938064405
0.3635755987092787
1.0659076981634812
0.2979318858809551
0.16795959719043135
3.170260183102956
-0.3910772220811203
0.8831634079053696
0.8250878485209674
0.9839532974723896
0.8294170302306385
0.9410229413611647
0.30581807990464605
0.31115737057258086
2.70507284704406
0.9373460813937129
54.31202727937312
0.22924471385470535
1.4008877407718985
8.971457231800132
12.003607949149472
152.87981372769877
1.356524780961764
0.2792717102960931
4.128996697872828
78.16398800847215
0.32315557903361547
0.4108996539792388
5.769175682933471
0.5826166918736057
3.9399552409333696
0.22208822965306527
18.19298245614035
0.31917513080947985
1.2803939673745766
5.2105263157894735
1181.9649122807018
13996.350877192983
113.28574074074074
0.5269590643274854
11.175438596491228
0.19606032625423206
0.42175768530669694
1.3303724947737183
0.30498793110340583
4.059602182241509
0.0986159169550173
1079.1381963681133
4.665108149805337
72.92387543252595
0.12616587445073693
5.875995258677459
154.40484429065745
1.1177428431172998
11.141868512110726
38.5121107266436
495.8131487889273
3.8870059592464434
0.17932525951557093
0.09032443805408873
0.5451154759289337
0.0433402466976563
