1.0
1.0
1.0
40.0
30.0
1.0
170.83083333333335
83.0
244.0
1.0
1.0
1.0
40.0
30.0
1.0
0.0
0.0
0.0
40.0
30.0
1.0
629.0
1.0
22.05087440381558
14.914149443561207
0.0
22.05087440381558
14.914149443561207
0.0
0.6466361859619125
0.0
0.0
42.111263180725466
40.0
29.0
43.08131845707603
43.08131845707603
590.5
27.230666609222627
0.2545763233737694
1337.045076374852
2.2642592317948385
629.0
181.0
236.20000000000005
29108568.0
1.7012559307240689
30.0
2.2386218226817447
244.0
16.98235016087817
214.1844197138315
220.0
169.0
75.0
13.193285386570773
215.12213412713936
-0.6386920814105455
29108568.0
0.33288511554666983
402.56694326422183
10.841971863271556
3.2227426306263234
11.413024719865984
-1.9722233947301422
2.237627089503347
0.4149656849481297
0.6867743561020251
0.3640009104244285
1.0419669794340098
0.2789026400792174
0.2012649692028684
2.769020333748009
-0.2865621987489587
0.7677997937341725
0.823096022240156
0.9765464563613196
0.8262700602793627
0.9288730878930618
0.32151863889786364
0.3548586390236186
2.3147155341079224
0.6631481936128691
75.52454411764705
0.2952674296666357
0.8293895395926845
8.476602398341887
12.331084830240822
153.96425819186734
1.3147618354388737
0.21868252915679695
3.8605193488074594
77.82129806553493
0.297713512156471
0.40540540540540543
5.825046522425295
0.5507982144043007
3.6196869577535344
0.16265348138962374
16.125
0.3359375
0.8433159722222222
4.4375
1806.4791666666667
22684.0
170.83015046296296
0.513888888888889
14.541666666666666
0.3029513888888889
0.5673009551131402
1.35257037246429
0.4079448848621883
3.4205199953498484
0.07631160572337042
1634.7599826388891
4.33781877001137
82.74244833068363
0.1315460227832808
5.163408241309672
209.38473767885532
0.7528036780818974
10.581875993640699
38.30365659777424
476.9443561208267
3.926227698286522
0.15229199788023318
0.0876300450109974
0.49030356461904084
0.03873363389782283
