1.0
1.0
1.0
40.0
30.0
1.0
233.76166666666666
199.0
255.0
1.0
1.0
1.0
40.0
30.0
1.0
0.0
0.0
0.0
40.0
30.0
1.0
630.0
6.0
18.066666666666666
14.901587301587302
0.0
18.066666666666666
14.901587301587302
0.0
0.7056355090993823
0.0
0.0
48.9422747706772
40.0
30.0
49.4064773081425
49.4064773081425
549.25
34.53540697428866
0.22850192090851337
1419.409299374584
2.584268182748446
630.0
235.0
249.0
36591226.0
0.4588507916193715
7.0
2.976151057442995
255.0
4.4465104560342645
240.93650793650792
240.0
234.0
21.0
3.1930903137425237
241.0006454578724
0.8743177383442364
36591226.0
0.8250995212899974
30.910254472159238
1.3210857408121717
1.1214628473646309
0.7776902673373801
0.4496915965488692
0.3400130997662013
0.086605602563442
0.5986683736108398
0.086605602563442
0.41982670051467685
0.07849739498319665
0.7081932538519818
0.8913438165865161
-0.3317368627471903
0.5375700366341001
0.9566971987182791
0.9826788794873116
0.9566971987182791
0.971131465812186
0.086605602563442
0.8352343513536482
0.8047382140230743
0.10665467558241082
136.78052736777252
0.779578661874123
0.1102106690629385
1.378441526258861
20.720926171367203
25.4802309647926
19.531099973010853
0.9053896184352848
3.423895851411006
29.396617328674136
0.15827274100566924
0.2781746031746032
5.723347897074932
0.2631636772480996
0.4179174290957166
0.22447523928619528
5.545454545454546
0.5041322314049587
0.24793388429752064
2.3636363636363638
11519.272727272728
12023.545454545454
11393.204545454546
0.6590909090909091
1.7272727272727273
0.15702479338842976
0.07545140425208126
0.2309166756453717
0.036585086403758654
3.277613436819112
0.01746031746031746
8239.107438016528
3.0497488523554828
114.18095238095238
0.18123960695389266
2.8984026203073823
519.8126984126984
0.08745023935500126
1.2904761904761906
48.79365079365079
60.903174603174605
45.76626984126984
0.9273809523809524
0.029065734641887327
0.042835266969809674
0.025623351559906738
