1.0
1.0
1.0
40.0
30.0
1.0
237.36166666666668
201.0
255.0
1.0
1.0
1.0
40.0
30.0
1.0
0.0
0.0
0.0
40.0
30.0
1.0
843.0
2.0
19.939501779359432
15.844602609727165
0.0
19.939501779359432
15.844602609727165
0.0
0.7747639681760579
0.0
0.0
45.295201263502754
40.0
30.0
49.4064773081425
49.4064773081425
768.9166666666666
35.09308987024458
0.220246124864161
1842.8728205679022
2.3967133246791836
843.0
236.0
248.0
49124545.0
0.33873666185219187
6.0
3.2299309947692265
255.0
3.503273768062714
241.3582443653618
241.0
235.0
20.0
2.594881952507798
241.39900913898938
0.8321709275570522
49124545.0
0.8821640500443959
19.679490156181174
1.1793455159623976
1.0720291578713976
0.4589238948933363
0.26909207003118213
0.19386035161226295
0.07348391530359098
0.4528284121640166
0.07348391530359098
0.3765527026184532
0.06787031293579805
0.7984575536062749
0.665870866257526
-0.2183078152193689
0.3800238098762242
0.9632580423482046
0.9853032169392818
0.9632580423482046
0.9755053615654696
0.07348391530359098
0.8912288844768068
0.5923869509539352
0.06683606672896349
129.8760276511047
0.7350084585687087
0.13249577071564567
1.4722865777948348
42.2439707215851
44.59218768812835
41.65691647994929
0.8819283555512913
3.8801182353748724
21.040764309042203
0.11471676897309253
0.2090747330960854
16.66010472521382
0.24174736728475693
0.47446351205986825
0.18356833109097903
5.0
0.625
0.1875
3.25
67322.625
67599.75
67253.34375
0.4375
1.25
0.15625
0.03816774323757263
0.1525625435130547
0.009569043168702116
2.7499999999999973
0.009489916963226572
56218.734375
2.648514698887093
196.5326215895611
0.23313478243127056
2.9675409379313837
743.6642941874259
0.05891797497780198
1.188612099644128
56.65836298932384
61.487544483985765
55.45106761565836
0.952846975088968
0.024316433715087897
0.035163147548901375
0.021604755256634526
