1.0
1.0
1.0
40.0
30.0
1.0
189.43666666666667
110.0
245.0
1.0
1.0
1.0
40.0
30.0
1.0
0.0
0.0
0.0
40.0
30.0
1.0
640.0
2.0
24.125
16.7375
0.0
24.125
16.7375
0.0
0.8302584520698673
0.0
0.0
44.882482920403724
40.0
30.0
49.4064773081425
49.4064773081425
588.75
37.26406079454666
0.24776394600678886
1371.0921006673084
2.328818854636617
640.0
199.9
235.0
31518768.0
1.3508774745753178
15.0
2.9644404428603868
245.0
10.423828125
221.53125
225.0
188.0
57.0
7.085345728171513
221.91907308746582
-0.8959778351948868
31518768.0
0.42625
171.9802734375
6.409561395124351
2.482999774860826
3.7701558073991803
-0.95320928403187
1.2518634758349565
0.27501483300163343
0.6393983822122202
0.2668044864618062
0.8516639666628376
0.20193423179792092
0.2963589962256234
2.1661279531145237
-0.28589298830282056
0.7104823774714627
0.8674187914230796
0.9728774557709056
0.8679661478590681
0.9337093957115399
0.2596204332394575
0.4582223493626521
1.8762755703911929
0.3817195772091475
80.45061094365218
0.35420395217481787
0.558448687253567
5.05097701128629
17.1077653339509
124.82039109801997
3.061510122944831
0.3726465101465102
3.7836033673772222
59.61864959148464
0.2557282293774408
0.35390625
8.428454723895854
0.4996984595658753
1.8533569097660436
0.2615349603439882
13.4375
0.419921875
0.5537109375
3.09375
2679.5
18520.75
463.84027777777777
0.6501736111111112
4.625
0.14453125
0.34520158797513706
0.5965432512419938
0.29504324802566495
3.9764097655573845
0.05
2279.5
3.909372103694751
98.959375
0.1546240234375
4.9777734375
272.8
0.44437499999999996
6.325
43.03125
310.96875
7.442708333333333
0.2520833333333333
0.05897444501527462
0.23092057365480917
0.032000790598437814
