1.0
1.0
1.0
40.0
30.0
1.0
180.09583333333333
79.0
244.0
1.0
1.0
1.0
40.0
30.0
1.0
0.0
0.0
0.0
40.0
30.0
1.0
708.0
2.0
17.970338983050848
14.05084745762712
0.0
17.970338983050848
14.05084745762712
0.0
0.5928906091325199
0.0
0.0
47.59286601498567
40.0
30.0
48.82622246293481
48.82622246293481
648.0
28.217363321987257
0.2350230268221187
1540.8382345852044
2.3778367817672907
708.0
179.0
232.0
30107734.0
1.5343868200704547
36.0
1.664668158101272
244.0
17.24325704618724
205.29378531073445
204.0
175.0
69.0
14.80404608004004
206.21602271064893
0.08541212345737659
30107734.0
0.3563910434421782
379.5097353889368
3.9507067131794975
1.8606382372339385
8.437026784493769
0.9204478523053321
2.215520017283839
0.26147644855959484
0.7889502436665342
0.25140485521576017
0.8330077360523628
0.19663162542776716
0.2121209597597249
2.4871944756350053
-0.40584664455426234
0.8440546399894902
0.8753047317265035
0.974317197913756
0.8759761712827591
0.9376523658632517
0.24259221103990486
0.31309293718077424
2.2087881500220448
0.6192491164608585
97.07953644544698
0.3904711746843261
0.535807289612817
3.3080782937733453
14.751182884326319
61.199961826038404
7.775629364616965
0.5973038642249051
3.9214023070997994
56.09037413369235
0.2193754642139721
0.3516949152542373
6.035967790962028
0.43357886853176575
1.2143359356091372
0.2807721874915605
5.133333333333334
0.3422222222222222
0.5955555555555556
4.333333333333333
8072.0
18526.266666666666
6376.581481481481
0.46296296296296297
1.4
0.09333333333333334
0.1874576229488512
0.9940045621202631
0.06814981311412789
3.7735572622751814
0.0211864406779661
5844.160000000001
4.2977960572527625
108.7683615819209
0.15362762935299562
3.818347218232309
252.32485875706215
0.6234000446870311
3.810734463276836
42.090395480225986
178.14124293785312
21.491054613935972
0.5499843063402385
0.042695811323064485
0.14723559119190677
0.024893453360570476
