1.0
1.0
1.0
40.0
30.0
1.0
236.22416666666666
192.0
255.0
1.0
1.0
1.0
40.0
30.0
1.0
0.0
0.0
0.0
40.0
30.0
1.0
818.0
2.0
19.301955990220048
14.166259168704157
0.0
19.301955990220048
14.166259168704157
0.0
0.7263731962209501
0.0
0.0
49.83700947720828
40.0
30.0
49.4064773081425
49.4064773081425
743.1666666666666
36.20026786405356
0.22103470353684027
1795.068972990605
2.4154325718644607
818.0
234.0
254.0
48283184.0
0.7301635645627806
11.0
2.017285036825819
255.0
5.657038157351999
242.8606356968215
241.0
233.0
22.0
4.778252237273216
242.95245895136244
0.38513686229188226
48283184.0
0.6750467775778479
44.608939449190274
1.6231146945699633
1.2284963978607313
0.9844619030499726
0.5628208992992842
0.5802295433165814
0.124748998024462
0.6470731514895285
0.124748998024462
0.5393912186439291
0.10864043860151523
0.538870290727963
1.2776669098838056
-0.3526314015442923
0.6447718553990724
0.9376255009877691
0.9750502003951076
0.9376255009877691
0.9584170006585127
0.124748998024462
0.7091291031270376
1.1529179118593436
0.17624463533526086
132.96330242055944
0.629002071614046
0.185498964192977
1.7393937034122455
28.920272276506292
41.845949584776314
25.688852949438786
0.8151515741469386
3.849916004131011
32.52217080068743
0.14896946853841064
0.25794621026894865
12.300464729036293
0.31468331551571527
0.5786009495067128
0.2487039070179659
6.636363636363637
0.6033057851239669
0.1983471074380165
3.1818181818181817
20729.090909090908
23029.545454545456
20153.977272727272
0.45454545454545453
1.1818181818181819
0.10743801652892562
0.21189342165198874
0.8473287127919964
0.053034598866986776
3.277613436819112
0.013447432762836185
15199.140495867769
3.313686290535721
155.98044009779952
0.19068513459388695
3.3529271106700698
552.1882640586797
0.16247661121107598
1.6124694376528117
51.46699266503668
80.04034229828851
44.32365525672372
0.8468826405867971
0.030496772896426525
0.05903653952299022
0.023361831239785597
