1.0
1.0
1.0
40.0
30.0
1.0
230.32
153.0
255.0
1.0
1.0
1.0
40.0
30.0
1.0
0.0
0.0
0.0
40.0
30.0
1.0
845.0
3.0
21.336094674556215
13.054437869822484
0.0
21.336094674556215
13.054437869822484
0.0
0.6673203334850416
0.0
0.0
49.00185240387088
40.0
30.0
49.4064773081425
49.4064773081425
793.25
32.699932487535904
0.2324775107137148
1782.5562022824488
2.247155628468262
845.0
230.0
255.0
50529152.0
1.2045946546145516
15.0
2.5188181410652746
255.0
7.986199362767408
244.34792899408285
246.0
221.0
34.0
6.387901107753935
244.535913554127
-0.7301302449074845
50529152.0
0.47115577185672763
91.90261405412977
5.928851533209249
2.3910786495320098
1.7627616434519158
0.05165926424958886
1.0114318710831596
0.16549655745597902
0.7184409900481922
0.1635210012476902
0.6442893740402623
0.13795082494140548
0.36063581112208765
1.8110894417110954
-0.4153286387436552
0.7794941755687474
0.9184370549969837
0.9835415237717077
0.918568758744203
0.9592185274984919
0.1617923895654375
0.4719420636711008
1.6387569547523388
0.29423210713478465
85.49577904414264
0.41453719943294526
0.43234949974596676
4.808162054502564
35.60777897589725
225.8495398644522
6.80023080487983
0.3440911246815541
4.191453263906777
33.107828254696614
0.15509489146857486
0.24260355029585798
16.35027843327589
0.3605588943537699
1.1687463663068913
0.20593187656736217
17.46153846153846
0.6715976331360947
0.44378698224852076
2.1538461538461537
7242.961538461538
43040.730769230766
1422.9636752136753
0.8397435897435896
6.538461538461538
0.2514792899408284
0.49258930367933157
0.4932565143758335
0.49251457748028105
2.563381148551197
0.03076923076923077
6186.711538461539
3.488547321179132
191.56331360946746
0.22670214628339344
4.235551976471411
398.1266272189349
0.319714295717937
5.804733727810651
54.067455621301775
335.57041420118344
10.338658777120315
0.2314266929651545
0.04368871643551131
0.15539424027336116
0.024872203057629903
