1.0
1.0
1.0
40.0
30.0
1.0
254.97583333333333
249.0
255.0
1.0
1.0
1.0
40.0
30.0
1.0
0.0
0.0
0.0
40.0
30.0
1.0
1192.0
1.0
19.595637583892618
14.593120805369127
0.0
19.595637583892618
14.593120805369127
0.0
0.7469170709248898
0.0
0.0
46.09492551884114
40.0
30.0
49.4064773081425
49.4064773081425
1156.9166666666667
34.42908675303378
0.2182366410692791
2442.06849507868
2.1108421768309555
1192.0
255.0
255.0
77508782.0
-3.203426503814917e-16
0.0
594.001680672276
255.0
0.003350074320973681
254.998322147651
255.0
254.0
1.0
0.0
254.9983254320592
-24.351625832216616
77508782.0
1.0
0.001675037160488266
1.0
1.0
0.0
0.0
0.0
0.0
1.0
0.0
-3.203426503814917e-16
0.0
1.0
-3.203426503814917e-16
0.0
0.0
1.0
1.0
1.0
1.0
0.0
1.0
-3.203426503814917e-16
0.0
53.0
1.0
0.0
1.0
766.7183253340862
766.7183253340862
766.7183253340862
1.0
2.8044850327766055
15.272800207039335
0.394984159449711
0.044463087248322146
71.42023702139181
0.028890966911528145
0.028890966911528145
0.028890966911528145
1.0
1.0
0.0
1.0
1420864.0
1420864.0
1420864.0
1.0
1.0
1.0
7.037971262555741e-07
7.037971262555741e-07
7.037971262555741e-07
-3.203426503814917e-16
0.0008389261744966443
0.0
0.5970627951186003
938.9295302013422
0.7876925588937436
0.974145308769875
1192.0
0.0
1.0
75.69798657718121
75.69798657718121
75.69798657718121
1.0
0.014272612801645643
0.014272612801645643
0.014272612801645643
