1.0
1.0
1.0
40.0
30.0
1.0
247.6475
201.0
255.0
1.0
1.0
1.0
40.0
30.0
1.0
0.0
0.0
0.0
40.0
30.0
1.0
1046.0
1.0
20.269598470363288
16.0
0.0
20.269598470363288
16.0
0.0
0.6825685725228631
0.0
0.0
47.41340107781583
40.0
30.0
49.4064773081425
49.4064773081425
1007.9166666666666
32.36289749213872
0.22518741542638054
2158.853104769503
2.1418964247403087
1046.0
246.0
254.0
66114217.0
0.7138244458041179
4.0
6.157364863990221
255.0
2.639824296509695
251.3833652007648
253.0
237.0
18.0
1.579493398692477
251.40944376256417
-1.830058183299885
66114217.0
0.6848506008503668
13.112113340815784
3.3925162931813175
1.8154935644288315
0.9546272489625207
-0.555069672373817
0.49391758668550867
0.1079288002103534
0.6410546436362433
0.1079288002103534
0.491514959849052
0.09599802382032727
0.6030787827317416
1.134884036095026
-0.35459101933105996
0.6185693199815459
0.9460355998948233
0.9784142399579293
0.9460355998948233
0.9640237332632156
0.1079288002103534
0.7615291643236547
1.0269552358846732
0.15046159672396553
83.28980556997841
0.5035621358509921
0.24821893207450393
2.609918186389665
91.78246656202577
350.94166840216985
26.992666101989762
0.5975204534025838
4.353169026272232
17.640827056416533
0.1036594909362695
0.15798279158699807
47.135918375862154
0.24604762287064294
0.42843366583619225
0.20045111212925565
8.2
0.82
0.09000000000000001
1.3
71545.2
283729.5
18499.125
0.925
1.2
0.12
0.0549774550383797
0.05497787919794286
0.054977348998488905
3.1219280948873593
0.009560229445506692
60604.04
2.510366993088101
391.07648183556404
0.37387808970895225
2.928464623495132
716.3537284894837
0.15757469957481654
3.4120458891013383
62.77629063097514
227.52676864244742
21.588671128107073
0.3969885277246654
0.022046758500510893
0.06352487845573751
0.011677228511704236
