1.0
1.0
1.0
40.0
30.0
1.0
223.12083333333334
157.0
255.0
1.0
1.0
1.0
40.0
30.0
1.0
0.0
0.0
0.0
40.0
30.0
1.0
558.0
9.0
20.72222222222222
14.863799283154123
0.0
20.72222222222222
14.863799283154123
0.0
0.6905941583249815
0.0
0.0
48.89406737463175
40.0
30.0
49.4064773081425
49.4064773081425
499.25
33.765957305668756
0.25080969654138346
1213.4405880788024
2.430526966607516
558.0
230.0
254.0
33407303.0
0.9803013444867357
15.0
2.0531226817078885
255.0
8.050635269331071
244.50716845878136
248.0
225.0
30.0
6.469075666129753
244.68289404450167
-0.6340525742544779
33407303.0
0.5135918089438728
85.96321026194421
2.317865302178106
1.472843209330271
0.8019502206713742
0.07824544589806558
0.795264782529805
0.20132865162541325
0.5961761263173359
0.20132865162541325
0.7115836702851783
0.15809372447424985
0.34360955844814106
1.7086072545615214
-0.28734127753276467
0.6441450179023882
0.8993356741872934
0.9597342696749174
0.8993356741872934
0.9328904494581955
0.20132865162541325
0.42649246485702247
1.5072786029361087
0.24914835853880454
104.33520176473021
0.5667556179911635
0.21662219100441824
1.9543217012164846
18.399475804783187
47.28778175169646
11.177399318054867
0.7614195746958788
3.3653668779690458
41.1173831788591
0.21596268090707177
0.3310931899641577
7.757029976360966
0.35865718825198845
0.6305758179687798
0.2906775308227906
8.285714285714286
0.5918367346938775
0.20408163265306123
1.8571428571428572
4915.428571428572
9847.642857142857
3682.375
0.7857142857142857
1.5714285714285714
0.11224489795918367
0.24693473092279067
0.3009243412927079
0.23343732833031136
3.3248629576173534
0.025089605734767026
3326.8367346938767
3.546217069078204
105.18279569892474
0.18849963386904073
3.2171220821931885
286.584229390681
0.2432040955280636
2.252688172043011
43.55555555555556
108.49641577060932
27.320340501792113
0.6868279569892473
0.03853429321416606
0.0752566544505762
0.029353702905063523
