1.0
1.0
1.0
40.0
30.0
1.0
238.835
198.0
255.0
1.0
1.0
1.0
40.0
30.0
1.0
0.0
0.0
0.0
40.0
30.0
1.0
827.0
1.0
22.332527206771463
16.258766626360337
0.0
22.332527206771463
16.258766626360337
0.0
0.6692344677526375
0.0
0.0
47.84492250133498
40.0
30.0
49.4064773081425
49.4064773081425
780.9166666666666
32.019471244847104
0.23571145276199867
1739.8290091789488
2.227931715947859
827.0
242.0
254.0
51357346.0
0.9850122624373987
7.0
3.918498936190801
255.0
4.079309401999331
249.14631197097944
251.0
233.0
22.0
2.8330271453346167
249.20028317929027
-1.1908972633633104
51357346.0
0.5103526828077183
26.896367897837344
2.7387788098456323
1.6049674463303005
0.8889062280976164
-0.30411312706887306
0.8035056467575578
0.15224705829053856
0.6810496932782031
0.15224705829053856
0.6093171887627343
0.12800963325838705
0.39411401421756476
1.5710376298195199
-0.3764369205071796
0.7126661617983648
0.9238764708547307
0.9695505883418922
0.9238764708547307
0.9492509805698205
0.15224705829053856
0.5288439171850313
1.4187905715289817
0.23893817626202407
97.82437146779237
0.5222470253266788
0.23887648733666061
2.184314273751348
43.97928042382668
140.69616246434336
19.80005991369751
0.703921431562163
3.996629438791272
28.784388024716854
0.1483304679535995
0.2267230955259976
21.625290450249405
0.3090771698363329
0.5630167031719744
0.24559228650242257
4.555555555555555
0.5061728395061729
0.24691358024691357
2.3333333333333335
27213.0
95083.33333333333
10245.416666666666
0.6666666666666666
1.0
0.1111111111111111
0.1233500868879275
0.15949077894125685
0.11431491387459514
3.169925001442309
0.010882708585247884
18769.43209876543
3.2709714077447742
208.3881499395405
0.25198083426788453
3.5783831362612197
422.06166868198306
0.2448236585961408
2.7158403869407497
55.220072551390565
163.0205562273277
28.269951632406286
0.5710399032648126
0.02782065237757067
0.0646977579490751
0.018601375984694562
