1.0
1.0
1.0
40.0
30.0
1.0
235.27833333333334
184.0
255.0
1.0
1.0
1.0
40.0
30.0
1.0
0.0
0.0
0.0
40.0
30.0
1.0
708.0
1.0
20.730225988700564
14.871468926553673
0.0
20.730225988700564
14.871468926553673
0.0
0.6669483133869929
0.0
0.0
47.08381343061182
40.0
30.0
49.4064773081425
49.4064773081425
651.0
31.402469955374393
0.23842703550353306
1523.523945664395
2.3402825586242626
708.0
237.0
255.0
43473203.0
0.9991709442878887
12.0
2.141686235528926
255.0
5.930212422994671
247.70197740112994
250.0
233.0
22.0
4.872448831047834
247.7959424527472
-0.6639431627130143
43473203.0
0.5005745475438093
46.55948761530849
2.596676316480221
1.5595771686965816
0.8495659941943448
-0.17542145315657978
0.8214496347447453
0.16411037921904587
0.666856933135556
0.16411037921904587
0.6398961119524887
0.13638305814377816
0.37083693487432623
1.6273192862127615
-0.3554094414627395
0.7060854196865635
0.917944810390477
0.9671779241561909
0.917944810390477
0.9452965402603181
0.16411037921904587
0.4775219790870585
1.463208906993716
0.2463900034909478
102.33882543641296
0.5346717903097556
0.23266410484512218
2.1090254005708915
24.30889969313165
69.1735009267718
13.092749384721621
0.7227436498572771
3.7728774919753976
31.059356456401
0.15655954950031845
0.2708333333333333
9.376654831080957
0.33817685895776733
0.5119785386916009
0.2947264390243089
3.5714285714285716
0.5102040816326531
0.24489795918367346
2.2857142857142856
17322.0
48894.0
9429.0
0.6785714285714286
1.0
0.14285714285714285
0.14517342371832215
0.1519122396039784
0.14348871974690805
2.807354922057602
0.009887005649717515
7092.122448979591
3.538523079032109
135.02824858757063
0.19071786523668166
3.717984934086629
354.40677966101697
0.24971272622809537
2.5508474576271185
50.41242937853107
140.60734463276836
27.86370056497175
0.6122881355932204
0.031820576185067034
0.06690581637813107
0.023049266136801028
