1.0
1.0
1.0
40.0
30.0
1.0
239.79083333333332
196.0
255.0
1.0
1.0
1.0
40.0
30.0
1.0
0.0
0.0
0.0
40.0
30.0
1.0
763.0
5.0
17.30275229357798
13.689384010484927
0.0
17.30275229357798
13.689384010484927
0.0
0.7011614015716735
0.0
0.0
46.44363106984027
40.0
30.0
49.4064773081425
49.4064773081425
707.8333333333334
32.56448145500693
0.2370073264714853
1620.6019615890007
2.2895247867986823
763.0
245.0
255.0
48157029.0
0.7652558683165881
4.0
5.432481638712251
255.0
3.2842903005828172
251.18872870249018
253.0
236.0
19.0
2.0370695378454857
251.2277297890124
-1.728223133114948
48157029.0
0.6536744484848902
19.594787767813123
3.405794179235982
1.8235629332068597
0.8505300059913568
-0.4979826976140277
0.4511851440435159
0.12978924076919462
0.5493014043509008
0.12978924076919462
0.5516589944899741
0.1121534977125829
0.5973593098810619
1.1596979879473803
-0.2712887290824789
0.5396943547421763
0.9351053796154026
0.974042151846161
0.9351053796154026
0.9567369197436018
0.12978924076919462
0.7586683128222624
1.029908747178186
0.14524359620317762
87.41096091995844
0.5056439682871636
0.2471780158564182
2.356956777831936
54.74721770238779
207.1001791065583
16.658977351345165
0.660760805542016
3.4953834240725583
41.59365247415311
0.2319089998339216
0.22706422018348624
31.735167504404373
0.4831066168289067
0.842990866928685
0.3931355543039622
12.058823529411764
0.7093425605536332
0.1453287197231834
1.5294117647058822
19469.941176470587
76862.58823529411
5121.779411764706
0.8676470588235294
1.588235294117647
0.09342560553633218
0.1803091554737137
0.18582228428436343
0.17893087327105128
3.5724694587701307
0.022280471821756225
17455.515570934258
2.738715822686949
234.06422018348624
0.30676830954585355
4.899491384804069
498.75360419397117
0.1731627757575549
3.331585845347313
56.50196592398427
209.69855832241154
18.20281782437746
0.4171035386631717
0.03651634951344744
0.08701310442627612
0.023892160785240264
