1.0
1.0
1.0
40.0
30.0
1.0
232.30583333333334
164.0
255.0
1.0
1.0
1.0
40.0
30.0
1.0
0.0
0.0
0.0
40.0
30.0
1.0
803.0
2.0
21.840597758405977
13.607721046077211
0.0
21.840597758405977
13.607721046077211
0.0
0.6383173185327483
0.0
0.0
47.61397946978001
40.0
30.0
49.4064773081425
49.4064773081425
758.6666666666666
30.392827699823307
0.2380463258944067
1689.8830259779274
2.2274380834506955
803.0
235.0
255.0
48470362.0
0.9605187074766155
14.0
2.323806655067575
255.0
6.794790395295351
245.55666251556661
246.0
226.0
29.0
5.788063551173654
245.6859713395862
-0.4640850615220982
48470362.0
0.5271157815725277
63.52200729208184
2.1381854274056287
1.3991853616116299
0.9296940142757382
0.3161100875930948
0.8404649282884793
0.11874131485852188
0.752761041182852
0.11874131485852188
0.5166182616230605
0.10320965821047452
0.41718722021602483
1.4830223502884772
-0.47200965212571233
0.766970642995181
0.940629342570739
0.9762517370282957
0.940629342570739
0.960419561713826
0.11874131485852188
0.5414439809591092
1.3642810354299555
0.2398015607867503
83.57365598276283
0.531715640448485
0.23414217977575746
2.124565604721659
50.174093335662256
111.77550976978361
34.77373922713193
0.7188585988195852
4.205529301053031
20.191906457808226
0.12110422450087915
0.19582814445828145
19.186275313604135
0.22690733846020944
0.5069997488089342
0.15688423587302816
3.0
0.5
0.25
2.5
47016.5
82569.5
38128.25
0.625
1.0
0.16666666666666666
0.2085586800103494
0.7088241731449632
0.08349230672669596
2.5849625007211543
0.007471980074719801
29105.138888888887
3.2008177185018902
222.33748443337484
0.2768835422582501
2.965361835830455
423.2739726027397
0.23644210921373615
2.1506849315068495
58.220423412204234
125.99128268991282
41.27770859277709
0.7123287671232876
0.024759640365070893
0.056308699590255355
0.016872375558774775
