1.0
1.0
1.0
40.0
30.0
1.0
236.65333333333334
165.0
255.0
1.0
1.0
1.0
40.0
30.0
1.0
0.0
0.0
0.0
40.0
30.0
1.0
954.0
1.0
17.40775681341719
15.362683438155136
0.0
17.40775681341719
15.362683438155136
0.0
0.8840191803504716
0.0
0.0
41.19457837755996
40.0
30.0
49.4064773081425
49.4064773081425
911.9166666666666
36.41679741221381
0.22906704082200452
1985.294568709805
2.177057006718236
954.0
240.3
254.0
58747244.0
1.1095702618832775
5.0
8.125879142965983
255.0
4.350113611891231
248.0670859538784
250.0
221.0
34.0
2.2418574784016845
248.15301798573753
-2.1915700284671367
58747244.0
0.4884586140667784
42.64120178087188
6.713653818501735
2.558629958018911
1.3442975430668014
-0.349855918406659
0.873466799250895
0.20526072411027052
0.6194923938211195
0.20411655935054512
0.7267247803988757
0.16202864076213697
0.3472513797086436
1.8085718084141524
-0.2976089664005501
0.6767338684322415
0.8980561368007
0.9795267351932679
0.8981324144513484
0.94902806840035
0.20311541518578538
0.4777297218524199
1.6001413337769415
0.2696818808402914
109.05070632065984
0.4404710446891689
0.3695886680260659
5.857706295667611
28.19357610839254
207.9403156328637
4.473507516096002
0.24678326349395002
4.163261000637091
38.687586315738805
0.150179506199505
0.2583857442348008
11.477570677776791
0.3134279007078205
1.4360608691184278
0.11926602014375291
9.0
0.42857142857142855
0.5306122448979591
3.0
14689.809523809523
117683.80952380953
2037.0238095238096
0.6587301587301587
4.619047619047619
0.2199546485260771
0.4551877392453048
0.4973392224817312
0.4453114583005095
2.938540041208242
0.0220125786163522
12626.054421768706
3.5362340625605446
190.64360587002096
0.19983606485327146
3.6034659318152853
465.9895178197065
0.2887763757586945
6.70230607966457
51.668763102725364
367.0398322851153
8.510831586303285
0.1882133706033077
0.03778736102329743
0.17906712870527508
0.016319458341857936
