1.0
1.0
1.0
40.0
30.0
1.0
234.635
160.0
255.0
1.0
1.0
1.0
40.0
30.0
1.0
0.0
0.0
0.0
40.0
30.0
1.0
907.0
2.0
18.13120176405733
12.805953693495038
0.0
18.13120176405733
12.805953693495038
0.0
0.7317038579364881
0.0
0.0
46.01098702839827
40.0
30.0
49.4064773081425
49.4064773081425
857.1666666666666
33.666416716144724
0.22898175776352608
1905.7243753693513
2.2232833467268343
907.0
235.0
254.0
55393762.0
1.1296555038671332
8.0
4.7273173578517005
255.0
5.77250808060303
247.01212789415655
250.0
222.0
33.0
3.555130072840793
247.1307498010793
-1.530018071219126
55393762.0
0.47942318048159055
58.61617044450307
6.505172652356514
2.5142931531043855
1.3745635778584002
-0.23648227979369074
0.9190332116905018
0.1851188327463429
0.6645155094520228
0.1851188327463429
0.6867521602035832
0.14993872667594904
0.3477041225887051
1.7962171393163378
-0.34318148100501
0.7196807067207724
0.9074405836268286
0.9814881167253657
0.9074405836268286
0.9537202918134142
0.1851188327463429
0.44558531128764184
1.6110983065699958
0.27603801110921117
102.01125424643159
0.43935301866215015
0.3749482398094939
5.733902842404361
32.70749450740859
228.52034710938852
5.535190426344578
0.25507090180181596
4.1704786572989345
40.944645444789835
0.1708455710482098
0.2552370452039691
15.827296889066858
0.37902719923798217
1.8601490789786863
0.1337591716619955
8.909090909090908
0.4049586776859504
0.743801652892562
3.727272727272727
14305.318181818182
91411.40909090909
2627.936868686869
0.6212121212121212
4.545454545454546
0.2066115702479339
0.4356855179677035
0.9779583995680287
0.37027479799865315
3.350051075156989
0.024255788313120176
12605.630165289254
3.5667346527330093
193.25358324145535
0.21306900026621317
4.086447561475186
434.83682469680264
0.2939114980994324
6.475192943770672
52.501653803748624
357.8048511576626
9.074298664706603
0.19594511821634203
0.039165968900933726
0.192726933937853
0.016017475506225554
