1.0
1.0
1.0
40.0
30.0
1.0
244.6225
193.0
255.0
1.0
1.0
1.0
40.0
30.0
1.0
0.0
0.0
0.0
40.0
30.0
1.0
933.0
1.0
17.642015005359056
14.706323687031082
0.0
17.642015005359056
14.706323687031082
0.0
0.661427827468952
0.0
0.0
46.11313611287224
40.0
30.0
49.4064773081425
49.4064773081425
897.25
30.500511436917165
0.23256032949354402
1934.4498195300305
2.15597639401508
933.0
243.0
254.0
58384155.0
0.9094816432244378
5.0
3.252136370871784
255.0
3.573963599769784
250.11468381564845
252.0
238.0
17.0
2.4987771203155864
250.15355412843292
-1.1225207706247962
58384155.0
0.5614189266033229
19.445582885022098
3.018823886111389
1.6941699469431504
0.9899972885050632
-0.5105754841764358
0.7217568253001303
0.1273719094361253
0.6996690682625877
0.1273719094361253
0.5456295834784594
0.1104407268009006
0.4649949058309716
1.4161445075762922
-0.4053806014195789
0.71137021247155
0.9363140452819373
0.9745256181127749
0.9363140452819373
0.9575426968546249
0.1273719094361253
0.6304839922250878
1.288772598140167
0.2122821836840639
84.83285897419536
0.5036955055915744
0.2481522472042128
2.3806978860205197
62.2664237353068
220.841992541796
22.622531533684498
0.6548255284948701
4.208654011081829
19.850998875564876
0.11399260395300109
0.18060021436227225
27.657759634451438
0.20381424780254376
0.39208579180054165
0.15674636180304427
3.3333333333333335
0.5555555555555556
0.2222222222222222
2.0
57719.166666666664
208473.16666666666
20030.666666666668
0.75
1.0
0.16666666666666666
0.0022380417529921466
0.0023043099152353862
0.0022214747124313368
2.5849625007211543
0.006430868167202572
33538.916666666664
2.926372246637879
275.4287245444802
0.2952076361677172
2.7635662254204245
523.8038585209003
0.2192905366983385
3.0257234726688105
59.844587352625936
194.39121114683815
26.207931404072884
0.49356913183279744
0.021714898177920685
0.05900903626902708
0.012391363655144086
