1.0
1.0
1.0
40.0
30.0
1.0
224.445
105.0
255.0
1.0
1.0
1.0
40.0
30.0
1.0
0.0
0.0
0.0
40.0
30.0
1.0
1007.0
1.0
20.47269116186693
14.450844091360477
0.0
20.47269116186693
14.450844091360477
0.0
0.7490973085625543
0.0
0.0
43.337545483482444
40.0
30.0
49.4064773081425
49.4064773081425
965.9166666666666
32.464038681383975
0.22593147578546088
2091.544737931499
2.165346980862565
1007.0
212.0
254.0
55337784.0
1.5173391453667824
28.0
1.8188332224737636
255.0
12.895011976738797
233.94041708043693
235.0
205.0
50.0
10.901552894480416
234.42080158232227
-0.19467807190577485
55337784.0
0.36520621784548873
224.9934707297182
4.232694393837835
1.9534696706001156
6.889279975836253
0.17932038012108892
1.8633713284219522
0.19688849507669165
0.8088642183200135
0.19314143376306542
0.7130299385345394
0.15822621709467738
0.24977529719534175
2.3179204562369833
-0.4683332148877476
0.8672599146557199
0.90380398924983
0.980484091783729
0.9040537933374051
0.951901994624915
0.18986275511364242
0.38804285479956097
2.1102495260207705
0.515064955874661
90.05503910328999
0.36738745698975755
0.5244857438163658
3.880609613363138
31.159215243397565
133.70970789312753
12.600300189203864
0.49432106814628785
4.524483070413799
35.88928317507063
0.14084154201618337
0.24354518371400202
12.496738506717634
0.3023689833801214
0.9513607063059425
0.17323427275985115
5.133333333333334
0.3422222222222222
0.6488888888888888
4.133333333333334
17789.4
70348.93333333333
6145.368518518519
0.512962962962963
1.4
0.09333333333333334
0.228315092044883
0.8442990821982984
0.14850293090832103
3.7735572622751814
0.014895729890764648
13282.515555555554
4.05358800077004
206.73982125124132
0.20530270233489703
3.5246423003227654
367.76266137040716
0.5219905546970609
4.2105263157894735
53.250248262164845
231.85501489572988
22.678279819044466
0.4467339732980249
0.03181125654682779
0.12014567762998389
0.016423470416360136
