1.0
1.0
1.0
40.0
30.0
1.0
199.31416666666667
89.0
255.0
1.0
1.0
1.0
40.0
30.0
1.0
0.0
0.0
0.0
40.0
30.0
1.0
885.0
2.0
19.71186440677966
15.001129943502825
0.0
19.71186440677966
15.001129943502825
0.0
0.7313031344234553
0.0
0.0
45.41150460085499
40.0
30.0
47.16990566028302
47.16990566028302
834.5833333333334
33.20957565349042
0.2298323833989977
1865.1740968020974
2.2348566312156932
885.0
196.0
240.0
41311594.0
1.45730826632668
23.0
2.5186931321904056
255.0
12.973408662900189
215.46666666666667
213.0
185.0
70.0
9.405870531730823
216.05500973510988
0.41185192508624185
41311594.0
0.4303859044335919
253.88278719397363
5.178571516761124
2.2142509869746814
5.926259719264937
0.6131410806093244
1.3791764173400471
0.27694777371069407
0.6647736308341908
0.25748984888805576
0.8565758410379547
0.20893657390319703
0.3012691225176647
2.358139429789407
-0.31891287080914565
0.76243304328648
0.8732008680382359
0.9840724338757645
0.8744189491023612
0.9491415861251568
0.2412113517287254
0.4971801755102504
2.045027804736887
0.4140310477626853
92.53003365377559
0.3305559633840395
0.6761926580927442
4.851086508549642
23.268460043739584
112.82391840174267
5.927543194220617
0.4201544140644726
4.1364424726710185
66.01416427298075
0.23030219190618545
0.31610169491525425
12.489890241004233
0.47108932903516926
1.8760263534829336
0.26356460961547934
16.897435897435898
0.43326758711374097
0.9401709401709402
3.717948717948718
6194.282051282052
26626.28205128205
1520.3258547008545
0.6793091168091169
5.871794871794871
0.15055884286653518
0.35253959879386265
1.0331093689884354
0.260374804648613
4.096568168180183
0.04406779661016949
5679.341222879683
4.021124221562033
148.4734463276836
0.16776660601998147
4.900017236426314
380.8915254237288
0.4458565546298956
5.1378531073446325
46.77627118644068
244.90734463276837
11.627762084118018
0.31024795982423103
0.05351807493242118
0.21405427088182002
0.028993823774830892
