1.0
1.0
1.0
40.0
30.0
1.0
212.665
132.0
243.0
1.0
1.0
1.0
40.0
30.0
1.0
0.0
0.0
0.0
40.0
30.0
1.0
835.0
1.0
21.368862275449104
14.220359281437126
0.0
21.368862275449104
14.220359281437126
0.0
0.8136841170166316
0.0
0.0
43.43187099089073
40.0
30.0
49.4064773081425
49.4064773081425
781.5
35.33982359760318
0.2312995718633686
1773.897890117238
2.269862943208238
835.0
211.0
237.0
42917754.0
0.9338003804503561
15.0
2.3467552887426955
243.0
8.107408655742406
226.5053892215569
229.0
204.0
39.0
6.195934847481532
226.71239001084862
-0.5997455292733468
42917754.0
0.5451798200007171
93.81643802215928
3.0172786483839853
1.6937650971568188
0.9873722884380292
-0.5080638844074046
0.7214155640521533
0.12803328617294102
0.6978232681201909
0.12803328617294102
0.5487524704339626
0.11113852040767816
0.4641370544797746
1.4193071718335841
-0.4018621999741
0.7104165889967196
0.9359833569135294
0.9743933427654119
0.9359833569135294
0.957322237942353
0.12803328617294102
0.6297484540703482
1.2912738856606434
0.21236221255627363
95.084384922035
0.5237610283193542
0.23811948584032294
2.1757775156798016
48.65153646833363
169.96248622471379
18.323799029238586
0.7060556210800496
3.9303725637405753
30.096259735129905
0.15849404058764355
0.21766467065868264
25.173685619091412
0.36001344800270957
0.5678510675789352
0.30805404310865314
4.555555555555555
0.5061728395061729
0.24691358024691357
2.6666666666666665
30267.666666666668
106660.66666666667
11169.416666666666
0.5833333333333334
1.0
0.1111111111111111
0.14071460212473239
0.22750367106990954
0.11901733488843809
3.169925001442309
0.010778443113772455
21659.95061728395
3.057472727178274
230.17604790419162
0.27565993760981033
3.7630234142493455
455.2251497005988
0.22741008999964143
2.950898203592814
56.451497005988024
184.58922155688623
24.417065868263474
0.5122754491017965
0.028152796259333188
0.06781553031503132
0.018237112745408655
