1.0
1.0
1.0
40.0
30.0
1.0
194.84916666666666
49.0
255.0
1.0
1.0
1.0
40.0
30.0
1.0
0.0
0.0
0.0
40.0
30.0
1.0
851.0
1.0
18.90246768507638
13.54054054054054
0.0
18.90246768507638
13.54054054054054
0.0
0.7193710963638996
0.0
0.0
49.78754392488018
40.0
30.0
49.4064773081425
49.4064773081425
785.0
35.81572005850687
0.22479735936205483
1830.6529660916385
2.3320419950211955
851.0
190.0
254.0
42721385.0
1.9362009009961825
36.0
2.119213967621369
255.0
18.73121688591979
222.92244418331376
225.0
175.0
80.0
14.573793870504991
224.05667247247058
-0.2473537402460087
42721385.0
0.27177399644573813
506.97635877332397
7.386860423152916
2.5868276314397853
20.95114930177225
0.19539102398978692
3.1624263131206187
0.38267335031127964
0.7835273608043467
0.35038053983276146
0.998593732581119
0.25503525701427804
0.14480463959051354
3.088863054374136
-0.37308188627626915
0.863939850804714
0.828039011131471
0.9780596760489574
0.8301918651633722
0.9310003190493983
0.32212433066405816
0.2251606941120995
2.666068824812943
0.8862749158579747
98.7209650208279
0.2795751640114534
0.9260717472974099
6.057971155718529
10.908395863101582
95.63380161584026
2.4395930194352857
0.37990088114380827
4.054954445183077
102.4124909708462
0.2801353567787025
0.41539365452408933
4.659307436553051
0.5254546383257517
2.6171877237404977
0.24191200399772297
12.384615384615385
0.3175542406311637
1.0742932281393818
4.871794871794871
1769.5641025641025
15588.923076923076
317.04184472934475
0.5350783475783476
4.230769230769231
0.10848126232741617
0.30131587221685635
1.2883755595939554
0.16579853724694485
4.618735552195572
0.045828437132784956
1293.4293228139381
4.708299479805812
119.23031727379554
0.14010613075651648
4.3103806816063495
231.27967097532314
0.9549531138454654
7.254994124559342
36.53701527614571
309.2220916568743
8.22861176393785
0.3009612873743308
0.06116088933506118
0.33111589110553913
0.027204920199774767
