1.0
1.0
1.0
40.0
30.0
1.0
221.53083333333333
78.0
255.0
1.0
1.0
1.0
40.0
30.0
1.0
0.0
0.0
0.0
40.0
30.0
1.0
920.0
2.0
19.882608695652173
15.570652173913043
0.0
19.882608695652173
15.570652173913043
0.0
0.733292993145172
0.0
0.0
43.40632888782856
40.0
30.0
49.4064773081425
49.4064773081425
878.0833333333334
31.82955683159955
0.2312897921912639
1917.2767887390564
2.183479307665244
920.0
213.0
255.0
55243480.0
1.352864252892002
16.0
3.9493371700295556
255.0
13.166200378071833
244.48695652173913
254.0
196.0
59.0
8.116931016955775
245.04542613475815
-1.5124107166357947
55243480.0
0.47522920604914926
273.38896030245746
13.041788006586987
3.5491338842486497
12.892432946265252
-3.5329704902173673
1.9293196664981114
0.14847171243315954
0.8562359991717912
0.13775629598478778
0.5904534061310063
0.1288966279079568
0.4435897879593092
1.8269228579730439
-0.5393803455604151
0.8580448780922953
0.9321933936524432
0.991455465441256
0.9329077547490014
0.9728059213513214
0.1283803065924625
0.6425722591538585
1.6638131321603506
0.5194478447328179
55.18964889093289
0.3068561972405889
0.7740631997659561
8.525558457188545
69.85097597237275
1045.0374903554539
5.242255227130213
0.20078101173414714
4.3448494881639546
33.038005166641554
0.1793174245885519
0.19510869565217392
41.599213295276094
0.41236693828891474
2.327734175871739
0.12631349877413378
8.04
0.3216
0.7936
4.48
14944.4
231066.56
1022.7933333333333
0.5091666666666667
5.48
0.2192
0.4576977893315282
0.7954504462240002
0.3898505948414303
3.3124876891689485
0.02717391304347826
13590.160000000002
3.1399797872902524
310.68695652173915
0.33770321361058603
4.396294896030246
437.21086956521737
0.6081238185255198
12.691304347826087
59.73695652173913
838.804347826087
5.055932971014493
0.1103864734299517
0.03901425706152026
0.2899093733910634
0.014388468501889039
