1.0
1.0
1.0
40.0
30.0
1.0
202.57416666666666
85.0
255.0
1.0
1.0
1.0
40.0
30.0
1.0
0.0
0.0
0.0
40.0
30.0
1.0
818.0
1.0
19.975550122249388
16.929095354523227
0.0
19.975550122249388
16.929095354523227
0.0
0.5897406419630415
0.0
0.0
51.39443514664946
40.0
30.0
49.4064773081425
49.4064773081425
771.0833333333334
30.309387176712953
0.235272161834776
1728.41406665872
2.241539911369787
818.0
200.0
255.0
43048695.0
1.862399360205811
36.0
1.726470302208054
255.0
18.22665455132382
228.48288508557457
232.0
188.0
67.0
15.885428320829996
229.40524515291162
-0.25553815890013487
43048695.0
0.29241216874600223
422.33772663960644
8.196019526089902
2.7455711873625646
17.062493726271377
-0.33101922994966315
2.891276513571229
0.2599075435562913
0.8349358342540182
0.24619138895010367
0.8343632871977692
0.19860235317200114
0.19415959464846208
2.7709424066705157
-0.4810042359117925
0.9083883933714361
0.8782759209855668
0.9849533707544449
0.8791903312926461
0.951218927363519
0.23418975366968944
0.3030084643726297
2.4834208181431934
0.7877960142818801
67.87448186588466
0.2684184735098497
0.9950145720273083
6.761763912232398
20.685686061525878
188.8432703550951
3.3900136481043393
0.341255081628513
4.461626606948205
55.03172213525618
0.2138575089377141
0.3092909535452323
9.776318016254706
0.4512154936685926
2.3745926665470796
0.2139025342089676
14.771428571428572
0.4220408163265306
1.4497959183673466
5.114285714285714
3895.6
29311.02857142857
700.1902777777777
0.6440476190476191
7.685714285714286
0.21959183673469387
0.4741395455548236
1.3761296357537491
0.38914044841608175
3.6715815881262777
0.042787286063569685
3349.376326530612
4.463263173962315
138.9755501222494
0.16989676054064717
4.772568313197554
239.19315403422982
0.8391269779592423
8.15158924205379
47.35696821515892
425.4474327628362
8.005713461016029
0.23097493887530562
0.05523977428062595
0.30019162934348786
0.028101350279926413
