1.0
1.0
1.0
40.0
30.0
1.0
202.00916666666666
111.0
255.0
1.0
1.0
1.0
40.0
30.0
1.0
0.0
0.0
0.0
40.0
30.0
1.0
804.0
1.0
22.041044776119403
14.691542288557214
0.0
22.041044776119403
14.691542288557214
0.0
0.685530848413175
0.0
0.0
47.58898106533479
40.0
30.0
49.4064773081425
49.4064773081425
753.0
32.623714564837485
0.23429340176750238
1708.391428983899
2.2687801181725087
804.0
203.0
253.0
41176657.0
1.6980991269751788
19.0
2.557064190256979
255.0
12.919209920546521
225.71268656716418
226.0
190.0
65.0
9.034272189349112
226.30675533982145
-0.011184625576278508
41176657.0
0.3460898245092944
268.53063507091406
7.391144558668913
2.6374697307342743
10.103977770960752
0.4586144947322444
2.0110385282050913
0.27169344816176355
0.7616322997759614
0.25266895466702616
0.8487922614109799
0.20616076705215455
0.23061138441382395
2.5961829679780255
-0.4076133962897433
0.8533227308727069
0.8755679720159607
0.9843762869770624
0.876747619100007
0.9500902271374934
0.2368597963027873
0.35325553088531414
2.2894984857192044
0.5706829940917139
78.61292570500618
0.30457304567458954
0.7840468193603574
6.208132655579181
19.731905994989454
160.98753841972206
3.2817807330288273
0.3278956394004482
4.238753687342987
55.039107851809476
0.20969725332433684
0.32058457711442784
9.262976293457845
0.4427959951933004
2.1798010356467965
0.21085518437555345
17.136363636363637
0.3894628099173554
1.0392561983471076
4.181818181818182
2927.181818181818
22974.68181818182
444.2698863636364
0.6369949494949495
7.2727272727272725
0.1652892561983471
0.3932945528040111
0.7573504259216691
0.3415213861997612
3.866119883731967
0.05472636815920398
2593.289256198348
4.299748485306223
128.82835820895522
0.16023427637929755
4.745816935224376
278.2562189054726
0.6279918813890745
7.32089552238806
46.159203980099505
368.7910447761194
7.746441404090658
0.22408789386401326
0.0579297543367817
0.27014996058539503
0.03088659681734964
