1.0
1.0
1.0
40.0
30.0
1.0
183.93083333333334
71.0
255.0
1.0
1.0
1.0
40.0
30.0
1.0
0.0
0.0
0.0
40.0
30.0
1.0
744.0
2.0
16.315860215053764
17.428763440860216
0.0
16.315860215053764
17.428763440860216
0.0
0.6804165538036444
0.0
0.0
48.94144872336069
40.0
30.0
49.4064773081425
49.4064773081425
698.0833333333334
33.30057187850685
0.24249305658190123
1569.361507775461
2.248100524448553
744.0
199.0
249.0
37276317.0
1.7522054363148594
25.0
2.9524361168057003
255.0
14.923275089605736
223.04166666666666
224.0
173.0
82.0
10.211507701256139
223.83604851074196
-0.3804839084804329
37276317.0
0.3391324141519251
354.9915434587814
12.85620743138162
3.524161054854882
11.485991833105643
0.737224977121889
2.048353718766447
0.30262871692704435
0.7400995553900012
0.27006517749400694
0.8864282928423556
0.22495008598898167
0.22715140680711438
2.619590054355249
-0.4159554819135802
0.855512752305704
0.8682237651963003
0.9886195602728302
0.8703946678251695
0.9557644594517853
0.24157208049009915
0.32392713774739984
2.285168427342174
0.5877456089233729
71.07392511804032
0.2954004954820779
0.8408336426012804
10.845122421361415
21.17425608327496
286.1218461741505
1.866337666795384
0.1393042525585578
4.188006177861107
63.724521060201866
0.25434684894494614
0.3245967741935484
10.294006183314593
0.5116015824691608
4.314614308571675
0.0939562075623392
11.941176470588236
0.35121107266435986
0.9550173010380625
7.352941176470588
3295.823529411765
38293.58823529412
315.52349673202616
0.2524019607843137
5.882352941176471
0.17301038062283736
0.37784186516056184
1.8948174198607521
0.1327113475807348
3.9356610924641515
0.0456989247311828
2816.9861591695503
4.21559175936755
129.48924731182797
0.17404468724708058
5.622355185570586
252.31451612903226
0.6714576829691293
12.75268817204301
46.623655913978496
642.7741935483871
3.9321535244922337
0.10353643966547194
0.05867085631046525
0.5195981217930223
0.011834681775600714
