1.0
1.0
1.0
40.0
30.0
1.0
248.91333333333333
159.0
255.0
1.0
1.0
1.0
40.0
30.0
1.0
0.0
0.0
0.0
40.0
30.0
1.0
1111.0
1.0
20.274527452745275
14.430243024302431
0.0
20.274527452745275
14.430243024302431
0.0
0.7373446692740598
0.0
0.0
46.35089512571736
40.0
30.0
49.4064773081425
49.4064773081425
1067.75
34.1765854370287
0.21949926753073987
2301.6048774204537
2.1555653265469013
1111.0
252.0
255.0
71435406.0
0.41959531927856636
0.0
19.197162671866767
255.0
2.432673510375335
253.52655265526553
255.0
223.0
32.0
0.29151136916077036
253.57108516059742
-3.9929830064695877
71435406.0
0.8522005215823112
22.58232825982869
8.633986703806007
2.9326666220608155
0.6019725358744185
-0.3113524136376185
0.19824087872746687
0.06446134853498463
0.5056799814138072
0.06348191660550373
0.340971437421152
0.06029583365457728
0.8199110637086976
0.623257076714433
-0.2676760131096193
0.4113203107066896
0.9683569848901963
0.9935990696970929
0.9684222803521617
0.9841784924450983
0.06262491366720795
0.9038099315274843
0.5577740992239248
0.06567555681561288
67.07091103341102
0.49876552746288816
0.291678730812109
6.861443454206612
183.38804861074598
1640.9486210061868
20.657315465155378
0.18627506549655673
4.117556237030426
19.309329997487893
0.14323153457601476
0.12016201620162016
102.70938898994568
0.35774301607127934
1.6729151350472136
0.09847471905450196
4.6
0.46
0.36
3.6
104621.7
940727.9
11648.927777777779
0.4611111111111111
1.6
0.16
0.3324606289739559
0.4298429946010982
0.3081151439461203
2.846439344671013
0.009000900090009001
92278.49
1.6540333453309732
597.2880288028803
0.5376129872213143
3.0309052507410956
946.7947794779478
0.08135160950838559
8.591359135913592
67.65166516651665
600.7695769576958
7.743524352435243
0.12426242624262425
0.023767124870083377
0.16065037158477755
0.005920242565954756
