1.0
1.0
1.0
40.0
30.0
1.0
237.51083333333332
166.0
255.0
1.0
1.0
1.0
40.0
30.0
1.0
0.0
0.0
0.0
40.0
30.0
1.0
835.0
2.0
19.64191616766467
14.104191616766467
0.0
19.64191616766467
14.104191616766467
0.0
0.6720457252568772
0.0
0.0
48.166363869615495
40.0
30.0
48.25971404805462
48.25971404805462
775.4166666666666
32.369998939742395
0.22815490400178723
1789.0030078837533
2.3071505743799077
835.0
237.0
255.0
52174431.0
0.8974802223548048
9.0
3.5382128201067418
255.0
6.012667359891001
249.85988023952095
254.0
230.0
25.0
3.9906247141681197
249.96869504598774
-1.3548335192794272
52174431.0
0.569361396966546
54.388749686256226
3.139738518736813
1.7456330690172002
0.8264641578268426
-0.4556264881641222
0.563919946323351
0.19432137662957455
0.48454209504003476
0.19432137662957455
0.7047366372366326
0.15530685406893313
0.46557248445460414
1.4701082316538574
-0.20065390190927546
0.5138034896363746
0.9028393116852127
0.961135724674085
0.9028393116852127
0.9352262077901419
0.19432137662957455
0.648472380702413
1.2757868550242832
0.18956033073823136
125.557335175378
0.5234661221555384
0.2382669389222308
2.177212756159337
29.566376352751554
108.15921655537647
9.918166302095326
0.7056968109601658
3.3855437830838735
52.39122572722388
0.21127882714166601
0.2877245508982036
16.333862659576155
0.4374445070607102
0.5878005592303361
0.3998554940183038
8.666666666666666
0.7222222222222222
0.1388888888888889
1.5
28250.25
109477.5
7943.4375
0.875
1.1666666666666667
0.09722222222222222
0.20145769452958082
0.22923624177488708
0.19451305771825422
3.4182958340544856
0.01437125748502994
23408.40972222222
3.128061349403282
163.088622754491
0.19531571587364194
4.431074617232602
475.4167664670659
0.21531930151672707
3.058682634730539
49.297005988023955
175.5880239520958
17.724251497005987
0.48532934131736527
0.03710463200582961
0.07883878840957541
0.02667109290489316
