1.0
1.0
1.0
40.0
30.0
1.0
238.93333333333334
161.0
255.0
1.0
1.0
1.0
40.0
30.0
1.0
0.0
0.0
0.0
40.0
30.0
1.0
875.0
2.0
21.001142857142856
13.467428571428572
0.0
21.001142857142856
13.467428571428572
0.0
0.7776267481326397
0.0
0.0
44.712490381448774
40.0
30.0
47.70744176750625
47.70744176750625
811.3333333333334
34.76962849623794
0.22399007688555478
1878.1123064676115
2.3148467212008357
875.0
237.4
255.0
54779611.0
0.8805912672393922
8.0
3.554215865804237
255.0
5.7934106122449
250.10857142857142
254.0
230.0
25.0
3.758702808826408
250.21045084945135
-1.3689882276073027
54779611.0
0.5804577959183674
50.97221224489797
3.1495484224416033
1.7464056830567616
0.8667413092090226
-0.4803158985447409
0.5777171273753057
0.17933725345736443
0.5255239332829189
0.17933725345736443
0.6757100430099787
0.14656767558712672
0.4749051339965382
1.4463564509126543
-0.22891304706530574
0.5523713743145718
0.9103313732713179
0.9641325493085271
0.9103313732713179
0.9402209155142119
0.17933725345736443
0.6567370563280795
1.2670191974552902
0.18926359520816755
122.78815818517414
0.5086712307590038
0.24566438462049806
2.3124756923131553
31.41249973542356
115.11821615046041
10.486070631664347
0.6718810769217112
3.623455816998584
51.668216861420866
0.2091462493872927
0.2762857142857143
17.372965688959514
0.4491883895909625
0.7391145140809875
0.37670685846845625
6.636363636363637
0.6033057851239669
0.1983471074380165
1.8181818181818181
36198.09090909091
135063.0909090909
11481.84090909091
0.7954545454545454
1.5454545454545454
0.14049586776859505
0.30505228049210636
0.5805075784970452
0.23618845599087168
3.277613436819112
0.012571428571428572
29870.611570247936
3.2081205697634765
179.85942857142857
0.20555363265306123
4.520351346938776
507.9005714285714
0.20977110204081634
3.101714285714286
50.62057142857143
178.33828571428572
18.691142857142857
0.4745714285714286
0.03754325972717129
0.08796356638951879
0.024938183061584424
