1.0
1.0
1.0
40.0
30.0
1.0
199.32833333333335
63.0
254.0
1.0
1.0
1.0
40.0
30.0
1.0
0.0
0.0
0.0
40.0
30.0
1.0
832.0
2.0
19.865384615384617
14.134615384615385
0.0
19.865384615384617
14.134615384615385
0.0
0.6027638273955628
0.0
0.0
47.69675150925208
40.0
30.0
49.4064773081425
49.4064773081425
789.6666666666666
28.749876494051872
0.2366512065583472
1745.8406664597244
2.2108577456222767
832.0
197.0
247.0
43489414.0
1.463766461472251
27.0
2.742236134075088
254.0
15.403909717085801
227.85817307692307
234.0
182.0
72.0
11.15397545988318
228.6283671998327
-0.8958920821943996
43489414.0
0.4511429826183432
351.583250508506
7.483913828304
2.6757067651898563
8.594093378085125
-1.88491630657409
1.590134419733236
0.2925327097787898
0.6879764371710688
0.27527358859841583
0.8830159875046352
0.2146717366362934
0.3428960297994259
2.3218649200654085
-0.3118884522798858
0.7516599993852978
0.8640891178188296
0.9830967662691366
0.8652397258975211
0.9455205863196626
0.26017185756558864
0.5603955770189537
2.009841925604208
0.4706667823780065
78.04292896938766
0.28722731091182907
0.8798605247489883
6.0876499274743505
24.750712880060405
207.4227935687993
3.725725089745584
0.3681632163907207
4.10097611501141
78.2984326175697
0.28055746496096734
0.3263221153846154
14.686558164708927
0.5323586813133707
2.771648458638736
0.2541646529234588
11.228571428571428
0.32081632653061226
1.5885714285714285
6.428571428571429
7648.5142857142855
67268.45714285714
929.0375
0.5099206349206349
4.428571428571429
0.12653061224489795
0.2037715056422894
1.2644903398639207
0.11696528092825602
4.204582217613522
0.042067307692307696
7083.433469387754
3.830129401874979
138.10817307692307
0.16599540033284024
5.338734282544378
375.35096153846155
0.5561205621301775
7.346153846153846
46.16346153846154
377.7019230769231
7.232129740918803
0.2384064503205128
0.04996509721677133
0.2943034456036688
0.021318723856507522
