1.0
1.0
1.0
40.0
30.0
1.0
216.84083333333334
135.0
255.0
1.0
1.0
1.0
40.0
30.0
1.0
0.0
0.0
0.0
40.0
30.0
1.0
635.0
2.0
17.949606299212597
15.11496062992126
0.0
17.949606299212597
15.11496062992126
0.0
0.6144244507224966
0.0
0.0
49.892594090305494
40.0
30.0
49.4064773081425
49.4064773081425
578.9166666666666
30.655229719056432
0.24251777126462512
1385.1110414817033
2.3925914060429596
635.0
220.0
255.0
36409404.0
1.525538376272591
26.0
1.56170933737383
255.0
12.112979105958214
239.07401574803148
240.0
216.0
39.0
11.023317267101353
239.4528013920242
-0.22658086754959417
36409404.0
0.35952383904767815
181.25908859817724
5.278510785995624
2.2191851167965524
5.642748453493841
-0.513207201851449
1.706402029111906
0.29177228608752137
0.7083392913485532
0.28698207017196053
0.8691890012366176
0.20627894729034768
0.22692620377612868
2.4443500877697906
-0.343902843007817
0.7923447622445838
0.8569879865055758
0.9710438582796583
0.8573073342332799
0.9284939932527878
0.2827906312458448
0.321651721964071
2.1421684548997204
0.4995435787998568
89.45240305894085
0.36286088366650504
0.5356401956734836
3.9613582163032093
13.634834580222092
88.4298708313332
3.316697387435084
0.48772719255645386
3.673153400281606
69.23944322075265
0.2731391010356832
0.3885826771653544
6.476527017680933
0.5199024212962595
1.6093446287723085
0.31683234151191375
21.8
0.6228571428571429
0.5191836734693878
2.4
1813.0
10378.42857142857
399.35714285714283
0.8087301587301587
4.6
0.13142857142857142
0.2329302019450143
0.27665473339807606
0.2275942855742474
3.5983170476457063
0.05511811023622047
1483.8367346938776
4.075450081688197
92.47716535433071
0.14563333126666253
4.786617893235786
228.2976377952756
0.5425606051212102
5.1228346456692915
39.494488188976376
243.15748031496062
10.071303587051618
0.3594925634295713
0.058631399745666724
0.19032279496808932
0.03663378801911225
