1.0
1.0
1.0
40.0
30.0
1.0
204.745
148.0
255.0
1.0
1.0
1.0
40.0
30.0
1.0
0.0
0.0
0.0
40.0
30.0
1.0
579.0
2.0
18.105354058721936
16.578583765112263
0.0
18.105354058721936
16.578583765112263
0.0
0.6526094337853848
0.0
0.0
48.59387196027978
40.0
30.0
48.82622246293481
48.82622246293481
513.6666666666666
31.712819265437677
0.24079586519245125
1288.1191060443125
2.507694560761154
579.0
210.0
250.0
30252799.0
1.3853283928634683
25.0
1.8417098870593331
255.0
12.661715005026233
228.11571675302244
226.0
206.0
49.0
10.291844150735933
228.5827741293515
0.28157319633045835
30252799.0
0.4102928937689602
213.30439892495252
3.184884257644637
1.706238366925666
5.124072587454269
0.8941533669210555
1.4550876836965934
0.3607184094043189
0.6030324050882039
0.3540566039211024
0.9507526437146292
0.23264326317989262
0.20906591795198215
2.4990653311402404
-0.23248488820986607
0.6861407905504235
0.8236378785877705
0.9642356270049475
0.8240819989533184
0.9118189392938854
0.34822752412328795
0.29206294277895933
2.127031322353404
0.45395152327522803
114.0115132070679
0.4207059287416212
0.44216327137485106
2.9962648428682703
7.653004433933832
23.717540042206224
4.506356692990743
0.6137547749480263
3.3541348231354364
87.28004942926219
0.31515176502591047
0.4689119170984456
2.8399883116895808
0.5591259008305588
1.509338152552387
0.37633599108360105
11.074074074074074
0.4101508916323731
0.6035665294924554
3.259259259259259
2087.4444444444443
5001.481481481482
1409.7582304526748
0.6409465020576133
2.185185185185185
0.08093278463648834
0.19747038224225066
0.40544272807690446
0.1579138497433293
4.282484261342592
0.046632124352331605
1627.5802469135801
4.199018936767792
84.49568221070811
0.14593382074388275
3.627265161480845
237.55958549222797
0.44876372520067653
3.1295336787564767
31.17616580310881
101.08462867012089
17.761610055651506
0.5885146804835925
0.06486126504590195
0.17380928447628013
0.04431865760014319
