1.0
1.0
1.0
40.0
30.0
1.0
220.19916666666666
155.0
255.0
1.0
1.0
1.0
40.0
30.0
1.0
0.0
0.0
0.0
40.0
30.0
1.0
646.0
4.0
17.120743034055728
11.825077399380804
0.0
17.120743034055728
11.825077399380804
0.0
0.720198416449851
0.0
0.0
41.23640010877014
39.0
30.0
44.68780594300866
44.68780594300866
602.0
29.69839005842872
0.25002074703331
1379.025838488381
2.2907405954956492
646.0
224.5
254.0
37584087.0
1.2844732653388045
18.0
1.9665903300606598
255.0
9.172809094307432
240.96439628482972
242.0
219.0
36.0
7.37465918146376
241.20468743038577
-0.3813769833417366
37584087.0
0.4669027787096588
115.86096147763327
5.281103022499629
2.256398266278433
2.4728932780037836
0.11969495586608941
1.0170465353461986
0.25816700843509355
0.5954214932706924
0.2509512140756628
0.825219212923753
0.19340128637450474
0.3182644537393197
2.1000535403616016
-0.2660275537101303
0.6800725302348168
0.8752459723981116
0.9745163358192335
0.875727025355407
0.9376229861990558
0.24463739401116083
0.4935388285384418
1.826480229816893
0.3188033859453231
83.01108307346388
0.38692873288394025
0.4781974448001364
4.391687371845522
18.02456365657609
99.90993730364833
4.039219205230713
0.4063126420129351
3.8585465839108863
51.702013198932725
0.2362639823266136
0.3312693498452013
8.352412278008039
0.48180356795744916
1.6755603874638436
0.269783135928681
20.82857142857143
0.5951020408163266
0.6481632653061224
2.7714285714285714
5098.628571428571
23756.428571428572
1186.813492063492
0.7793650793650794
7.3428571428571425
0.20979591836734693
0.40668991398242615
0.783605126291637
0.3618341783929603
3.197121505360953
0.05417956656346749
4757.9624489795915
3.8910849286498
96.3250773993808
0.149110026934026
5.013831245387189
301.61919504643964
0.3534611661187206
5.137770897832818
45.3343653250774
253.30804953560371
9.808092535259718
0.2854747162022704
0.058911915643450365
0.2019807984109823
0.035348125435738516
