1.0
1.0
1.0
40.0
30.0
1.0
169.20583333333335
53.0
246.0
1.0
1.0
1.0
40.0
30.0
1.0
0.0
0.0
0.0
40.0
30.0
1.0
758.0
1.0
17.34300791556728
15.221635883905012
0.0
17.34300791556728
15.221635883905012
0.0
0.708298081890501
0.0
0.0
40.60161429799553
37.0
30.0
47.16990566028302
47.16990566028302
720.1666666666666
28.75804552892818
0.2446010511750242
1588.4777988658343
2.205708584400603
758.0
176.0
229.0
32837153.0
1.6656655023730704
22.0
3.1032765626160996
246.0
15.195859817183116
207.22295514511873
211.0
156.0
90.0
10.156494150307356
208.13645120905596
-0.7433354444509065
32837153.0
0.3824743631692901
379.42918282384545
8.752896708133804
2.8864890835760435
13.362604628250804
-1.6245394369494957
2.027219789077548
0.3432574449193597
0.7096271078424738
0.3127796494055498
0.9572173096636029
0.24331869414761687
0.2597474511699047
2.6414178666457264
-0.3303385432219308
0.7998050686391422
0.8466579548486062
0.9803462290432226
0.8486898078828601
0.938459996636017
0.28611157833096607
0.4700005857043672
2.2863731389095983
0.5926193084992268
74.63124120463716
0.27823131696535686
0.9419048079567799
6.913649943828785
17.853053243772514
169.1785946263058
2.4618178456522193
0.32666068648164315
4.099318235369977
73.0701013368502
0.2677045429476198
0.3535620052770449
9.427522121082141
0.5186571430398899
2.5694640464901943
0.23268632604905207
11.451612903225806
0.36940686784599375
0.951092611862643
4.451612903225806
6226.193548387097
57446.903225806454
709.8389336917563
0.53584229390681
3.129032258064516
0.10093652445369407
0.23244003803861302
0.5191824534965829
0.1676719896055278
4.309035020064288
0.040897097625329816
5628.312174817898
4.149741412079121
112.54881266490766
0.1484812831990866
5.118343648401222
289.9155672823219
0.6921422156626591
8.588390501319262
43.205804749340366
420.4986807387863
5.753508868367049
0.21195214013485783
0.05351239919401749
0.2970131979303986
0.022811411336141427
