1.0
1.0
1.0
40.0
30.0
1.0
168.67416666666668
66.0
255.0
1.0
1.0
1.0
40.0
30.0
1.0
0.0
0.0
0.0
40.0
30.0
1.0
678.0
2.0
21.079646017699115
11.470501474926253
0.0
21.079646017699115
11.470501474926253
0.0
0.6327637757675699
0.0
0.0
52.169394262571984
40.0
30.0
49.4064773081425
49.4064773081425
622.5833333333334
33.010902893092045
0.24201820578232394
1456.9156700879887
2.3401135110501756
678.0
172.0
246.0
30279213.0
2.075093370380707
30.0
2.3170820862985275
255.0
19.8640979455452
209.88938053097345
213.0
163.0
92.0
14.41282849112159
211.3281954560022
-0.07446725130159763
30279213.0
0.27832598045613943
606.0541350144883
9.741965131393442
2.987655789559525
40.195876097328295
0.7050153502774189
3.744149932353961
0.4816225716823115
0.7708138740684007
0.4024196844863814
1.1158849435649651
0.3157145325079967
0.15900145350395348
3.3167410519588856
-0.3463651193869469
0.8610784569881968
0.8067104464764023
0.982121176692548
0.811880409679235
0.9348079620942994
0.3341582124717375
0.34637427518930847
2.8087994923197086
1.0564431260090683
71.43679405056108
0.23785756104874375
1.311444818417487
8.433956781178658
9.753718888934458
97.95655029740612
1.8229485994543926
0.2953951565910468
4.112895213800075
102.45879194925058
0.33274419169865477
0.443952802359882
4.37994527761418
0.5882581938341576
4.232289280691324
0.21016476044634352
17.433333333333334
0.29055555555555557
1.4697222222222224
5.95
1252.0666666666666
11724.7
159.96682407407405
0.5006111111111111
8.3
0.13833333333333334
0.3377441025369095
1.0027787309869685
0.23782485198648254
4.42884162414016
0.08849557522123894
1124.3766666666666
4.8371234740622
88.25368731563422
0.13016768040654014
5.338780553597689
188.70501474926255
1.1686636907092698
9.542772861356932
35.023598820059
370.9380530973451
6.009745984922976
0.2326933792199279
0.08301759079027655
0.5216217009719871
0.03693362311111912
