1.0
1.0
1.0
40.0
30.0
1.0
176.67166666666665
78.0
254.0
1.0
1.0
1.0
40.0
30.0
1.0
0.0
0.0
0.0
40.0
30.0
1.0
664.0
1.0
20.620481927710845
18.396084337349397
0.0
20.620481927710845
18.396084337349397
0.0
0.5828823730308927
0.0
0.0
48.913722257118344
40.0
30.0
48.25971404805462
48.25971404805462
616.25
28.510946503003133
0.24560828026718484
1425.8671878798093
2.3137804265798123
664.0
185.0
241.0
31793806.0
1.6997967466690544
32.0
2.193348303538949
254.0
17.558644215415878
217.83132530120483
224.0
172.0
82.0
13.480959515192325
218.82010408508452
-0.558597153905138
31793806.0
0.34630842647699234
431.75166932791404
11.825221987734194
3.3719103246786126
11.150216907969153
-1.8348345567760775
2.218197288540253
0.3969165463758834
0.6963317524107242
0.36627086750608145
1.008194132649772
0.25772510028662343
0.21744290825459367
2.771669083074449
-0.29315797147288464
0.7732674340481054
0.8199291341339394
0.9849778438041353
0.8219721793919261
0.9396845144363626
0.3394558984950048
0.40395874199908327
2.3422348146662695
0.6537784587290342
84.77792850864563
0.29886297857077443
0.8362929982974854
9.548037490734833
11.901928140780589
159.37109934830272
1.1272959760917514
0.16634946033762604
3.78795948767783
98.52757929951343
0.3393036245045847
0.42695783132530124
6.063119996717502
0.5942497523066634
4.86048796873074
0.11924390176439026
6.931034482758621
0.2390011890606421
1.759809750297265
8.448275862068966
3028.7586206896553
42473.34482758621
255.76058429118774
0.37189655172413794
4.931034482758621
0.1700356718192628
0.4060884742046156
2.0049625854423057
0.2920186041844554
4.030394788231013
0.043674698795180725
2504.5065398335314
4.197580060363349
91.605421686747
0.13795997241979968
5.038067934388154
229.9487951807229
0.7450986173610102
11.435240963855422
36.22289156626506
486.2484939759036
3.3235521251673363
0.1276736111111111
0.06941846443787243
0.5738300234194526
0.020396715827693594
