1.0
1.0
1.0
40.0
30.0
1.0
148.47833333333332
60.0
233.0
1.0
1.0
1.0
40.0
30.0
1.0
0.0
0.0
0.0
40.0
30.0
1.0
584.0
2.0
17.875
13.70890410958904
0.0
17.875
13.70890410958904
0.0
0.753523650963041
0.0
0.0
46.12464177815898
39.0
30.0
48.25971404805462
48.25971404805462
536.3333333333334
34.75600847204077
0.2528075657251357
1262.7496318035294
2.3544119921756295
584.0
160.0
221.0
22191830.0
1.7537638901334913
36.25
1.9616399221728593
233.0
19.202160349033587
193.6541095890411
197.0
150.0
83.0
15.270197426350629
194.9351402495445
-0.3071514180509301
22191830.0
0.32021134359166825
497.7947433852506
6.254815623783951
2.414474838856098
11.40493489564347
-0.6784334043916955
2.2419632033396466
0.5434807289668909
0.6091966508916681
0.486927646431319
1.1307341256126848
0.30013198636485544
0.1639297939452846
3.0271459995598007
-0.22389050064065802
0.719270380376346
0.7621914850378977
0.9690285409290459
0.7659616905402691
0.9044995734649219
0.4374436992126936
0.3238826256607244
2.4742842069420696
0.6963609830766344
97.1899365668888
0.31476748308362956
0.7547784975597119
4.802601354585749
6.472280552999825
46.72176100506674
1.6801426920940732
0.45318820133870535
3.356732027159285
125.74782796413224
0.39783908243948574
0.5295376712328768
2.676622945258665
0.6432941247763522
2.4601570712025067
0.3424921875875877
21.571428571428573
0.4402332361516035
0.8088296543107039
3.4081632653061225
1268.7755102040817
10460.551020408164
189.7268990929705
0.6729024943310657
6.959183673469388
0.14202415660141607
0.319942761159373
0.9539708675418729
0.23503719113665847
4.318591986884037
0.0839041095890411
1126.7280299875051
4.164652151109079
83.00342465753425
0.14212915181084632
4.064024676299494
187.00342465753425
0.7731252345655846
5.967465753424658
26.756849315068493
208.83390410958904
5.8388151636225265
0.3601241438356164
0.09197632357103167
0.361903656645941
0.05170661214947797
