1.0
1.0
1.0
40.0
30.0
1.0
238.5875
171.0
255.0
1.0
1.0
1.0
40.0
30.0
1.0
0.0
0.0
0.0
40.0
30.0
1.0
597.0
5.0
19.829145728643216
9.596314907872697
0.0
19.829145728643216
9.596314907872697
0.0
0.6169648170914076
0.0
0.0
53.300887726430794
40.0
30.0
49.4064773081425
49.4064773081425
543.0833333333334
32.884772446947025
0.25002674309942763
1287.4844055127217
2.3706940104576737
597.0
241.0
255.0
37623662.0
0.8810860469932618
8.0
2.4987356171403974
255.0
4.823806357302989
250.97822445561138
254.0
239.0
16.0
3.7396371676700983
251.04025450161276
-1.0632907498434305
37623662.0
0.5801340594653894
31.140229343254518
3.2248551885480508
1.7567758748626674
1.0799888659697574
-0.6134370326812384
0.6448177827836714
0.09094487207990333
0.7511350226465223
0.09094487207990333
0.43667005837097816
0.08235139256129236
0.5497672800069203
1.213344851290949
-0.48137676564431015
0.7291893615920355
0.9545275639600483
0.9818110255840193
0.9545275639600483
0.9696850426400322
0.09094487207990333
0.7113034388227157
1.1223999792110462
0.18394066371589363
67.66934498885557
0.5192135541591107
0.24039322292044468
2.2144856305373057
54.69616352232522
202.84395458324366
17.65921575709561
0.6963785923656736
3.6802722155715757
20.658298026848406
0.15281544254041846
0.21901172529313231
30.398480944623586
0.3350491126060342
0.5207384363039613
0.2886267816815524
5.0
0.5555555555555556
0.2222222222222222
2.0
19666.11111111111
75712.77777777778
5654.444444444444
0.75
1.2222222222222223
0.13580246913580246
0.0351723600766064
0.12776693561585772
0.012023716191793571
3.1699250014423095
0.01507537688442211
15266.0
2.788659033513425
176.7788944723618
0.2961120510424821
3.844740172105643
346.34003350083754
0.20993297026730523
3.100502512562814
56.37688442211055
195.19095477386935
21.673366834170853
0.4748743718592965
0.02805746102647275
0.06992960994187365
0.01758942379762253
