1.0
1.0
1.0
40.0
30.0
1.0
202.64083333333335
108.0
249.0
1.0
1.0
1.0
40.0
30.0
1.0
0.0
0.0
0.0
40.0
30.0
1.0
810.0
1.0
17.158024691358026
15.048148148148147
0.0
17.158024691358026
15.048148148148147
0.0
0.7779061408234942
0.0
0.0
44.06921291920286
40.0
30.0
49.4064773081425
49.4064773081425
760.0
34.28171135110597
0.23423787074595487
1719.3702492247987
2.2623292752957878
810.0
202.9
237.0
40317480.0
1.2866788121198278
19.0
2.3985649015395807
249.0
10.812863892699282
222.72345679012346
225.0
192.0
57.0
8.045955727632354
223.1023681332555
-0.5631738164206092
40317480.0
0.4436488340192044
168.92846212467612
6.524697714763402
2.5135628196336754
2.712895039216287
-0.7079692946090177
1.1008638457460855
0.27428640569130397
0.6008885446817367
0.261047410970029
0.8541835610270908
0.20456437783578557
0.3098572171047801
2.088788804303412
-0.2661332075845352
0.6794386314297636
0.8708001939871131
0.9731823899564668
0.8716827936351981
0.9354000969935565
0.24946329058891337
0.4667947028326297
1.7943970925776853
0.3437875628593474
102.63529268899829
0.3844432529160112
0.4814049273911532
4.973487165638828
23.083007846666458
176.79886393630142
3.6341203279898746
0.34910822321449936
3.7529489138433947
71.78760389553213
0.26496453960694966
0.32870370370370366
13.243480058254887
0.5212957596537715
1.9826882813516729
0.25033645623251044
23.31578947368421
0.6135734072022161
0.3739612188365651
2.1052631578947367
4572.1578947368425
35945.78947368421
656.264619883041
0.8114035087719298
10.631578947368421
0.27977839335180055
0.5418163088801637
0.6236471887887478
0.5214366447949526
2.851647249602485
0.04691358024691358
4117.795013850415
3.7512399401665117
137.43950617283951
0.1696784026825179
5.430727023319616
359.35555555555555
0.38842249657064476
6.4
46.01234567901235
335.89876543209874
7.522908093278464
0.2302469135802469
0.06382406240960033
0.22572554931895022
0.037535082838068425
