1.0
1.0
1.0
40.0
30.0
1.0
208.01083333333332
120.0
248.0
1.0
1.0
1.0
40.0
30.0
1.0
0.0
0.0
0.0
40.0
30.0
1.0
856.0
1.0
22.510514018691588
15.44626168224299
0.0
22.510514018691588
15.44626168224299
0.0
0.7592163514482101
0.0
0.0
47.428808225136805
40.0
30.0
49.4064773081425
49.4064773081425
807.25
36.00872673422522
0.23201361944199864
1807.0743206965635
2.2385559872363747
856.0
209.5
235.0
43246534.0
1.1035149362608454
9.0
3.841953507795374
248.0
7.246670014848456
224.55841121495328
227.0
196.0
52.0
4.386541035140663
224.77022015640523
-0.9215849748360835
43246534.0
0.5123045680845488
95.17182177482746
7.117270286991113
2.635048127438088
1.9680548823575301
-0.7302761493733254
0.8861951652137587
0.19124269215243028
0.6444833961850709
0.1899484607267846
0.6997542643801345
0.15383618505341917
0.39841187060913685
1.7380306980133815
-0.32160336143944845
0.6891145545299981
0.9051551927791722
0.9809354645428636
0.9052414748742154
0.9525775963895862
0.1888160082293446
0.574189230669139
1.5430199603710564
0.26935946434154723
93.96987140698495
0.4148784480465614
0.421074295357303
5.699062216149954
30.098144112309352
240.92488880358084
4.277192307185805
0.27398329427070656
4.077176468789837
40.389827817989314
0.17228828184717487
0.26314252336448596
14.223229279301197
0.38411348011680946
1.5974959783503717
0.16066808457388898
11.74074074074074
0.4348422496570645
0.6117969821673526
3.1481481481481484
7910.37037037037
65249.62962962963
1045.5144032921812
0.668724279835391
5.666666666666667
0.20987654320987653
0.4482565856877508
0.510476620362388
0.437471048861402
3.1232672130890093
0.03154205607476635
6905.245541838135
3.4561715077432855
173.64252336448598
0.20285341514542754
4.332403485020526
438.5327102803738
0.3011180015721897
7.0514018691588785
51.87149532710281
399.35046728971963
7.722416926272066
0.18548805815160954
0.044107481160948286
0.1972868389849017
0.021248177879065744
