1.0
1.0
1.0
40.0
30.0
1.0
186.72333333333333
106.0
240.0
1.0
1.0
1.0
40.0
30.0
1.0
0.0
0.0
0.0
40.0
30.0
1.0
721.0
1.0
21.801664355062414
16.034674063800278
0.0
21.801664355062414
16.034674063800278
0.0
0.6956138347491629
0.0
0.0
47.09551155968095
40.0
30.0
49.4064773081425
49.4064773081425
673.4166666666666
32.7602893955032
0.24188307699212672
1536.035360966713
2.2809583382750347
721.0
192.0
231.0
33646855.0
1.4715578379735645
21.0
2.5134473602238367
240.0
12.235799023162851
215.52704576976421
220.0
180.0
60.0
9.182503699737264
216.0252945327174
-0.7061892252349643
33646855.0
0.3833537562446979
215.02041970525602
5.272692660736397
2.2318214811686383
4.5030919035927415
-0.3099796753581902
1.458245210117824
0.29185524643279925
0.666533217061001
0.28550094000467563
0.8761237875086492
0.20861075701458756
0.24296940104325537
2.3874358800199285
-0.3054118623342463
0.7540413032371573
0.8578849606404746
0.9711077510380182
0.8583085810690162
0.9289424803202373
0.2799409218800675
0.36909232393348196
2.081979161882541
0.4375251141376558
92.76796713182051
0.3582674733186206
0.5437043794372709
4.125571805200275
15.822553900167847
95.11056309534672
3.7775178508374156
0.46788494925653573
3.8195865230423838
68.37069386398286
0.2588072722126131
0.35887656033287096
7.583804716394836
0.5086838508047371
1.6453550096103375
0.3100342054270195
13.153846153846153
0.5059171597633136
0.7751479289940828
3.3846153846153846
5724.192307692308
27714.923076923078
1350.5694444444443
0.702991452991453
2.6153846153846154
0.10059171597633136
0.25349897954442835
0.9836927745926268
0.17192104586164547
4.026986833359281
0.036061026352288486
4955.196745562131
4.098879475218624
101.84327323162275
0.1412528061464948
4.83357026475403
276.3980582524272
0.4836171059997192
5.165048543689321
42.398058252427184
253.4119278779473
9.960510094005238
0.33321775312066576
0.05267622487943141
0.20473164816859088
0.028827464271668383
