1.0
1.0
1.0
40.0
30.0
1.0
211.29083333333332
114.0
255.0
1.0
1.0
1.0
40.0
30.0
1.0
0.0
0.0
0.0
40.0
30.0
1.0
678.0
1.0
18.33480825958702
13.7905604719764
0.0
18.33480825958702
13.7905604719764
0.0
0.7559694583744334
0.0
0.0
47.40590548051616
40.0
30.0
49.4064773081425
49.4064773081425
623.1666666666666
35.83741668985539
0.24101937354243463
1463.867091414904
2.3490779749904855
678.0
215.0
244.0
36626479.0
1.0203898111592415
18.0
2.300989669817156
255.0
9.20859111911661
232.15781710914453
234.0
209.0
46.0
6.931570247933886
232.42494585828592
-0.3778951405514768
36626479.0
0.5723627535437388
124.10341234413207
3.492647167228858
1.8355473774176745
1.805706202577547
-0.2532445771649373
0.682084557881237
0.18852935454681338
0.5669383719752736
0.18852935454681338
0.692812244817872
0.1518071415435085
0.4670737499948101
1.6640632968545281
-0.26713897445033163
0.6245186171889257
0.9057353227265933
0.9811470645453186
0.9057353227265933
0.9528676613632967
0.18852935454681338
0.6610129878950263
1.4755339423077154
0.21765347810701258
90.1145555860801
0.4527351524243206
0.3516534205909997
2.8181343891007904
27.012115648738693
103.07639556552832
8.466816117936046
0.6053011053146243
3.6671531323577096
41.18653192805557
0.20162998174584934
0.29387905604719766
14.053019321252108
0.40961919458438023
0.880231274248096
0.31987245115371776
6.714285714285714
0.47959183673469385
0.673469387755102
3.142857142857143
9965.285714285714
37946.92857142857
3008.4464285714284
0.7023809523809524
1.8571428571428572
0.1326530612244898
0.2773149005678124
1.4213629257168707
0.15019703044741123
3.324862957617353
0.02064896755162242
7619.959183673468
3.34611728848065
127.18289085545723
0.18758538474256228
4.31630424378486
388.0619469026549
0.24060223979951445
3.420353982300885
48.525073746312685
182.62684365781712
16.307399213372666
0.4342428711897739
0.03949304403559741
0.12043139618733978
0.02391670900715798
