1.0
1.0
1.0
40.0
30.0
1.0
234.9475
143.0
255.0
1.0
1.0
1.0
40.0
30.0
1.0
0.0
0.0
0.0
40.0
30.0
1.0
1012.0
1.0
18.06620553359684
14.035573122529645
0.0
18.06620553359684
14.035573122529645
0.0
0.826750104673756
0.0
0.0
41.973649617005584
40.0
30.0
49.4064773081425
49.4064773081425
971.8333333333334
34.70171921439893
0.22520843806067595
2106.8194867006323
2.167881481770501
1012.0
230.10000000000002
249.0
58239405.0
0.4328975966849021
9.0
2.4643331684570944
255.0
5.587270930650377
239.79545454545453
240.0
225.0
30.0
4.060812016656752
239.89334957426493
0.05175775686825895
58239405.0
0.8379524754331422
46.95914929931728
1.2468068503932193
1.0907937183236138
0.7368930705124931
0.4148604654784557
0.27904904746707654
0.051148609155243864
0.6899377270444178
0.051148609155243864
0.2903175546913416
0.048470241188300754
0.7864309305005391
0.6839914318451346
-0.4420784865718579
0.5655416480653208
0.974425695422378
0.9897702781689512
0.974425695422378
0.9829504636149187
0.051148609155243864
0.8836319770987644
0.6328428226898911
0.08254941415558009
71.9532528413195
0.6277061642858744
0.1861469178570628
1.7422443206442513
162.75279123739512
173.8913793979561
159.9681441972549
0.8144389198389371
4.597752514267641
8.131040095886892
0.06975283444501923
0.11314229249011856
73.9687676117259
0.16305711187000926
0.3942155933375121
0.10526749150313362
5.0
0.5555555555555556
0.2222222222222222
3.0
93802.44444444444
94907.77777777778
93526.11111111111
0.5
1.6666666666666667
0.18518518518518517
0.37263617164861795
1.136377623521938
0.18170080868028796
2.9477027792200867
0.008893280632411068
81158.69135802469
2.060876442380783
463.6679841897233
0.45816994485150525
2.178748301020169
848.0079051383399
0.08102376228342889
1.266798418972332
67.70553359683794
80.00790513833992
64.62994071146245
0.933300395256917
0.021153883773901892
0.035715328877854766
0.017513522497913676
