1.0
1.0
1.0
40.0
30.0
1.0
228.34
118.0
255.0
1.0
1.0
1.0
40.0
30.0
1.0
0.0
0.0
0.0
40.0
30.0
1.0
953.0
2.0
21.85099685204617
16.921301154249736
0.0
21.85099685204617
16.921301154249736
0.0
0.6238201391118615
0.0
0.0
46.94575189281042
40.0
30.0
49.4064773081425
49.4064773081425
917.0833333333334
29.285705476483933
0.2320724674382663
1966.9789183381906
2.1448202653392356
953.0
231.2
254.0
58997732.0
1.0587551214925672
5.0
8.343523004164625
255.0
7.758557776899363
248.54564533053517
254.0
200.0
55.0
3.2048286565661144
248.8119346088076
-2.4515425516160114
58997732.0
0.5829330033065075
132.44099100537431
7.499633491998383
2.6859296767440037
7.174888688888074
-2.2839109374835025
1.2410422273004165
0.09943039566149804
0.8514099323755615
0.0988628587716002
0.46354709478046024
0.08925669456976479
0.5358259467966956
1.4624294659092971
-0.5633128910453336
0.8243116556349628
0.9506253243031897
0.9900831544441533
0.9506631600958495
0.9753126621515948
0.09836626399293959
0.714215540503917
1.3614626812641935
0.33511815574047865
50.73604148909027
0.3521500928356599
0.6049938718681187
5.374273747749357
105.89222958887592
892.2511759783102
14.853312226279709
0.36412145164685816
4.643300353654266
17.55386722155015
0.11856539972116265
0.15057712486883526
55.58121122219671
0.29771890516330707
0.9993975867318609
0.1696502190847686
3.0
0.42857142857142855
0.7755102040816326
3.7142857142857144
61648.142857142855
527621.2857142857
7901.68253968254
0.638888888888889
1.0
0.14285714285714285
0.024578753313924395
0.024787383959082792
0.024553775131686804
2.807354922057602
0.007345225603357817
43113.265306122456
2.660150950270583
405.1825813221406
0.4251653529088569
3.1763900159544773
555.5351521511018
0.3706217401501196
7.457502623294858
63.94438614900315
509.4700944386149
10.556429987175003
0.2029264311530838
0.02246566087862995
0.13759939323170098
0.007301026768850982
