1.0
1.0
1.0
40.0
30.0
1.0
201.7875
115.0
255.0
1.0
1.0
1.0
40.0
30.0
1.0
0.0
0.0
0.0
40.0
30.0
1.0
747.0
1.0
20.597054886211513
15.823293172690763
0.0
20.597054886211513
15.823293172690763
0.0
0.7216344511950799
0.0
0.0
49.39117140697229
40.0
30.0
45.45327270945405
45.45327270945405
693.75
35.64237087215257
0.23766290041505736
1594.6231413481044
2.298555879420691
747.0
208.0
251.0
40498578.0
1.4679188909631544
19.0
2.8284248849993254
255.0
12.31920273687342
232.33199464524765
235.0
193.0
62.0
8.976785215614324
232.84106994991603
-0.7137355463672024
40498578.0
0.4539048653337132
236.8081195823007
8.651009469248724
2.892473778738301
7.3468189606514915
-0.7954953149589519
1.4160979362704826
0.27811237875661804
0.6707325244943898
0.2643068895179821
0.8627676297651703
0.20658990436870278
0.33287928995733984
2.3260032404494555
-0.31747811357426536
0.7587413768155019
0.8692271041648725
0.983884074589116
0.8701474701141149
0.9475988050710248
0.25222708643417574
0.5503304917019844
2.0312088523885437
0.42355257875677516
79.95907554362104
0.3134700767531725
0.7614457823527195
7.246975885588367
18.268401256234363
163.86972665507304
2.415110187606233
0.2640803538753326
4.089880694284346
63.53062367546074
0.2436552044032599
0.34069611780455156
9.035096749436379
0.489297767952524
2.7117821580277175
0.18710345202381237
13.352941176470589
0.39273356401384085
1.1634948096885815
4.382352941176471
3669.3823529411766
32559.058823529413
433.3888888888889
0.6333741830065359
7.764705882352941
0.22837370242214533
0.48313363809896215
0.8640160767715831
0.3927893941552028
3.3577970969216953
0.04551539491298527
3186.6756055363317
3.9317370859106866
119.25435073627845
0.15964437849568736
4.932719723158587
339.0669344042838
0.48825018951307236
8.481927710843374
44.30120481927711
409.41633199464525
5.512475829242898
0.17648371262829096
0.0603380813503447
0.3138216150905798
0.02788051358183684
