1.0
1.0
1.0
40.0
30.0
1.0
217.68833333333333
123.0
249.0
1.0
1.0
1.0
40.0
30.0
1.0
0.0
0.0
0.0
40.0
30.0
1.0
829.0
2.0
16.74909529553679
14.718938480096503
0.0
16.74909529553679
14.718938480096503
0.0
0.7290832892010596
0.0
0.0
47.60212137782781
40.0
30.0
49.4064773081425
49.4064773081425
778.0
34.70591122709477
0.23289467429133973
1756.4844055127248
2.2576920379340937
829.0
214.0
242.0
44871978.0
0.7849481856596783
14.0
2.489801236505121
249.0
8.556104772561588
232.4246079613993
236.0
209.0
40.0
6.645827476996306
232.6539025236182
-0.8508784594658119
44871978.0
0.6414940319334848
106.63997345909222
3.340271839373193
1.7936926909007824
1.082028358927209
-0.6254426165805909
0.5733323684371612
0.08161246665831007
0.7506144576840523
0.08161246665831007
0.40628535488666606
0.07479066506853091
0.5977369173837335
1.1127119873303126
-0.48457068321447017
0.7118724198530604
0.959193766670845
0.9836775066683381
0.959193766670845
0.97279584444723
0.08161246665831007
0.7528864575716276
1.0310995206720028
0.1637362087738678
71.97302390981946
0.5049173857936189
0.24754130710319056
2.4980670306457053
84.61571986370419
313.1060402221824
27.493139774084632
0.6254832423385737
4.019308999280866
20.07588960129134
0.13789372537239994
0.1721954161640531
46.33895551630655
0.34133835508689037
0.506883324904824
0.29995211263240684
3.4
0.68
0.16
1.6
86129.0
328064.0
25645.25
0.85
1.0
0.2
0.05597671074701368
0.05597819874998968
0.055976338746269685
2.321928094887361
0.006031363088057901
58639.36000000001
2.57365279421154
312.1942098914355
0.37659132676892093
3.501595510163102
531.7985524728589
0.17925298403325762
3.2979493365500603
61.60313630880579
216.5211097708082
22.873642943305185
0.42551266586248493
0.02501950258502186
0.06577615828308718
0.014830338660505529
