1.0
1.0
1.0
40.0
30.0
1.0
205.17333333333335
132.0
244.0
1.0
1.0
1.0
40.0
30.0
1.0
0.0
0.0
0.0
40.0
30.0
1.0
901.0
1.0
19.30410654827969
14.229744728079911
0.0
19.30410654827969
14.229744728079911
0.0
0.7650868053993758
0.0
0.0
48.55607928097176
40.0
30.0
49.4064773081425
49.4064773081425
850.5833333333334
37.1496155797975
0.2281632317165529
1902.7557544935096
2.2370009850026564
901.0
201.0
233.0
43556872.0
1.345112538835895
17.0
2.5788784197833667
244.0
9.728645320712838
219.54716981132074
222.0
191.0
53.0
7.031764140288757
219.8699847884581
-0.6281667229416487
43556872.0
0.42455109072297276
141.85043871589224
5.864435515549294
2.3727432127622943
2.976623128784809
-0.33575262067886236
1.1863078585820284
0.2486141428167768
0.6525755756784166
0.24609841954633654
0.8053234718478989
0.18604672920355297
0.28759720332181704
2.1443219810585368
-0.3123504645353635
0.7320859725110305
0.8772023625538757
0.9752546960231118
0.8773700774385718
0.9386011812769379
0.24389716168470132
0.38043891595354734
1.889983049724166
0.35873050034970133
104.60603736773388
0.3707316502946152
0.5099037181732125
4.713971399137716
21.950073936977404
140.02570302717515
4.460810960163937
0.3851752921673925
3.9332095888544862
65.95710703075102
0.22595227145246918
0.31270810210876804
10.840476306804717
0.46578757245664215
1.575217244658032
0.26099732766216777
19.387096774193548
0.6253902185223725
0.4120707596253902
2.161290322580645
7208.677419354839
41755.93548387097
1457.633512544803
0.8172043010752688
5.258064516129032
0.1696149843912591
0.4015613930597428
0.6618078425776114
0.3723459026747924
3.3421263603534155
0.03440621531631521
6363.931321540062
3.8488739182772225
154.19644839067703
0.1711392323980877
4.733903998640061
382.5205327413984
0.40090613339968784
5.771365149833518
46.9622641509434
299.5049944506104
9.194691083980764
0.2622086570477247
0.05019198315245036
0.18544111232892876
0.028357772815431018
