1.0
1.0
1.0
40.0
30.0
1.0
208.985
89.0
247.0
1.0
1.0
1.0
40.0
30.0
1.0
0.0
0.0
0.0
40.0
30.0
1.0
980.0
1.0
21.26938775510204
13.50204081632653
0.0
21.26938775510204
13.50204081632653
0.0
0.6880870580278678
0.0
0.0
47.364753710715824
40.0
30.0
49.4064773081425
49.4064773081425
939.5
32.59107403502099
0.2278437423352994
2036.0020399699297
2.167112336317115
980.0
201.0
237.0
48982942.0
1.290370731863362
14.0
3.584794997333372
247.0
10.475385256143277
223.1530612244898
227.0
185.0
62.0
6.814015848875369
223.56787308902642
-1.0937726172354307
48982942.0
0.45756559766763844
185.30514369012917
6.64834808923962
2.517487301341424
5.845217904841244
-1.6206728782687296
1.4261918122660902
0.1838486800053341
0.7710674089052426
0.18216894876233297
0.6830615567879277
0.14919651205986284
0.35080019148631914
1.9789964327041774
-0.4261343545319844
0.805786378974167
0.9090834987431337
0.9816926580568359
0.9091954808260004
0.9545417493715668
0.18069918392470702
0.5296404588312562
1.791432379088187
0.40251012306785605
83.94587155670548
0.36456012379421976
0.5445710066447285
5.409029193793984
38.05364259562406
289.0603023754841
6.596390526544166
0.3385342875280113
4.430810531367463
38.31595637408182
0.15874668872212283
0.2344387755102041
17.898060346106437
0.321452023998772
1.374111162486709
0.14506602165377988
5.933333333333334
0.39555555555555555
0.48888888888888893
3.2666666666666666
27256.933333333334
217340.66666666666
4057.851851851852
0.5814814814814814
3.0
0.2
0.4305986452354847
1.0654155961837646
0.27652426273733904
3.2729055953200534
0.015306122448979591
22988.48888888889
3.552533601148263
226.05102040816325
0.2306643065389421
3.44164514785506
448.4142857142857
0.4316284881299458
6.671428571428572
54.2
392.6530612244898
10.381519274376418
0.23633786848072563
0.03230716625274448
0.16699633672441008
0.01223392790548234
