1.0
1.0
1.0
40.0
30.0
1.0
254.05166666666668
254.0
255.0
1.0
1.0
1.0
40.0
30.0
1.0
0.0
0.0
0.0
15.0
30.0
1.0
62.0
3.0
2.5806451612903225
5.064516129032258
0.0
2.5806451612903225
5.064516129032258
0.0
0.5498485146413361
0.0
0.0
16.86182592134981
15.0
30.0
30.14962686336267
30.14962686336267
52.0
9.271449936994971
0.4898805853924493
137.52958276507425
2.6447996685591204
62.0
255.0
255.0
4031550.0
-3.203426503814917e-16
0.0
0.0
255.0
0.0
255.0
255.0
255.0
0.0
0.0
255.0
0.0
4031550.0
1.0
0.0
1.0
1.0
0.0
0.0
0.0
0.0
1.0
0.0
-3.203426503814917e-16
0.0
1.0
-3.203426503814917e-16
0.0
0.0
1.0
1.0
1.0
1.0
0.0
1.0
-3.203426503814917e-16
0.0
15.0
1.0
0.0
1.0
27.301922535668663
27.301922535668663
27.301922535668663
1.0
2.5154644401509683
2.8779904306220097
0.19434446632366847
0.24193548387096775
7.686073865726929
0.2869332040140198
0.2869332040140198
0.2869332040140198
3.0
1.0
0.0
1.0
1200.6666666666667
1200.6666666666667
1200.6666666666667
1.0
1.6666666666666667
0.5555555555555556
0.6667592592592593
0.6667592592592593
0.6667592592592593
0.9182958340544889
0.04838709677419355
773.5555555555553
2.370837497697099
14.903225806451612
0.24037460978147762
4.124869927159209
62.0
0.0
1.0
54.03225806451613
54.03225806451613
54.03225806451613
1.0
0.0551512706337015
0.0551512706337015
0.0551512706337015
