1.0
1.0
1.0
40.0
30.0
1.0
209.27583333333334
125.0
249.0
1.0
1.0
1.0
40.0
30.0
1.0
0.0
0.0
0.0
40.0
30.0
1.0
797.0
1.0
22.43914680050188
12.806775407779172
0.0
22.43914680050188
12.806775407779172
0.0
0.7423166821428663
0.0
0.0
46.227981937614565
40.0
30.0
49.4064773081425
49.4064773081425
746.4166666666666
34.3158021740904
0.23521920871722637
1691.7345747344052
2.266474812639596
797.0
208.0
241.39999999999998
42147845.0
0.8147397682910822
15.0
2.956857897648572
249.0
9.577496540508713
229.6499372647428
233.0
200.0
49.0
6.73314967505061
229.96329694602042
-0.9779019398591335
42147845.0
0.6228139084931101
144.0242565832663
3.325388346664816
1.79274397634105
1.0060720679292563
-0.5818334338274772
0.5512267389613592
0.10568716471666727
0.6759677518716136
0.10568716471666727
0.4832573847053567
0.09406585002826187
0.5774771981327249
1.181192220400814
-0.3929124371359035
0.6568431983375749
0.9471564176416664
0.9788625670566665
0.9471564176416664
0.9647709450944443
0.10568716471666727
0.7399003939827163
1.0755050556841468
0.16422847591950662
80.4844301877883
0.513486634934734
0.243256682532633
2.2680065653263597
68.11124866994852
256.67766837970885
20.969643742508445
0.6829983586684101
3.820127853077068
27.07496985750822
0.16577623917456108
0.1969887076537014
39.15762596084593
0.38079445444289906
0.550604354948104
0.33834197931659765
6.8
0.68
0.16
1.6
35489.3
137849.3
9899.3
0.85
1.4
0.14
0.12743603074235293
0.12952024369662832
0.1269149775037841
2.9219280948873596
0.012547051442910916
29137.210000000003
2.7356536793720587
258.44291091593476
0.32426964983178763
3.9682025915879655
496.3826850690088
0.18859304575344493
3.243412797992472
59.0853199498118
211.0878293601004
21.08469259723965
0.43914680050188204
0.02853134929328393
0.06870395956839913
0.018488196724505128
