1.0
1.0
1.0
40.0
30.0
1.0
240.46916666666667
141.0
255.0
1.0
1.0
1.0
40.0
30.0
1.0
0.0
0.0
0.0
40.0
30.0
1.0
1167.0
1.0
19.051413881748072
14.12853470437018
0.0
19.051413881748072
14.12853470437018
0.0
0.7404297723165852
0.0
0.0
45.63309751358153
40.0
30.0
49.4064773081425
49.4064773081425
1133.1666666666667
33.7881040020817
0.21989978266377122
2390.3152645120053
2.109411911615242
1167.0
230.0
254.0
68876985.0
1.0865250537382987
15.0
3.2168367666636297
255.0
7.736053378799595
242.75835475578407
243.0
202.0
53.0
6.459701743331233
242.94145940787627
-0.6557705001700604
68876985.0
0.5227114691432269
88.9338954936856
5.506299907570249
2.3011554196072472
1.903132440994904
0.3471651253138954
0.945020829363138
0.10109289612193025
0.806501387885309
0.10109289612193025
0.4687810678157703
0.09039896831274132
0.4443761150325334
1.5529086919094506
-0.5458822568143856
0.8272509553391766
0.9494535519390348
0.9898907103878071
0.9494535519390348
0.9747267759695175
0.10109289612193025
0.5972288747368093
1.4518157957875208
0.261528431371267
67.40081486657155
0.41108432445450216
0.4309279447792337
5.279136127944702
104.85158511241218
569.4241326547375
22.413138301349626
0.3046652723885613
4.933453305894938
15.947330101106001
0.0923458480028304
0.14031705227077979
45.59717904099451
0.23615014457347594
1.0895566686811913
0.11616076061198786
4.818181818181818
0.4380165289256198
0.8760330578512396
5.636363636363637
62687.0
306174.54545454547
14155.214646464648
0.446969696969697
1.1818181818181819
0.10743801652892562
0.13787774767695668
1.0391187675624682
0.0377397897740045
3.277613436819112
0.009425878320479864
51431.71900826446
2.8576841200306102
478.2784918594687
0.40983589705181556
2.7844706874055083
610.0042844901457
0.2678647085041439
5.533847472150814
64.83890317052271
362.42330762639244
13.692349804817672
0.22738741312006092
0.022061332006857778
0.12040717269960445
0.00639763156563841
