1.0
1.0
1.0
40.0
30.0
1.0
217.64
134.0
255.0
1.0
1.0
1.0
40.0
30.0
1.0
0.0
0.0
0.0
40.0
30.0
1.0
885.0
2.0
22.012429378531074
14.32542372881356
0.0
22.012429378531074
14.32542372881356
0.0
0.7400225269402355
0.0
0.0
48.60831248746965
40.0
30.0
49.4064773081425
49.4064773081425
833.4166666666666
35.97124623727789
0.2296467571015231
1864.941707551159
2.2377062784335475
885.0
215.0
255.0
49405368.0
1.564630141891091
30.0
1.8176752555123128
255.0
13.785617159819974
235.75141242937852
235.0
202.0
53.0
12.331598610351294
236.27372807037008
-0.20708138273074614
49405368.0
0.34277378786427914
246.5461138242523
4.873266977460136
2.0944049807317757
7.833616637987031
-0.23980151549258255
2.1267013818595117
0.17986567103297996
0.8439798211900233
0.17986567103297996
0.6714645333729806
0.14573858776068482
0.24719611426225918
2.2740578011467214
-0.5359078536176403
0.8978772693391074
0.91006716448351
0.982013432896702
0.91006716448351
0.955033582241755
0.17986567103297996
0.3279994072564638
2.0941921301137416
0.5766417632231229
85.31734574465816
0.3790154874825936
0.5055785548834032
3.582926900542953
31.335322620510006
196.17020239796125
8.792577164997677
0.5323785665372152
4.289637379761061
38.090631779539
0.16099249560222417
0.2548022598870056
14.12348996126599
0.3171184114067543
0.8742000942184359
0.2029443057777552
4.5
0.375
0.5208333333333333
3.5833333333333335
14258.916666666666
84023.0
4391.969907407408
0.5393518518518519
1.5
0.125
0.14784374586156793
0.6274434020530776
0.051093111955977655
3.5849625007211516
0.013559322033898305
8819.854166666666
3.9428948347678987
179.57853107344633
0.2029135944332727
3.544286763062977
303.354802259887
0.5911583516869354
4.820338983050847
52.007909604519774
284.574011299435
17.775988700564973
0.40649717514124295
0.030389206142804475
0.12102437001165815
0.014829698589405303
