1.0
1.0
1.0
40.0
30.0
1.0
241.09416666666667
226.0
255.0
1.0
1.0
1.0
40.0
30.0
1.0
0.0
0.0
0.0
40.0
30.0
1.0
531.0
4.0
19.128060263653484
16.41996233521657
0.0
19.128060263653484
16.41996233521657
0.0
0.6593662446565141
0.0
0.0
47.43375178486558
40.0
30.0
45.60701700396552
45.60701700396552
475.1666666666667
31.27621478435604
0.25220109260062357
1167.6189605307611
2.4572829755119487
531.0
242.0
251.0
32163226.0
0.6344897364234363
4.0
2.6168918052413646
255.0
2.6752848798238067
246.090395480226
245.0
242.0
13.0
2.162150808653645
246.11185887920817
0.6776919323294522
32163226.0
0.7310975631381644
10.56433336525264
1.4749574904617304
1.1798374355920702
0.8712285985429639
0.5081265617970876
0.46066720210219914
0.1291096326289608
0.5652146697243551
0.1291096326289608
0.546835112944539
0.11121456901556973
0.5938970136188503
1.1666927531453228
-0.2852620184154889
0.5532751417403958
0.9354451836855197
0.9741780734742078
0.9354451836855197
0.9569634557903464
0.1291096326289608
0.7556077480934493
1.0375831205163624
0.14744420868278996
94.51278493617771
0.6435694352820748
0.1782152823589626
1.6964114217127637
24.42537188731691
32.14515009457335
22.495427335502804
0.8258971445718091
3.603115830346317
27.392968674882407
0.17864441235828787
0.2763653483992467
9.24152246937786
0.26657941793592416
0.5231032034521598
0.20244847155686527
4.555555555555555
0.5061728395061729
0.24691358024691357
2.6666666666666665
8208.111111111111
9161.111111111111
7969.861111111111
0.5833333333333334
1.2222222222222223
0.13580246913580246
0.168005397716776
0.5886272541411015
0.06284993361069463
3.1699250014423095
0.01694915254237288
4727.11111111111
3.1423556759963045
100.76271186440678
0.1897602859969996
2.9234965119289544
388.21280602636534
0.13445121843091776
1.4802259887005649
49.015065913371
66.45574387947269
44.65489642184557
0.8799435028248588
0.03021892744333557
0.05597517323522838
0.023779865995362363
