1.0
1.0
1.0
40.0
30.0
1.0
246.65416666666667
210.0
255.0
1.0
1.0
1.0
40.0
30.0
1.0
0.0
0.0
0.0
40.0
30.0
1.0
1054.0
1.0
19.700189753320682
12.834914611005692
0.0
19.700189753320682
12.834914611005692
0.0
0.6711750161528981
0.0
0.0
46.27634337556595
40.0
30.0
49.4064773081425
49.4064773081425
1013.9166666666666
31.059525512592533
0.22372544343316367
2181.575536633829
2.1516319914199022
1054.0
244.0
253.0
65170341.0
0.9875986458081356
5.0
2.4550959130058
255.0
2.7606245656737336
248.63662239089183
249.0
241.0
14.0
2.155558445947177
248.65929114755352
-0.31307332397002047
65170341.0
0.5085713051211792
11.27308005285728
2.25626817998329
1.4494836315505402
0.8247205003230075
0.14471846534031335
0.8053854418905138
0.18436542933666167
0.6275336093529822
0.18436542933666167
0.6726693117647583
0.14712853095585884
0.3579960334305535
1.6635828330259745
-0.3240709354243782
0.6691953815469537
0.9078172853316692
0.9631269141326677
0.9078172853316692
0.9385448568877794
0.18436542933666167
0.458333653781129
1.4792174036893133
0.24743771780679383
125.43668161032187
0.5141471890795056
0.24292640546024719
2.255357399119116
43.43012910359968
96.52646838366238
30.156044283584006
0.686160650220221
4.168081330759031
33.30330591255825
0.12703035196137707
0.23221062618595825
17.674532799272495
0.25605199751686475
0.5194035591710078
0.190214107103329
6.636363636363637
0.6033057851239669
0.1983471074380165
3.1818181818181817
36624.181818181816
53760.181818181816
32340.18181818182
0.45454545454545453
2.272727272727273
0.2066115702479339
0.36695367282156915
1.1931926767640666
0.16039392183594475
2.8453509366224337
0.010436432637571158
27443.05785123967
3.426185610428614
238.98861480075902
0.2267444163195057
3.178987430192742
536.0341555977229
0.24571434743941037
2.3036053130929792
54.191650853889946
125.69639468690703
36.31546489563567
0.6740986717267552
0.02944832368431244
0.07006776769847724
0.019293462680771235
