1.0
1.0
1.0
40.0
30.0
1.0
239.245
154.0
255.0
1.0
1.0
1.0
40.0
30.0
1.0
0.0
0.0
0.0
40.0
30.0
1.0
972.0
1.0
17.540123456790123
14.404320987654321
0.0
17.540123456790123
14.404320987654321
0.0
0.7271450379886133
0.0
0.0
43.83639238249927
40.0
30.0
49.4064773081425
49.4064773081425
929.5
31.875415204256186
0.2272854872148988
2026.494120920868
2.1801980859826444
972.0
234.0
255.0
59679714.0
0.9858317657446081
12.0
2.867621860257564
255.0
6.8706497993192075
247.65432098765433
251.0
226.0
29.0
5.294431255579907
247.78797936148837
-1.0221706657624432
59679714.0
0.5097884807532727
66.22001219326322
2.6992776552625783
1.5926573082624442
0.8747960783059465
-0.26949171393060234
0.8081509390048317
0.15738853904950895
0.6737735654825825
0.15738853904950895
0.6208139354072721
0.13122291908399064
0.38600734188883895
1.5908915183498147
-0.36814251612934995
0.7076300347176236
0.9213057304752454
0.9685222921900982
0.9213057304752454
0.9475371536501637
0.15738853904950895
0.5139630387376897
1.433502979300306
0.24138486951358518
107.52175081742509
0.511684770178122
0.244157614910939
2.274837267953656
37.8896731625644
116.05218628894069
18.349044880970325
0.6812906830115859
4.176404989768162
27.529549724592705
0.12471784052050884
0.2163065843621399
13.899827039979812
0.23511006987440716
0.4509047730190143
0.18116139408825538
3.5714285714285716
0.5102040816326531
0.24489795918367346
2.7142857142857144
42090.57142857143
112943.71428571429
24377.285714285714
0.5714285714285714
1.0
0.14285714285714285
0.02280735574428645
0.07918935166741259
0.008711856763504916
2.807354922057602
0.00720164609053498
22809.26530612245
3.292236217788922
227.41975308641975
0.23397093938932073
2.9396899185422276
495.51440329218104
0.24510575962336362
2.7098765432098766
55.78600823045267
161.88477366255145
29.261316872427983
0.5725308641975309
0.024510668846108787
0.06090063426872044
0.015413177490455867
