1.0
1.0
1.0
40.0
30.0
1.0
221.17916666666667
157.0
255.0
1.0
1.0
1.0
40.0
30.0
1.0
0.0
0.0
0.0
40.0
30.0
1.0
663.0
8.0
12.904977375565611
14.800904977375566
0.0
12.904977375565611
14.800904977375566
0.0
0.7691576551681775
0.0
0.0
41.857389270616835
40.0
30.0
49.4064773081425
49.4064773081425
607.8333333333334
32.194931382849276
0.24424486305596857
1420.7413743111108
2.337386412357188
663.0
225.0
254.0
39612485.0
1.3363380828326985
12.0
3.004844087569132
255.0
8.288882974004078
244.21266968325793
247.0
219.0
36.0
6.01432397959184
244.4326857403081
-1.0878938311122086
39612485.0
0.42888602244471286
107.50982439616989
5.886572040154594
2.378557656135475
2.4741016872523773
-0.16364939052322475
1.1325819510516726
0.21653104913319893
0.6788684539583838
0.212108269074746
0.7533665668179904
0.17038111938970937
0.31595166353957976
2.0273838586276867
-0.35625731649854203
0.7592885257930273
0.8943881434684722
0.9785510233970702
0.8946829954723692
0.9471940717342361
0.20823833652359974
0.41555031531256
1.7990848146536667
0.33727825004621786
77.18752821275389
0.37083444793241693
0.5098607827892075
4.515790068710732
21.72207648754003
142.7326385984832
4.1364934011899805
0.4064366727965954
3.8208851967911603
49.50644457430729
0.23625266484366833
0.31334841628959276
10.938330973792084
0.48515449959953977
1.590564681409145
0.28523357934053023
23.57777777777778
0.5239506172839506
0.5135802469135802
2.6
1999.4
13517.155555555555
349.04753086419754
0.7481481481481481
9.577777777777778
0.2128395061728395
0.46234414459084905
0.6125977120962071
0.4334554079473153
3.3808165784278303
0.06787330316742081
1782.3288888888887
3.8042250707186627
113.4132730015083
0.17106074359201853
5.577254082976735
284.35143288084464
0.39284389936505987
5.704374057315234
47.73906485671191
303.5475113122172
9.092802078096195
0.26298810122339533
0.0672684831292441
0.20813413755815718
0.04375987889880022
