1.0
1.0
1.0
40.0
30.0
1.0
212.06666666666666
120.0
252.0
1.0
1.0
1.0
40.0
30.0
1.0
0.0
0.0
0.0
40.0
30.0
1.0
933.0
1.0
20.936763129689176
13.321543408360128
0.0
20.936763129689176
13.321543408360128
0.0
0.7839590242450023
0.0
0.0
42.996273270663316
40.0
30.0
49.4064773081425
49.4064773081425
887.6666666666666
33.70731643944068
0.22880483389217546
1952.175554717809
2.199221428521753
933.0
209.0
239.0
47549873.0
1.1730600260939013
12.0
3.121162232812029
252.0
8.870287849702867
225.4587352625938
227.0
196.0
56.0
5.828358725761773
225.7531707530096
-0.47563259270191477
47549873.0
0.4976984200834244
132.85279882916382
7.159810149288611
2.6387864505897176
2.1879429977844183
-0.6101760341236899
0.9630689523250223
0.17692346553233307
0.6892379838437814
0.17633453738156746
0.6701592604019837
0.1450604653769137
0.39067298692415325
1.8119884940151587
-0.37099198341373407
0.745779332716202
0.9118916241242929
0.9896031301713469
0.9119308860010107
0.9647527234620454
0.17581922524964758
0.5605061883870899
1.6332351747574771
0.2849981044643388
87.72001217686734
0.3914337257512174
0.4922300420029718
5.952454947926638
41.62013500341867
337.1567206662123
5.7790178182742356
0.27237994014470485
4.269130693585259
38.218652380279885
0.16538535296846113
0.2395498392282958
22.63750161901021
0.36752480548976213
1.8173984027221035
0.15436963779804486
12.2
0.4066666666666667
0.9433333333333334
3.8333333333333335
11548.033333333333
96513.33333333333
1490.8229166666667
0.6469907407407407
11.266666666666667
0.37555555555555553
0.6249247249590889
1.9479906470650075
0.4836556168326272
3.011537134341925
0.03215434083601286
10580.823333333332
3.4472492793718867
205.62165058949626
0.2203876212106069
4.115197320126963
464.35262593783494
0.3145496381918669
7.086816720257235
54.29260450160772
410.8488745980707
8.277978742408003
0.18423990710968205
0.04663961095732009
0.2316803380675044
0.02192543103343517
