1.0
1.0
1.0
40.0
30.0
1.0
212.95
131.0
255.0
1.0
1.0
1.0
40.0
30.0
1.0
0.0
0.0
0.0
40.0
30.0
1.0
567.0
4.0
21.947089947089946
12.130511463844798
0.0
21.947089947089946
12.130511463844798
0.0
0.6755722678922365
0.0
0.0
47.83113052306975
40.0
30.0
46.87216658103186
46.87216658103186
512.9166666666666
32.31338532331981
0.2516589578616188
1231.316232425819
2.4006165376295416
567.0
219.0
253.0
31762121.0
1.425720806310807
23.0
1.7143944930174326
255.0
10.892528204697518
236.35449735449737
236.0
215.0
40.0
9.017073205462285
236.68090351395784
-0.05719134779440043
31762121.0
0.41228471269623534
154.40166848632455
4.586547978609839
2.0824345383354332
4.126118281568143
0.146981723440436
1.3004039069211548
0.3019696051200646
0.6223117330309994
0.2965779796248271
0.8821421395446633
0.21017657407029755
0.262522152463396
2.356825327618552
-0.27960789539636355
0.7187502918848716
0.8522501727371102
0.9700518837416199
0.8526096144367926
0.9261250863685551
0.29186030731649437
0.44661219510706673
2.0411683670508767
0.4005933780103048
88.09899027102148
0.39010220425241726
0.47627249186725246
3.5072764052767815
12.244225996640989
60.026566423765225
3.5865814207959716
0.5315991587321378
3.5498091379197616
64.67324460432776
0.2753407612405323
0.39858906525573196
5.248884376738799
0.5238194339957408
1.3190878067985579
0.36345624938688886
24.055555555555557
0.6682098765432098
0.43441358024691357
2.138888888888889
1544.638888888889
6720.833333333333
421.76311728395063
0.8387345679012346
5.888888888888889
0.16358024691358025
0.37554059371397985
0.37949036667209224
0.37503223387246803
3.3141295762430367
0.06349206349206349
1296.5763888888887
4.077289088127421
77.42680776014109
0.13655521650818536
4.844458130760306
233.76543209876544
0.43719069703784574
4.380952380952381
38.61552028218695
197.92592592592592
10.541789143640997
0.38991769547325106
0.07004299580567742
0.17626071104187968
0.050233157346974325
