1.0
1.0
1.0
40.0
30.0
1.0
236.35333333333332
201.0
250.0
1.0
1.0
1.0
40.0
30.0
1.0
0.0
0.0
0.0
40.0
30.0
1.0
563.0
7.0
17.461811722912966
17.182948490230906
0.0
17.461811722912966
17.182948490230906
0.0
0.6707267836975125
0.0
0.0
46.02537820615255
40.0
30.0
47.16990566028302
47.16990566028302
495.25
30.870453892674284
0.24162422033353384
1252.833376881131
2.5296988932481193
563.0
237.0
246.0
32743714.0
0.018789350154544218
5.0
2.3634383813201367
250.0
2.7699617312734057
241.14031971580818
241.0
237.0
13.0
2.354455289967039
241.1624969003059
0.5704330329481253
32743714.0
0.996453911896747
10.696118547870611
1.0044189830646784
1.0022094915323392
0.004341198615635974
0.004360428262794855
0.004399406841174642
0.004418983064678366
-0.0022143964792438273
0.004418983064678366
0.040918673662959835
0.004399406841174641
0.991191398205899
0.045337656727637884
-0.0003113490262659733
0.003757290402190421
0.9977905084676608
0.9991162033870643
0.9977905084676608
0.9985270056451073
0.004418983064678366
0.9955810169353216
0.040918673662959835
0.002204597476463252
109.26889515270966
0.9812932705444848
0.009353364727757607
1.028342729064497
55.27314383155594
55.30148656062044
55.26605814928982
0.9929143177338757
3.424277220265394
14.771151455425855
0.12762277323622273
0.19760213143872113
25.410978609298553
0.25727660799271573
0.2856193370572128
0.25019092572659146
6.25
0.78125
0.109375
1.375
31993.625
31994.0
31993.53125
0.90625
1.25
0.15625
0.2966255697201377
0.6716255697201378
0.2028755697201377
2.9999999999999973
0.014209591474245116
27040.984375
2.332045056208102
149.9094138543517
0.26626894112673477
3.1919588350911283
561.0035523978686
0.0017730440516264998
1.0053285968028418
58.236234458259325
58.241563055062166
58.23490230905861
0.9986678507992895
0.02784337776292018
0.0331719745657621
0.026511228562209697
