1.0
1.0
1.0
40.0
30.0
1.0
224.3625
157.0
255.0
1.0
1.0
1.0
40.0
30.0
1.0
0.0
0.0
0.0
40.0
30.0
1.0
839.0
3.0
18.71394517282479
17.67699642431466
0.0
18.71394517282479
17.67699642431466
0.0
0.7535038241399892
0.0
0.0
40.49371188535519
40.0
30.0
46.22769732530488
46.22769732530488
804.75
30.512166759238067
0.24050743731432012
1739.6542294451597
2.161732500087182
839.0
229.0
247.0
47879208.0
0.5459244626281688
10.0
3.840062436654615
255.0
5.9574895478327825
238.76519666269368
240.0
215.0
40.0
4.093870917654365
238.88699010311223
-0.9214572928367423
47879208.0
0.8231648153699065
58.17490314964321
4.0462070185071
2.0033555383131048
0.6092154779439662
0.040563644916858814
0.2130614090434156
0.08196916999379122
0.4446140940433531
0.08132233946339018
0.40764447601928533
0.07530622861880924
0.7870633460945293
0.8057893170133102
-0.2233021100469831
0.42603039070227317
0.959403513321345
0.9918329367174086
0.959446635356705
0.9797017566606724
0.0807563627492893
0.8858927952819285
0.7212782671877532
0.0737576447593017
49.682544361159785
0.41907090489040333
0.4206576008620045
3.6637449337601486
127.65268675378624
512.7083668155252
32.30367433969946
0.4800299613777733
4.1744274626433855
20.859028445591985
0.1775470927017386
0.14064362336114422
74.57651972928062
0.42221232001521936
1.2124108574252324
0.3056576223096114
13.25
0.5520833333333334
0.6666666666666667
2.9166666666666665
23974.541666666668
95978.83333333333
5998.978009259259
0.7523148148148149
5.833333333333333
0.24305555555555555
0.4829977785785458
1.3794614491908952
0.366029562738803
3.15136366919754
0.028605482717520857
22752.45659722222
2.0628499146582637
387.0667461263409
0.46134296320183654
3.8115129396622636
690.6352800953516
0.09489133013505777
4.00953516090584
65.82479141835519
267.165673420739
16.696033637928753
0.28867037478479673
0.03639225695354732
0.12043726150461068
0.020447517465345833
