1.0
1.0
1.0
40.0
30.0
1.0
220.5525
153.0
254.0
1.0
1.0
1.0
40.0
30.0
1.0
0.0
0.0
0.0
40.0
30.0
1.0
553.0
6.0
16.962025316455698
12.262206148282097
0.0
16.962025316455698
12.262206148282097
0.0
0.7269824837883629
0.0
0.0
43.356968222929254
40.0
30.0
49.4064773081425
49.4064773081425
491.8333333333333
31.519756448238233
0.24831648879800838
1213.4555486830252
2.46720884178182
553.0
224.0
245.0
30694570.0
0.7867323513219486
14.0
1.972034502234483
254.0
7.0308068107871255
235.45388788426763
237.0
222.0
32.0
5.568578603316328
235.59616197440596
-0.0855817245691539
30694570.0
0.7038936067937831
67.01821725325286
3.863967661578267
1.9525175613481016
0.9454137061254293
-0.07793480499627214
0.33813584161431276
0.1317822600808094
0.43721576171206544
0.1317822600808094
0.560642471778678
0.11415326155780232
0.6704082143449812
1.136161133495445
-0.207107161779431
0.47246933645224676
0.9341088699595953
0.9868217739919191
0.9341088699595953
0.9670544349797976
0.1317822600808094
0.8143203237333305
1.0043788734146362
0.11747952542378055
72.32202132683032
0.4613133398154501
0.33665292824845233
3.064739770787227
35.990970137280286
143.34966288493078
9.601511868577546
0.5454677892270947
3.477861301944475
42.22302692304702
0.2678233121900183
0.283001808318264
22.736555792320097
0.5284137186308129
1.2423905084443116
0.38682278142633464
25.4390243902439
0.620464009518144
0.2450922070196312
1.853658536585366
4192.5609756097565
16777.70731707317
1055.0548780487804
0.8136856368563686
9.682926829268293
0.2361689470553242
0.45567125589431207
0.7019936949342287
0.3941742889460698
3.0690596798417955
0.07414104882459313
4010.64009518144
2.983163849051833
129.58951175406872
0.23433908092959985
6.183460918416397
389.253164556962
0.16182649954710293
3.7396021699819166
51.55696202531646
207.5515370705244
13.631253767329717
0.3512658227848101
0.06902461783387254
0.16131333869359146
0.048201468282190796
