1.0
1.0
1.0
40.0
30.0
1.0
218.38583333333332
154.0
247.0
1.0
1.0
1.0
40.0
30.0
1.0
0.0
0.0
0.0
40.0
30.0
1.0
677.0
4.0
24.001477104874446
16.02954209748892
0.0
24.001477104874446
16.02954209748892
0.0
0.757784356585659
0.0
0.0
41.41843346323982
40.0
30.0
46.400431032480725
46.400431032480725
624.0
31.386240952727118
0.2424421921855764
1456.5732012242095
2.334251925038797
677.0
219.0
243.0
36397602.0
0.8718864476763358
16.0
1.6329213391687016
247.0
7.7712822012135385
231.70457902511077
232.0
217.0
30.0
7.0887694090633975
231.8686596596198
-0.11132811947386857
36397602.0
0.5861400871426421
76.06339114478898
3.196084221782065
1.7572943353911037
0.9259656565519659
-0.5221492679975317
0.5835480543689041
0.1515975687824917
0.5871445398454016
0.1515975687824917
0.6121766678221787
0.12832016039170238
0.5041070280325998
1.3702885732577565
-0.2856695538319249
0.6025343068927493
0.9242012156087541
0.9696804862435018
0.9242012156087541
0.9494674770725029
0.1515975687824917
0.6814955509998578
1.2186910044752652
0.183786405787849
89.55741894808662
0.5104172295209045
0.24479138523954774
2.2960991854628294
33.98214942365137
124.43580429684178
11.368735705353767
0.6759752036342926
3.606197350480946
35.614839861612175
0.20100785483668482
0.25960118168389956
18.26579466157372
0.44312759346179065
0.6964924350585984
0.37978638306258866
20.724137931034484
0.7146254458977408
0.1426872770511296
1.5172413793103448
8110.379310344828
30964.48275862069
2396.853448275862
0.8706896551724138
5.275862068965517
0.18192627824019025
0.3910407074851505
0.5433400263635112
0.3529658777655603
3.2886784087714664
0.04283604135893648
7565.398335315101
3.2128999855401985
155.47267355982274
0.22964944395837925
5.063524236956422
396.8168389955687
0.20692995642867895
3.122599704579025
52.994091580502214
185.57459379615952
19.848966026587888
0.46935007385524374
0.04892964929831006
0.0995508616352061
0.036274346214086046
