1.0
1.0
1.0
40.0
30.0
1.0
237.25166666666667
179.0
255.0
1.0
1.0
1.0
40.0
30.0
1.0
0.0
0.0
0.0
40.0
29.0
1.0
888.0
3.0
19.69707207207207
11.50900900900901
0.0
19.69707207207207
11.50900900900901
0.0
0.5631137107222827
0.0
0.0
49.24715595903872
40.0
29.0
48.25971404805462
48.25971404805462
848.8333333333334
27.731748734613266
0.23471165283338746
1847.1312533269743
2.176082371875485
888.0
236.0
249.0
52596348.0
0.40990906924450876
5.0
2.9535951156641835
255.0
3.7621134648161676
243.32432432432432
244.0
232.0
23.0
2.7091320210801313
243.3723928912678
-0.21388119938682656
52596348.0
0.8491016354192029
23.39481373265157
1.2233078954046057
1.0852086859097363
0.6240635119489581
0.3564570137124379
0.2471467030903475
0.06463632464920614
0.5858842785771595
0.06463632464920614
0.34440891711829125
0.06036182926588532
0.7837466568643379
0.7021560063133497
-0.32961679639893804
0.4891707876288405
0.9676818376753968
0.9870727350701588
0.9676818376753968
0.9784545584502646
0.06463632464920614
0.8824731517656607
0.6375196816641439
0.07794575693488841
71.63730236369261
0.6193187756711712
0.1903406121644144
1.7684206235733815
126.09884532738022
132.77987286895595
124.42858844198626
0.8078948441066547
4.410406083340691
10.889132615948029
0.09154444045216911
0.12978603603603606
59.802659583048914
0.22638552104617238
0.5275648180768548
0.15109069678850173
6.636363636363637
0.6033057851239669
0.1983471074380165
3.1818181818181817
59762.0
60108.09090909091
59675.47727272727
0.45454545454545453
1.5454545454545454
0.14049586776859505
0.24940171802326558
0.8991216079287857
0.08697174554688553
3.277613436819112
0.012387387387387387
53245.10743801654
2.150268082284908
372.76801801801804
0.4197838040743446
2.5751105835565293
754.0022522522522
0.07544918229039851
1.2466216216216217
65.96396396396396
75.27815315315316
63.635416666666664
0.9383445945945946
0.022508063441843206
0.03964597463109368
0.018223585644530586
