1.0
1.0
1.0
40.0
30.0
1.0
232.05166666666668
172.0
255.0
1.0
1.0
1.0
40.0
30.0
1.0
0.0
0.0
0.0
40.0
30.0
1.0
812.0
3.0
19.79433497536946
13.04064039408867
0.0
19.79433497536946
13.04064039408867
0.0
0.8268917632703536
0.0
0.0
40.548290203594554
38.0
30.0
46.87216658103186
46.87216658103186
764.8333333333334
33.52904718404831
0.23466590078486368
1723.5028623702028
2.253435862763394
812.0
230.0
252.0
47096934.0
0.6929444311079944
13.0
1.812487277218375
255.0
6.8741051712004655
240.70443349753694
241.0
228.0
27.0
5.829365037569436
240.83427963291567
0.14919313979675164
47096934.0
0.6972415006430634
62.52594093523259
1.556726529776356
1.1979531364064355
1.093756650481789
0.6327699780279711
0.5607754822246602
0.07426575888590127
0.7664497337676923
0.07426575888590127
0.37974546297234424
0.0685709299143192
0.6139084495304
1.0706518535373197
-0.5087594607844623
0.7181855106044738
0.9628671205570494
0.9851468482228198
0.9628671205570494
0.9752447470380329
0.07426575888590127
0.7649139841506138
0.9963860946514189
0.15876031027764034
83.38447247244194
0.6268131148139677
0.1865934425930161
1.7447641529101159
72.7778366390578
101.49888649516552
65.59757417503086
0.8138089617724711
4.3709173790964595
14.97334173097826
0.10862932786572092
0.16379310344827588
31.390595928281464
0.2585214164834772
0.5175459749250174
0.1937652768730921
5.0
0.5555555555555556
0.2222222222222222
3.0
48258.666666666664
53455.0
46959.583333333336
0.5
1.4444444444444444
0.16049382716049382
0.24050472449949922
0.9222262437362967
0.07007434469029977
2.725480556997865
0.011083743842364532
40118.617283950625
2.793968735310356
267.54926108374383
0.32949416389623626
2.9258535756752164
566.1600985221675
0.1513792496784683
1.5578817733990147
62.056650246305416
93.84852216748769
54.10868226600985
0.8605295566502463
0.024040686471632985
0.0462435887053234
0.01848996091321039
