1.0
1.0
1.0
40.0
30.0
1.0
220.08333333333334
132.0
255.0
1.0
1.0
1.0
40.0
30.0
1.0
0.0
0.0
0.0
40.0
30.0
1.0
915.0
1.0
20.299453551912567
13.97704918032787
0.0
20.299453551912567
13.97704918032787
0.0
0.7570751767145879
0.0
0.0
48.15357923128197
40.0
30.0
49.4064773081425
49.4064773081425
859.6666666666666
36.455879505962706
0.22542010917832583
1939.597103884935
2.2562199734993427
915.0
213.4
253.0
51592885.0
1.4019814620782316
20.5
2.639776642206577
255.0
11.489656902266415
237.0393442622951
240.0
202.0
53.0
8.462604980990216
237.45666271272884
-0.7903260053667763
51592885.0
0.42420735166771173
198.0159383678223
4.521350212887011
2.0619510876700775
4.532785852352742
-0.01808416362095966
1.3386069568865842
0.25998235037208434
0.6742842114928798
0.2581073503720844
0.8211902621589957
0.19105028972082963
0.27658563459043156
2.3048202759492358
-0.3166806738149326
0.7535354404200993
0.8711338248139578
0.9740883034243301
0.8712588248139579
0.9355669124069789
0.25646672537208437
0.46834678742121477
2.0398283402902364
0.39964732681466714
111.07654001523238
0.3695510090175922
0.5138743328497262
4.092695818441928
19.559599361714156
88.9497503077219
6.295794682206116
0.45882687016330836
4.046625738164939
67.84554340860132
0.21829212838058365
0.3284153005464481
9.123295471048586
0.4442071799948189
1.4515827530590082
0.2606748016003516
11.545454545454545
0.5247933884297521
0.7024793388429752
3.090909090909091
14004.772727272728
60395.59090909091
3590.04797979798
0.7297979797979799
2.0
0.09090909090909091
0.13388721420678823
0.19733922035361315
0.12473254600341542
3.913977073182747
0.024043715846994537
12274.969008264461
4.046923579795242
146.43825136612023
0.1600418047717161
4.218488458896951
388.1497267759563
0.4204198393502344
4.495081967213115
44.829508196721314
211.46338797814207
14.17164541590771
0.3703096539162113
0.041136873956220815
0.14660818112916085
0.022445516882853345
