1.0
1.0
1.0
40.0
30.0
1.0
225.13083333333333
160.0
255.0
1.0
1.0
1.0
40.0
30.0
1.0
0.0
0.0
0.0
40.0
30.0
1.0
825.0
2.0
25.23151515151515
13.74909090909091
0.0
25.23151515151515
13.74909090909091
0.0
0.8394690657873729
0.0
0.0
39.003708831448066
40.0
30.0
49.4064773081425
49.4064773081425
788.0833333333334
32.74240701497841
0.24064890504039624
1714.5427960588524
2.1755856564138973
825.0
230.0
255.0
49405349.0
1.2023630355937227
15.0
3.0684256949677193
255.0
7.924072727272725
244.52
245.0
214.0
41.0
6.37437087134319
244.71467368172165
-0.8429963324360494
49405349.0
0.4740833792470156
95.24111515151517
5.738251121801689
2.346242981520514
2.1169804213245227
0.13806805335767242
1.0596028763514607
0.12604382279215992
0.7872936379650783
0.12604382279215992
0.5439021069128788
0.10975549635269635
0.39249031494026226
1.7136315700721285
-0.5137037106564798
0.8315169391875298
0.9369780886039201
0.987395617720784
0.9369780886039201
0.96848904430196
0.12604382279215992
0.520676981488208
1.5875877472799693
0.29641167478590513
57.5246293788144
0.37238520823680776
0.5114018008815335
4.987807172910406
62.93796264115214
372.7717910880526
12.707679817577908
0.3594219354134826
4.452620293098274
22.974450058474552
0.14590136779427204
0.18666666666666668
31.545049709404562
0.35943377917703045
1.341908277584402
0.20832625810097782
9.0
0.42857142857142855
0.7755102040816326
3.7142857142857144
14777.190476190477
80094.95238095238
3118.01455026455
0.6388888888888888
3.6666666666666665
0.1746031746031746
0.3669147021752027
1.254538712503414
0.22860718301704802
3.4632805178108073
0.025454545454545455
13233.8231292517
3.169835856255017
274.3963636363636
0.332601652892562
3.879046464646464
391.1187878787879
0.31796657483930213
5.745454545454545
60.22909090909091
358.64969696969695
12.077811447811449
0.23383838383838382
0.03430576857005428
0.15563632584346868
0.015068554402681388
