1.0
1.0
1.0
40.0
30.0
1.0
230.56916666666666
147.0
255.0
1.0
1.0
1.0
40.0
30.0
1.0
0.0
0.0
0.0
40.0
30.0
1.0
952.0
1.0
19.57563025210084
14.134453781512605
0.0
19.57563025210084
14.134453781512605
0.0
0.706598378239233
0.0
0.0
47.51976293590715
40.0
30.0
49.4064773081425
49.4064773081425
896.9166666666666
33.577387424824806
0.22406644748545182
2007.2833953859513
2.237982044470075
952.0
229.0
255.0
55244141.0
0.9120918052044416
11.0
2.9931127752464177
255.0
6.983409540286704
240.72794117647058
242.0
217.0
38.0
5.6733201911189814
240.89325410635635
-0.47103446667271787
55244141.0
0.6586642009745075
79.6182108872961
4.517432170634883
2.0986868593435606
1.592409012868385
0.46625016875277653
0.5655121338894369
0.11375761470821352
0.6630004287114183
0.11081792846983055
0.5071021055856693
0.10125034186567164
0.6034758130822995
1.2940837804601715
-0.4144180902943859
0.6985848971115223
0.944885004388923
0.9887599163555655
0.945080983471482
0.9724425021944615
0.10824570301124546
0.7664973382695291
1.1700617859520595
0.16981743714941264
72.90448433817016
0.4004794483168719
0.45539234247705995
3.987055799356729
76.15060875339255
332.5983102016992
18.624446892185354
0.4478220515905784
4.086827977595041
42.52837907227001
0.22920004292235446
0.19117647058823528
46.25302787331929
0.4871569070312266
1.5016228697803378
0.3106883170306341
19.514285714285716
0.5575510204081633
0.649795918367347
2.857142857142857
14827.085714285715
61061.45714285714
3662.397619047619
0.7579365079365079
6.942857142857143
0.1983673469387755
0.38006665404735396
0.9539337015633406
0.31332204546708714
3.3578544455163906
0.03676470588235294
14087.245714285711
2.702006015463618
364.39495798319325
0.38276781300755597
4.959218981710332
627.0483193277311
0.19777800826212838
4.484243697478991
60.76890756302521
279.0052521008403
14.43577847805789
0.28066643323996265
0.042697277985268185
0.14453984487313443
0.024460772059595442
