1.0
1.0
1.0
40.0
30.0
1.0
233.14666666666668
175.0
255.0
1.0
1.0
1.0
40.0
30.0
1.0
0.0
0.0
0.0
40.0
30.0
1.0
907.0
2.0
18.466372657111357
12.396912899669239
0.0
18.466372657111357
12.396912899669239
0.0
0.7540177333445006
0.0
0.0
42.907015904456834
40.0
30.0
46.14108798023731
46.14108798023731
856.5
32.35265087685498
0.22784982066969217
1914.198676349544
2.234907970052007
907.0
230.0
254.0
52388746.0
0.6521513845485679
9.0
2.4086110682146136
255.0
6.285407263608175
240.20507166482912
239.0
226.0
29.0
4.642626305478957
240.3340793151579
0.433529960984217
52388746.0
0.7209988707212918
61.99322675892149
1.4905893148165312
1.1776448950277256
1.0180558763694387
0.589911516468173
0.49957872304551304
0.08469074053329176
0.7114127113112427
0.08469074053329176
0.4127693442831446
0.07697226173986467
0.6308930064707328
1.0504894684169195
-0.4446654451159734
0.6654360251563322
0.9576546297333541
0.9830618518933416
0.9576546297333541
0.9717697531555693
0.08469074053329176
0.7800097347056285
0.965798727883628
0.1460673658947012
92.43477152648865
0.6087874611549866
0.19560626942250672
1.8012555333428533
76.74288758899247
100.86097973317558
70.7133645529467
0.7996861166642867
4.336910289471092
18.520296709573447
0.11465095221525243
0.16703417861080486
31.669372134041236
0.28260834947529556
0.6284503232853234
0.19614785602278872
5.0
0.625
0.1875
3.25
72158.125
77126.125
70916.125
0.4375
1.25
0.15625
0.04137189635216651
0.1420494205162279
0.01620251531115116
2.7499999999999973
0.008820286659316428
59304.234375
2.7100423230085795
310.2877618522602
0.3421033758018304
3.1581439957989375
653.9459757442116
0.1395005646393541
1.5027563395810364
61.89084895259096
88.27232635060639
55.2954796030871
0.8743109151047409
0.02345488415873516
0.041773350863069714
0.018875267482651517
