1.0
1.0
1.0
40.0
30.0
1.0
223.90166666666667
123.0
255.0
1.0
1.0
1.0
40.0
30.0
1.0
0.0
0.0
0.0
40.0
30.0
1.0
910.0
2.0
20.86043956043956
13.17032967032967
0.0
20.86043956043956
13.17032967032967
0.0
0.7083391569616949
0.0
0.0
49.347659898350166
40.0
30.0
49.4064773081425
49.4064773081425
850.5833333333334
34.954879810429794
0.22421019635278963
1936.3031172293315
2.2764414036202583
910.0
222.0
255.0
52193474.0
1.3109040776480843
18.0
2.5735742781601108
255.0
9.98298273155416
239.17142857142858
240.0
208.0
47.0
8.219355734067197
239.49001218018662
-0.5020625145997788
52193474.0
0.462654268808115
152.49368916797496
4.915660760922032
2.1623429943517563
3.3006051291780567
0.3177380355895181
1.1478993171563454
0.1885787278911471
0.7175098894541727
0.18732402274685606
0.6939870756032822
0.1523299073162948
0.3627417756489805
1.9499843145821978
-0.43842281896017393
0.8132106770856015
0.906463459141001
0.9812000366790833
0.9065471061506204
0.9532317295705004
0.1862261557456013
0.5463871937381368
1.7575112545951177
0.3341195112618731
93.2227807925115
0.3776089848017046
0.4984997614864905
3.872960967095336
31.54453457195998
169.68746785429275
7.300162274050637
0.48487568282252996
4.019029927350296
55.89597316954678
0.22002905596985167
0.2714285714285714
16.54909392375478
0.4712180682420131
1.3078629441467964
0.3196261565254885
19.424242424242426
0.588613406795225
0.7346189164370982
3.0303030303030303
10580.363636363636
47017.57575757576
2543.855218855219
0.7617845117845118
5.303030303030303
0.16069788797061524
0.36506584543051435
1.240588503485162
0.26778551011484675
3.543612681924192
0.03626373626373627
9819.941230486682
3.602173142006914
194.7912087912088
0.21405627339693273
5.082700156985871
421.0153846153846
0.36616833715734814
4.892307692307693
51.71208791208791
277.8945054945055
11.91862026862027
0.3101953601953602
0.04815382954158464
0.17441808563067066
0.027712733256147842
