1.0
1.0
1.0
40.0
30.0
1.0
215.42333333333335
99.0
255.0
1.0
1.0
1.0
40.0
30.0
1.0
0.0
0.0
0.0
40.0
30.0
1.0
812.0
1.0
20.34729064039409
12.726600985221674
0.0
20.34729064039409
12.726600985221674
0.0
0.8075620866134535
0.0
0.0
44.99884824507248
40.0
30.0
49.4064773081425
49.4064773081425
761.6666666666666
36.33936378399287
0.23444430755281626
1720.366849436446
2.258687329675859
812.0
218.0
255.0
47468577.0
1.4549971044704288
20.0
3.0442200938624575
255.0
11.738063893809606
241.35591133004925
245.0
202.0
53.0
8.844318283615516
241.78262689852374
-0.9969722737541041
47468577.0
0.38585321167706077
206.16273599213764
5.699190043565868
2.3180887903695897
4.768160066677526
-0.617084745119765
1.5213795118147
0.21909936139542605
0.7472727826694562
0.21770075999682464
0.7511615056493218
0.1696656749886127
0.281112805335238
2.1969163061942805
-0.41531949131082635
0.8216925951114066
0.8912894801414478
0.978154614694239
0.8913827202346879
0.9456447400707239
0.21647698377304841
0.37249986917985534
1.9740510667758535
0.4351197183025316
84.39968699635932
0.3546702231101989
0.5558614429472254
4.1448210898093745
34.137761141269166
235.4452132425551
6.718821032853798
0.4715271629594727
3.919384013447355
57.10252539376752
0.23127116380498308
0.29402709359605916
20.56345134902867
0.4768224812708284
1.437926577730197
0.30411121705910227
9.869565217391305
0.42911153119092627
0.8015122873345935
3.8260869565217392
9176.434782608696
53847.86956521739
1979.1557971014495
0.6316425120772947
2.4782608695652173
0.10775047258979206
0.2695577444861082
0.40193617550239896
0.25013873795741587
3.75792541369019
0.02832512315270936
7930.037807183366
3.754713293207576
167.59113300492612
0.20639302094202722
4.900573903758888
313.3128078817734
0.48670648402048095
5.582512315270936
49.0935960591133
314.1884236453202
10.552510946907498
0.30456349206349204
0.043604495996993946
0.1636903371433412
0.024464165489043236
