1.0
1.0
1.0
40.0
30.0
1.0
239.5825
145.0
255.0
1.0
1.0
1.0
40.0
30.0
1.0
0.0
0.0
0.0
40.0
30.0
1.0
1084.0
1.0
20.512915129151292
15.044280442804428
0.0
20.512915129151292
15.044280442804428
0.0
0.7403836299410973
0.0
0.0
45.407660899704005
40.0
30.0
49.4064773081425
49.4064773081425
1041.4166666666667
33.619088804057284
0.2211451304010527
2246.758670324956
2.157406100976192
1084.0
232.0
255.0
65079254.0
1.1309173757338888
15.0
2.8738089097962245
255.0
7.3092073909668995
244.85977859778598
246.0
219.0
36.0
6.010787188538742
245.0228809256837
-0.7174069450748023
65079254.0
0.49900600482019586
79.90100216500318
5.694475630242655
2.3467119552484172
1.6574651641892468
0.2027086995848298
0.9207302397439034
0.17113130610274385
0.6867716930563225
0.16910906141113619
0.6545738858266886
0.14117680609115268
0.37534174731331366
1.778819977019156
-0.37436542817690915
0.7405904368995659
0.9156476937635928
0.9829802037601075
0.9157825100763666
0.9578238468817963
0.16733959730597947
0.5232631293398768
1.6022584697560198
0.2729653864616618
99.69271925967843
0.4167222687968477
0.41975029805228026
5.395283682121969
43.42134216687042
252.94133163970224
8.826727957508059
0.2923019712422661
4.4255355571276045
33.602649186310416
0.1351682735261273
0.21932656826568267
20.113944991700006
0.3149135754460964
1.4641541802902374
0.14045349534437065
10.272727272727273
0.4669421487603306
0.9359504132231404
4.409090909090909
22483.81818181818
103853.81818181818
5242.631313131314
0.6022727272727273
4.454545454545454
0.2024793388429752
0.4320953190568204
0.912860644877476
0.37867690577761537
3.368522527728202
0.02029520295202952
20056.016528925622
3.4146142081897266
274.16051660516604
0.2529156057243229
3.766353263163628
540.9225092250922
0.28634209773832053
5.699261992619927
56.2619926199262
325.9778597785978
11.46730217302173
0.22493849938499386
0.03456363515236626
0.15847175155425022
0.015054856017211753
