1.0
1.0
1.0
40.0
30.0
1.0
223.17916666666667
95.0
255.0
1.0
1.0
1.0
40.0
30.0
1.0
0.0
0.0
0.0
40.0
30.0
1.0
939.0
1.0
18.230031948881788
13.397231096911607
0.0
18.230031948881788
13.397231096911607
0.0
0.7399833902223673
0.0
0.0
45.64835506049808
40.0
30.0
49.4064773081425
49.4064773081425
890.25
33.779024535741726
0.22711302262683405
1970.5316227349974
2.2134587169165933
939.0
220.8
255.0
54398420.0
1.3524818658809794
18.0
3.5058373270876375
255.0
10.211082644056338
240.33439829605965
242.0
201.0
54.0
7.6973355274675255
240.6912746026776
-0.9917547564936974
54398420.0
0.43924438682984757
171.66666553252108
5.1557882598766085
2.2099221887077487
4.000143571855567
-0.0612198332191915
1.272253410480229
0.18443893438010026
0.7465059114303692
0.17910967182122736
0.6869807709039367
0.15162704181816203
0.33350809810060555
2.049271481289551
-0.4258716290039417
0.815522427021923
0.9109780903452736
0.9818020725262456
0.9113333745158652
0.9554890451726368
0.1744465670822136
0.5047908231331596
1.8516220725825536
0.36417308621508226
85.86361862015777
0.3739605104906128
0.5037806141076783
4.13125037829975
38.20450890590831
208.95001242287566
8.93892447584468
0.44933099282396555
4.286083616279898
41.9729570593174
0.17859230293723488
0.2441427050053248
20.089777850518374
0.39684048933997995
1.3156358316742
0.2379969991816328
7.444444444444445
0.41358024691358025
0.8765432098765433
4.444444444444445
19225.277777777777
88591.88888888889
4642.20524691358
0.5709876543209877
2.111111111111111
0.11728395061728394
0.1349891079392977
0.40626692123064917
0.0990600137143334
3.9477027792200845
0.019169329073482427
16503.916666666668
3.665948847095581
218.92545260915867
0.23314744686811362
4.261915050225638
412.4504792332268
0.3919471125219882
5.0564430244941425
53.92012779552716
295.5548455804047
13.15764406579103
0.3065613536859543
0.03343771155367838
0.14091157029411377
0.015350313386956523
