1.0
1.0
1.0
40.0
30.0
1.0
241.26166666666666
142.0
255.0
1.0
1.0
1.0
40.0
30.0
1.0
0.0
0.0
0.0
40.0
30.0
1.0
1014.0
1.0
20.104536489151872
14.702169625246547
0.0
20.104536489151872
14.702169625246547
0.0
0.7262574137849902
0.0
0.0
46.3879597941935
40.0
30.0
49.4064773081425
49.4064773081425
965.25
33.68959971089308
0.22247376295786575
2123.074320696573
2.1995071957488452
1014.0
237.0
255.0
62125377.0
0.9995958601528554
11.0
2.631845781463885
255.0
5.873539675314822
247.42307692307693
249.0
228.0
27.0
4.6155954780726764
247.52298918992312
-0.7789347202475511
62125377.0
0.5002801022373166
49.451183431952664
2.4471469272094746
1.5123945327261703
0.8204735744124099
-0.0350570696249588
0.819211094137761
0.1800733419380734
0.6395590070157064
0.1800733419380734
0.6738091516322251
0.14632334663420526
0.3540344353278775
1.6731583002325825
-0.32594941952932127
0.6844211427708107
0.9099633290309633
0.9639853316123853
0.9099633290309633
0.9399755526873088
0.1800733419380734
0.4223578617571337
1.4930849582945094
0.24982110901895863
127.73903011988095
0.5182669682796909
0.24086651586015456
2.2135704871320234
35.19233915024785
93.55122233857934
20.60261835316497
0.696607378216994
4.0943228367601066
40.03660153437352
0.1561823878433271
0.2430966469428008
16.219187291925536
0.36293405417371355
0.6966522767444148
0.2795044985310382
9.526315789473685
0.5013850415512465
0.2493074792243767
2.5789473684210527
16298.0
47173.21052631579
8579.197368421053
0.6052631578947368
2.0526315789473686
0.10803324099722991
0.2507638337614282
0.8229670792164967
0.1077130223976611
3.892407118592871
0.01873767258382643
13449.81163434903
3.5674790193208494
208.76134122287968
0.20587903473656774
3.8667724830674306
507.28402366863907
0.2498599488813417
2.464497041420118
53.64299802761341
138.45069033530572
32.441074950690336
0.6338757396449705
0.033685400953792285
0.07894272155680884
0.022371070803038143
