1.0
1.0
1.0
40.0
30.0
1.0
218.0125
117.0
255.0
1.0
1.0
1.0
40.0
30.0
1.0
0.0
0.0
0.0
40.0
30.0
1.0
788.0
1.0
23.09517766497462
15.647208121827411
0.0
23.09517766497462
15.647208121827411
0.0
0.729492059275217
0.0
0.0
45.7079458244906
40.0
30.0
45.17742799230607
45.17742799230607
744.25
33.34358352474771
0.23939950576080035
1658.9760025067537
2.2290574437443786
788.0
230.0
252.0
46430965.0
1.089588647052399
9.0
5.790528855770998
255.0
6.839064392280145
242.5444162436548
244.0
207.0
48.0
4.0382080078125
242.73966387107743
-1.630541760270559
46430965.0
0.5640605271972995
94.75056526836555
4.887110500704409
2.181343714006445
1.7298294863735901
0.35673482079077234
0.736485915780338
0.22130804902511605
0.5375841803856662
0.21496470410284887
0.7613358266982224
0.1735916934020148
0.4257363023953552
1.7984515832542072
-0.24000033268235788
0.6107261452642078
0.8931519824408024
0.9781619648631315
0.8935748721022868
0.9465759912204013
0.2094142772958651
0.6232996512185223
1.5594454399175546
0.23944849120136352
87.05696951520792
0.39180486805315023
0.4694331570552107
4.6459011452069205
30.693346372129007
138.55806400152443
7.54298544390275
0.3757986897837899
3.9531169858689044
46.18510985095236
0.20304778699638606
0.2807741116751269
16.70473240412469
0.4363056094530827
1.5980561083834548
0.24449463427631482
15.6
0.52
0.7733333333333333
3.3333333333333335
10835.533333333333
44620.566666666666
2679.237962962963
0.712962962962963
5.266666666666667
0.17555555555555555
0.371718797635623
0.9923388702315946
0.29928874575158937
3.426678197056291
0.03807106598984772
10145.595555555556
3.417580811423309
158.87817258883248
0.20162204643252854
4.680505810507872
444.47969543147207
0.2631525548197583
4.846446700507614
50.29441624365482
245.0748730964467
11.623272701635646
0.2738649182177101
0.047589050308034474
0.17727475878253163
0.025844016313035945
