1.0
1.0
1.0
40.0
30.0
1.0
246.88083333333333
196.0
255.0
1.0
1.0
1.0
40.0
30.0
1.0
0.0
0.0
0.0
40.0
30.0
1.0
1082.0
2.0
20.457486136783732
15.208872458410351
0.0
20.457486136783732
15.208872458410351
0.0
0.755152012416274
0.0
0.0
45.811941450306406
40.0
30.0
49.4064773081425
49.4064773081425
1034.8333333333333
34.59497977889541
0.21950783883725658
2253.9677450143477
2.178097353855063
1082.0
242.10000000000002
255.0
67226257.0
0.9997535239379853
8.0
2.2117761961932896
255.0
3.924786713179195
249.21903881700555
250.0
238.0
17.0
3.294509833331397
249.261862246163
-0.44057724035191015
67226257.0
0.5001708344579935
21.346661553021885
2.4964731779449125
1.5272673364590141
0.8321120514506035
-0.08004230745971219
0.8262996742182366
0.1706576628642598
0.657585751233549
0.1706576628642598
0.6544344385431067
0.14058517266532009
0.3609361587934317
1.6517518064497314
-0.3445670067197423
0.699783980854708
0.9146711685678701
0.965868467427148
0.9146711685678701
0.94311411237858
0.1706576628642598
0.44193850502688414
1.4810941435854719
0.2492393342706241
125.57787802341346
0.5099063052443507
0.2450468473778247
2.288905124382776
35.98585170437513
93.52707628220085
21.6005455599187
0.677773718904306
4.190505887353035
33.31428600986898
0.13060288627691813
0.22758780036968576
14.49778892028245
0.2878897718776032
0.546837635369829
0.22315280600454673
7.533333333333333
0.5022222222222222
0.24888888888888888
2.4
16518.4
44382.2
9552.45
0.65
1.6666666666666667
0.1111111111111111
0.1903952754932304
0.43682037319370537
0.1287890010681117
3.640223928941848
0.013863216266173753
11315.182222222222
3.4528406372651337
244.1090573012939
0.22560911025997588
3.3689614289960748
541.184842883549
0.24991458277100323
2.5277264325323476
54.91127541589649
144.58133086876154
32.49376155268022
0.6180683918669131
0.028256446447956877
0.06604812586361306
0.01880852659404283
