1.0
1.0
1.0
40.0
30.0
1.0
209.78916666666666
157.0
255.0
1.0
1.0
1.0
40.0
30.0
1.0
0.0
0.0
0.0
40.0
30.0
1.0
549.0
6.0
19.44808743169399
12.681238615664846
0.0
19.44808743169399
12.681238615664846
0.0
0.7543409375610949
0.0
0.0
47.73374961039254
40.0
30.0
47.70744176750625
47.70744176750625
478.8333333333333
36.00752143441006
0.23986383536634237
1233.9823120815681
2.577060171419913
549.0
214.0
248.0
29452488.0
1.2387152705803501
22.0
1.8060015192181886
255.0
10.71487486770117
231.29326047358833
231.0
212.0
43.0
9.10469892611763
231.61934100088243
0.06559781275807344
29452488.0
0.46785179876642746
150.94678517987663
3.39987151189946
1.8073946278692588
2.343231719027524
0.029029776036830407
0.8864879246619248
0.3539519549342611
0.42968917455152267
0.3479819361209143
0.9459836815792712
0.2305209521998341
0.29056369021437345
2.23695861157584
-0.1315155481881156
0.5065333500688053
0.8266060338208775
0.9648803438364206
0.8270040350751007
0.9133030169104388
0.3427581696592359
0.4817250634566609
1.8678278670722026
0.3101099698990465
114.26879448420387
0.43381245216427555
0.4065612274644097
2.889118751730985
8.079588897708534
28.789202600116703
3.2147026203217797
0.6181768316097385
3.1477361250681195
93.38440910095215
0.3474346991983148
0.48041894353369763
3.5278831493611533
0.5971083625550868
1.4754690778816508
0.4336571484007899
24.877551020408163
0.5077051228654728
0.534777176176593
2.693877551020408
541.2857142857143
1972.9795918367347
188.91780045351476
0.7352607709750567
6.591836734693878
0.13452728029987504
0.3460850081667992
0.7694750430952504
0.28944610535962967
3.9701573376255865
0.08925318761384335
415.7542690545606
3.8975657528057805
72.65391621129326
0.1323386451936125
4.430834668763541
256.8506375227687
0.33400685465542584
3.2531876138433518
31.02185792349727
114.18579234972678
11.548421372191864
0.5075389597247522
0.08706709150974698
0.2168876965884512
0.06346245339277855
