1.0
1.0
1.0
40.0
30.0
1.0
215.285
147.0
255.0
1.0
1.0
1.0
40.0
30.0
1.0
0.0
0.0
0.0
40.0
30.0
1.0
641.0
2.0
22.750390015600622
13.40405616224649
0.0
22.750390015600622
13.40405616224649
0.0
0.7364174349185342
0.0
0.0
49.285767516028045
40.0
30.0
49.4064773081425
49.4064773081425
576.0
36.29489849214459
0.23710912444756324
1411.9441333807044
2.4512918982303895
641.0
220.0
255.0
36956249.0
1.5089537771527368
24.0
1.7661627058106015
255.0
11.678374030437034
239.74882995319814
242.0
214.0
41.0
10.178970193210137
240.11258734640316
-0.40369046663802544
36956249.0
0.36641509342120954
174.55313825657552
5.285002848965053
2.2347885774779566
4.673777075492538
-0.4211373986311913
1.5277700908898502
0.36537805943137885
0.6135473297032589
0.3565466418068578
0.9577072453584745
0.23496152331404632
0.20784895538417897
2.534578691908191
-0.2494467706860662
0.7079213986985278
0.8226098208590232
0.9638697979472245
0.8231985820339912
0.9113049104295117
0.3488191513854018
0.3006048191399155
2.1541775364396503
0.47328703758030727
103.40930883938033
0.3528413589694867
0.5566732243033201
4.288689394096627
9.284676664513693
59.686153456951494
2.2594465571702598
0.4526382975947707
3.4201368104398275
91.98225771632445
0.3064625442862186
0.45748829953198134
4.194360838208054
0.5425386642991992
1.7375468600026847
0.3223639032895666
31.64
0.6328
0.4644
2.26
1450.3
9341.9
279.7555555555556
0.8183333333333332
10.24
0.2048
0.4523474071940242
0.5073365238127225
0.4461053925280464
3.2820552627317086
0.078003120124805
1285.9476
4.053657599412897
96.80967238689547
0.15102913008876048
3.8905765903023015
234.87207488299532
0.5248819001121978
5.1934477379095165
32.407176287051485
200.09204368174727
7.819986132778645
0.3468538741549662
0.08403803448056289
0.23456781426963805
0.059087930370221434
