1.0
1.0
1.0
40.0
30.0
1.0
218.32666666666665
141.0
255.0
1.0
1.0
1.0
40.0
30.0
1.0
0.0
0.0
0.0
40.0
30.0
1.0
686.0
1.0
19.599125364431487
15.880466472303207
0.0
19.599125364431487
15.880466472303207
0.0
0.7367625739752899
0.0
0.0
48.6346952983633
40.0
30.0
48.60041152089147
48.60041152089147
627.25
35.83222329252607
0.23721827643472312
1493.8136550377503
2.3815283460147474
686.0
221.5
255.0
40307279.0
1.4685749313421843
22.0
2.022030157541781
255.0
11.298774320223716
242.05393586005832
246.5
215.0
40.0
9.185723779778247
242.39836317991754
-0.6470110160278814
40307279.0
0.38054297104097784
166.85860695798516
5.860144632074904
2.366858327983774
4.3064288624686204
-0.8156041476567193
1.4170918125315737
0.38520933420212944
0.5729452182817674
0.367623703458604
0.9865410230197582
0.24692585580606374
0.225632228495002
2.4698574186761433
-0.21644337576224298
0.6587964162377336
0.8179467113450505
0.962290711075642
0.8191190867279523
0.9089733556725254
0.3522362765580192
0.3642662562016669
2.066246640195904
0.4505752866834257
112.02221915772209
0.3632742935724517
0.5266744871479802
4.413377650030521
10.041501041167948
70.21729079465268
2.0667994066284234
0.42449442896862927
3.397093377606483
108.00616550835002
0.3437250911103735
0.44897959183673464
4.813983724682821
0.5968035937232802
2.082194532962531
0.31817720746297606
28.772727272727273
0.6539256198347108
0.44421487603305787
2.1818181818181817
2317.0
13352.15909090909
474.72537878787875
0.8308080808080809
7.590909090909091
0.1725206611570248
0.40137608209038567
0.4732250272570257
0.3925880385081191
3.405390790343084
0.0641399416909621
2073.9235537190084
3.960314328870055
91.88338192419825
0.13394078997696537
4.847980008329863
261.0524781341108
0.5089057280554871
5.660349854227405
34.096209912536445
241.09766763848395
6.469590217039197
0.30786362163913183
0.07814974282283911
0.25121077058941493
0.049528755717649565
