1.0
1.0
1.0
40.0
30.0
1.0
223.45666666666668
143.0
255.0
1.0
1.0
1.0
40.0
30.0
1.0
0.0
0.0
0.0
40.0
30.0
1.0
749.0
2.0
19.457943925233646
13.81708945260347
0.0
19.457943925233646
13.81708945260347
0.0
0.7566574136098937
0.0
0.0
43.700589311323995
40.0
30.0
47.80167361086848
47.80167361086848
696.8333333333334
33.06637488153458
0.23725227955022266
1602.112499397423
2.299132981675326
749.0
223.0
254.0
43567811.0
1.3320621136571829
18.0
2.0285549957550875
255.0
9.572884896818367
240.91989319092121
243.0
218.0
37.0
7.706595916210323
241.18037225822673
-0.4638182425673978
43567811.0
0.4467460842315789
125.57702749192958
5.258791286702306
2.2492783973441357
2.6588241824461543
0.0789211636196922
1.0805199694679228
0.2826631849122755
0.585354211538992
0.27956238742742
0.8604447674167455
0.20310891897907615
0.29024212918257186
2.1953968990506136
-0.2518222884048166
0.6786066282737121
0.8605288860347755
0.9718767952388426
0.8607356058670992
0.9302644430173878
0.27684918962817145
0.45875991524681603
1.904372667100262
0.3407957885950496
102.55283775919581
0.3794272443726257
0.49193599020799583
4.277613411843163
16.567600136234326
95.61283134727161
3.6508344373639057
0.4257671481422751
3.6903606527946957
74.4184970245362
0.2701640151318474
0.36014686248331107
8.45180299048606
0.5214188133700971
1.756904335446979
0.3014406640518177
31.5
0.65625
0.5677083333333333
2.4583333333333335
4549.895833333333
20982.791666666668
1066.1626157407406
0.8206018518518517
12.5
0.2604166666666667
0.5199166475085372
0.6021305835534152
0.5102391855482385
2.900329519217317
0.06408544726301736
4306.405815972222
3.961015220916277
105.00534045393859
0.140194045999918
5.284946016139009
334.6128170894526
0.3801561851048394
5.116154873164219
42.72496662216288
243.10280373831776
9.191848390446522
0.2973223557335707
0.0734560198009877
0.21017641540866955
0.05012828696265848
