1.0
1.0
1.0
40.0
30.0
1.0
212.64416666666668
156.0
255.0
1.0
1.0
1.0
40.0
30.0
1.0
0.0
0.0
0.0
40.0
30.0
1.0
631.0
1.0
17.564183835182252
14.952456418383518
0.0
17.564183835182252
14.952456418383518
0.0
0.744981514860591
0.0
0.0
46.948681154374654
40.0
30.0
47.80167361086848
47.80167361086848
564.1666666666666
34.97589960709291
0.2360734066202258
1398.6487852742919
2.479141126040104
631.0
216.0
250.0
34488384.0
1.2973096538622875
20.0
1.8923365318810852
255.0
10.419217351774785
233.47385103011092
234.0
212.0
43.0
8.4422763503254
233.78774558165392
-0.04569227048414344
34488384.0
0.46565334123633406
146.67086932170653
3.804605139427795
1.9119162840754602
2.7679555065728394
-0.02875747752029409
0.9797828175190886
0.3831097446466746
0.43872180006323946
0.37010765175445853
0.982135620010617
0.24405787726343292
0.2724919214318799
2.364412984487773
-0.13097755845165135
0.5180852553932804
0.8162463834119924
0.962289122130358
0.8171131896048067
0.9081231917059962
0.3587308204737695
0.47295234511958606
1.958218880163768
0.3407231405414408
116.19478714339475
0.3889129488064495
0.4751331911655925
3.634778852151336
8.221400248275113
31.158765105608765
3.0501862260619093
0.5096485935951582
3.3593801126300455
106.40500814335314
0.3506948512988026
0.4734548335974643
3.5767213905909045
0.6050656538052719
2.0367643399544644
0.35648438861058923
31.75
0.5669642857142857
0.7139668367346939
3.017857142857143
1493.625
5848.821428571428
414.5877976190476
0.7534722222222222
8.75
0.15625
0.35964569993636075
0.6154885310773276
0.33114372903358513
3.611961076311791
0.08874801901743265
1366.6603954081631
4.070071284319989
79.47226624405705
0.12594653921403653
4.721939115081588
293.82725832012676
0.359397329221094
3.762282091917591
31.89064976228209
122.06022187004754
11.521174502553267
0.43621236133122027
0.08861566577385195
0.25513452388938196
0.05999169824060399
