1.0
1.0
1.0
40.0
30.0
1.0
217.81
131.0
255.0
1.0
1.0
1.0
40.0
30.0
1.0
0.0
0.0
0.0
40.0
30.0
1.0
775.0
1.0
19.491612903225807
14.224516129032258
0.0
19.491612903225807
14.224516129032258
0.0
0.7137985670383784
0.0
0.0
45.62255710758126
40.0
30.0
49.4064773081425
49.4064773081425
720.5833333333334
32.56531588801809
0.23344778458525547
1665.0112653761742
2.3106435971451473
775.0
219.0
255.0
45659189.0
1.4586868511909596
24.0
2.380566448457471
255.0
12.417281997918833
242.30064516129033
249.0
208.0
47.0
9.66350850978235
242.72429334667999
-0.8532287079183449
45659189.0
0.38780437044745053
205.47993506763794
6.078159224253849
2.399352462765117
5.918038609450817
-1.370341676718875
1.6283520588593392
0.3433221279189924
0.6522262409103601
0.31947420544844957
0.9544246739469111
0.2393294932604982
0.2546128531616302
2.411381999969273
-0.27101840577968433
0.7209561878573432
0.8426476895228294
0.9667684605528951
0.8442375510208657
0.9213238447614148
0.29860727328672454
0.43313281646708296
2.044198452007785
0.4929185466945829
106.00029359241
0.3524577986488264
0.5553246060101518
4.5238844829638385
14.362788679060534
105.44409055311759
2.931003561234048
0.4242752328333216
3.6019061948030955
94.72328487744836
0.3106296973981631
0.38806451612903226
7.408287193101689
0.5720220634374847
1.9539505111256892
0.3061392305656101
27.595744680851062
0.5871435038478949
0.4916251697600724
2.404255319148936
2919.3829787234044
18741.72340425532
566.3983451536643
0.7907801418439716
11.170212765957446
0.23766410140334993
0.48905366102235553
0.6530111631467048
0.4547677662176039
3.1326731445671667
0.06064516129032258
2647.4839293798095
4.053889093827592
106.71870967741935
0.1377015608740895
5.523269927159209
300.5483870967742
0.5433506763787721
5.967741935483871
40.28
289.0335483870968
8.45146953405018
0.30286738351254483
0.07618476539958875
0.24742684981997579
0.04778851176704586
