1.0
1.0
1.0
40.0
30.0
1.0
210.42333333333335
132.0
255.0
1.0
1.0
1.0
40.0
30.0
1.0
0.0
0.0
0.0
40.0
30.0
1.0
650.0
1.0
19.924615384615386
15.86923076923077
0.0
19.924615384615386
15.86923076923077
0.0
0.6693409253076972
0.0
0.0
45.57639226269254
40.0
30.0
49.4064773081425
49.4064773081425
588.6666666666666
30.506144569297202
0.23862108619904004
1423.4916890463426
2.4181625521738552
650.0
213.0
253.0
35033138.0
1.489823686713335
26.75
1.6554148536396978
255.0
13.007810650887572
231.69230769230768
230.0
209.0
46.0
11.098017375807531
232.15756585693128
0.13271571597214116
35033138.0
0.37270059171597636
215.80994082840238
3.7884752845027574
1.8556850696256955
6.0857505417291025
0.6197347940768307
1.7366148512003994
0.35750165932320416
0.6592647375938334
0.3508710338532962
0.9463425544281889
0.23109774285653906
0.18699922707184807
2.615518842439289
-0.26881081651885363
0.7385540650889479
0.8252275456203427
0.9645558629355215
0.8256695873183366
0.9126137728101713
0.3450692365671267
0.2833939601467287
2.246129186161475
0.5235291276309009
114.29922314894922
0.3937614048561201
0.4818577522242461
3.333463227630459
8.952853464544418
34.86981522432076
4.444072430172755
0.5654309114606236
3.528552521143477
92.02455585212843
0.3076828756365304
0.4469230769230769
3.5550647178193167
0.555178644817696
1.5985416779244164
0.3488329620736235
14.705882352941176
0.43252595155709345
0.698961937716263
3.411764705882353
2347.6470588235293
7095.676470588235
1299.2671568627452
0.6584967320261438
5.882352941176471
0.17301038062283736
0.38484267784016113
0.8117452272297231
0.3245447495650327
3.8529284750433592
0.052307692307692305
1982.1626297577855
4.3894357428439355
88.79384615384615
0.1366059171597633
4.025855621301775
242.25538461538463
0.5196236686390532
3.666153846153846
33.45230769230769
134.69384615384615
16.32311965811966
0.5249145299145299
0.07105308932689886
0.20318643356202878
0.0475564325647163
