1.0
1.0
1.0
40.0
30.0
1.0
218.76166666666666
134.0
255.0
1.0
1.0
1.0
40.0
30.0
1.0
0.0
0.0
0.0
40.0
30.0
1.0
790.0
2.0
19.19240506329114
13.40886075949367
0.0
19.19240506329114
13.40886075949367
0.0
0.753344135377699
0.0
0.0
46.191770924618446
40.0
30.0
49.4064773081425
49.4064773081425
726.9166666666666
34.79829972877142
0.22833003832649335
1712.2906789195674
2.3555529229662744
790.0
219.0
255.0
46182181.0
1.4654428999108169
21.0
2.4604048715990645
255.0
11.424191635955777
241.40632911392404
246.0
209.0
46.0
8.926429654261826
241.7818375354636
-0.8298741083528632
46182181.0
0.3822880948565935
181.44122576510176
5.682866845735096
2.3328018997124893
4.089060974287572
-0.6445846039094835
1.3723441637059985
0.4094010694646123
0.5408549199541228
0.38021968462777106
1.025890898825761
0.262609611928355
0.21449330429272273
2.52681980797525
-0.18605852514219692
0.625101739123228
0.8128082961697987
0.9604067261998546
0.814753721825588
0.9064041480848993
0.35468597289553494
0.3266220777246816
2.0858970281101064
0.4454363082926527
130.6884075146067
0.36828815245298413
0.5144875451226281
4.403075588660836
9.134850506159234
60.06810095536271
2.043491201422145
0.4204312279859527
3.4227772668488305
117.86813784116715
0.3277563349017134
0.4487341772151899
3.978672645696741
0.5839132520157044
2.001163639808077
0.31362153570941786
35.983050847457626
0.6098822177535191
0.46653260557311116
2.305084745762712
1785.864406779661
11561.593220338984
335.20903954802264
0.8055555555555556
13.338983050847459
0.22608445848893996
0.46511179059417945
0.8029836299116941
0.42472000350858674
3.2734244368573013
0.07468354430379746
1606.5768457339846
4.123844569032317
100.04810126582278
0.12664316615926935
4.867239224483256
302.00759493670887
0.4927351385995834
5.50126582278481
34.13670886075949
228.04303797468356
7.098945147679324
0.3120956399437412
0.08665804546150388
0.27395593300611387
0.05534148935300796
