1.0
1.0
1.0
40.0
30.0
1.0
194.85416666666666
113.0
253.0
1.0
1.0
1.0
40.0
30.0
1.0
0.0
0.0
0.0
40.0
30.0
1.0
707.0
1.0
20.19094766619519
10.472418670438472
0.0
20.19094766619519
10.472418670438472
0.0
0.6870889544952101
0.0
0.0
45.062333107641784
40.0
30.0
49.4064773081425
49.4064773081425
666.6666666666666
30.961831342044487
0.24758425752247962
1490.6199344895624
2.2359299017343437
707.0
212.0
246.0
38932398.0
1.0289904773006808
12.0
5.09556781690537
253.0
10.404866269613422
234.23196605374824
239.0
187.0
66.0
5.920177626709792
234.6636763932321
-1.6336538710491444
38932398.0
0.6440485026477996
202.42709698328898
8.344560642538397
2.867482324165783
4.030243850519115
-1.0443436905782209
0.7505980265509845
0.26276338417644973
0.4746714705083989
0.21551682187599547
0.803605979164771
0.21538438343380717
0.573352540684078
1.5997450754657996
-0.209217447152689
0.5473341191859822
0.8969662452920477
0.9854027099049796
0.900015209660465
0.9584600002974889
0.1751281407949976
0.7519600256206533
1.3398318642605804
0.2533403526818585
60.232820480406644
0.31989986319076574
0.7390891952164482
6.2535631467362025
44.56816732187179
396.31832022096853
5.350247371691752
0.3236289711195644
3.797579753485505
63.647833130079285
0.33419862228954644
0.2659123055162659
29.7440250993026
0.5941733583518407
2.8016991155702233
0.2647718859764918
19.901960784313726
0.3902345251826221
0.8565936178392926
3.9019607843137254
6104.803921568628
54881.294117647056
682.1934912854031
0.593818082788671
16.45098039215686
0.3225682429834679
0.5846622892018545
1.5149929268574178
0.4439749650610313
3.359712853695525
0.07213578500707214
5912.628219915417
2.9810938436900547
186.55869872701555
0.263873689854336
6.634431598342699
455.34229137199435
0.3350491848538259
8.178217821782178
53.86845827439887
482.5374823196605
6.30354196133899
0.17545772434386298
0.07732104436148182
0.3440495369791271
0.041142663344514004
