1.0
1.0
1.0
40.0
30.0
1.0
198.56916666666666
91.0
253.0
1.0
1.0
1.0
40.0
30.0
1.0
0.0
0.0
0.0
40.0
30.0
1.0
786.0
1.0
16.33587786259542
13.217557251908397
0.0
16.33587786259542
13.217557251908397
0.0
0.6540975925824756
0.0
0.0
50.124458907201465
40.0
30.0
49.4064773081425
49.4064773081425
740.9166666666666
32.786287900699705
0.2395479621215905
1652.9937824775004
2.231011741056125
786.0
217.5
246.0
43406709.0
0.9136217984250254
12.0
6.301497028486075
253.0
9.44105173876166
234.61195928753182
238.0
183.0
70.0
5.20517006802721
234.99961832030073
-1.8145565153889986
43406709.0
0.6944849108767296
182.04916995254092
8.517467159840335
2.897977991502271
3.928153139830756
-0.9842427673618108
0.6715201176603232
0.1950169197838025
0.5464708238648528
0.16677514122716336
0.6800354179903705
0.16620555555276523
0.6268936724738392
1.416083234171634
-0.25713540859539336
0.57433204558826
0.9194366072420823
0.9890268008107758
0.9213193924791915
0.967586364373122
0.14206358499010413
0.7880387223421899
1.2211254813609567
0.21663425936103142
61.22267678033746
0.33870659266870407
0.7253263860461314
6.808839307985012
54.11955970206279
481.4358841479459
6.42510028379145
0.29030458189100794
4.0811467568170485
40.86103622358255
0.2227440304512094
0.22805343511450382
32.76360293550536
0.476129905499181
2.310903579422912
0.21287155736533242
12.529411764705882
0.3685121107266436
1.0666089965397925
4.5
12463.411764705883
111904.64705882352
1396.4628267973856
0.5712826797385621
9.058823529411764
0.2664359861591695
0.4984141584512348
1.734465806476028
0.3809479947837099
3.189541517339135
0.043256997455470736
11928.98615916955
2.743183785324474
235.75572519083968
0.29994367072625916
5.134568692578132
545.8651399491094
0.27771626880070444
8.399491094147583
56.6234096692112
505.97201017811705
6.6782937517670335
0.1606057393271134
0.05177581649001134
0.2788354397102352
0.024539806613565616
