1.0
1.0
1.0
40.0
30.0
1.0
252.665
235.0
255.0
1.0
1.0
1.0
40.0
30.0
1.0
0.0
0.0
0.0
40.0
30.0
1.0
987.0
2.0
19.79533941236069
13.82370820668693
0.0
19.79533941236069
13.82370820668693
0.0
0.7221275803318526
0.0
0.0
45.491977316963876
40.0
30.0
49.4064773081425
49.4064773081425
928.5833333333334
32.85101150441065
0.21912462709512726
2100.58466557518
2.2621390996053274
987.0
252.0
255.0
63610915.0
-3.203426503814917e-16
2.0
3.691836944854407
255.0
0.7984651533768841
253.86524822695034
254.0
251.0
4.0
0.6099028451903095
253.86758109994267
-1.089306207948208
63610915.0
1.0
1.1844762048474133
1.0
1.0
0.0
0.0
0.0
0.0
1.0
0.0
-3.203426503814917e-16
0.0
1.0
-3.203426503814917e-16
0.0
0.0
1.0
1.0
1.0
1.0
0.0
1.0
-3.203426503814917e-16
0.0
97.75
1.0
0.0
1.0
183.51992020492406
183.51992020492406
183.51992020492406
1.0
4.269551235704117
6.122397906531034
0.0609092378736297
0.09903748733535968
65.08013313559292
0.14561518490002814
0.14561518490002814
0.14561518490002814
2.0
1.0
0.0
1.0
474422.5
474422.5
474422.5
1.0
1.0
0.5
0.0029591069319880032
0.0029591069319880032
0.0029591069319880032
0.9999999999999993
0.002026342451874367
230880.25
1.522102403809498
503.97669706180346
0.5106146880058798
1.8565567165450756
987.0
0.0
1.0
69.22289766970619
69.22289766970619
69.22289766970619
1.0
0.0174183738563533
0.0174183738563533
0.0174183738563533
