1.0
1.0
1.0
40.0
30.0
1.0
248.4675
176.0
255.0
1.0
1.0
1.0
40.0
30.0
1.0
0.0
0.0
0.0
40.0
30.0
1.0
1102.0
1.0
20.66787658802178
14.266787658802178
0.0
20.66787658802178
14.266787658802178
0.0
0.7916761683681643
0.0
0.0
45.211917796260586
40.0
30.0
49.4064773081425
49.4064773081425
1059.9166666666667
35.793197845520005
0.22086137394469488
2276.209172786692
2.14753597558301
1102.0
247.0
255.0
70108804.0
0.6528241835873253
3.0
9.66048585015306
255.0
3.021916923857298
252.19056261343013
254.0
230.0
25.0
1.5246813215400605
252.22926942707676
-2.4912378386517005
70108804.0
0.7206119215681107
19.524484438457055
3.479707841946886
1.8426853139341817
0.9076081852359789
-0.5277664286979534
0.4335551427320625
0.09669619971131882
0.6345581821983819
0.09669619971131882
0.45580456158962057
0.08702131228672655
0.6478530164915828
1.0317155068221484
-0.3561108388488355
0.5956079607720629
0.9516519001443404
0.9806607600577362
0.9516519001443404
0.9677679334295604
0.09669619971131882
0.7943372140785223
0.9350193071108299
0.1325628356108453
83.70430669181411
0.5080542548670953
0.24597287256645234
2.6811142032261546
109.25137350226436
423.2755960439255
30.745317866849074
0.5797214491934614
4.354101828253542
17.049882435098688
0.10055268740101614
0.14927404718693285
57.54515343530669
0.22985148086468274
0.38824417236649855
0.1902533079892288
7.222222222222222
0.8024691358024691
0.09876543209876544
1.3333333333333333
94474.88888888889
374771.22222222225
24400.805555555555
0.9166666666666666
1.0
0.1111111111111111
0.04853435004627771
0.04853474645214498
0.04853425094481089
3.169925001442309
0.008166969147005444
79482.24691358024
2.384448591817449
427.6896551724138
0.3881031353651668
2.7844308813212075
794.1143375680581
0.13969403921594462
3.4963702359346644
63.71506352087114
235.63248638838476
20.73570780399274
0.37590744101633394
0.02125153712254546
0.06360417826974844
0.010663376835744717
