1.0
1.0
1.0
40.0
30.0
1.0
226.71083333333334
146.0
255.0
1.0
1.0
1.0
40.0
30.0
1.0
0.0
0.0
0.0
40.0
30.0
1.0
860.0
2.0
17.106976744186046
13.875581395348837
0.0
17.106976744186046
13.875581395348837
0.0
0.7323560027452439
0.0
0.0
44.22726112616883
40.0
30.0
49.4064773081425
49.4064773081425
811.9166666666666
32.39010017073112
0.23231413802542364
1811.6854156395002
2.231368673681002
860.0
229.0
253.0
50088517.0
0.9905638678925047
10.0
3.2921691089552647
255.0
6.774607896160087
241.17093023255813
242.0
216.0
39.0
4.7394347304633255
241.33475014574046
-0.629078850840859
50088517.0
0.6119091400757166
79.04403866955109
4.806311391798211
2.1636294444656343
1.5526512673472581
0.4625546277312029
0.6596149441847223
0.15963111623763238
0.6105344743910344
0.15897580824287486
0.6308397309921399
0.13377368062033398
0.5034209674695597
1.5510571730753437
-0.3143177391258586
0.6577451471196247
0.9205776266780383
0.9840671333606102
0.9206213138776889
0.9602888133390192
0.158402413747462
0.6892305778214513
1.3889860452783298
0.20481151510558868
82.5796920211457
0.408199508768349
0.4442829954872264
4.446986577137956
45.05811511589011
205.83168284876461
10.791427693107726
0.38597222882965015
4.118652245976476
41.60169725909968
0.2023648597637525
0.23372093023255813
25.1085281227605
0.4499233523095304
1.6713151647305973
0.2529299230839267
19.941176470588236
0.5865051903114187
0.6608996539792388
2.823529411764706
12671.470588235294
52444.117647058825
3121.9689542483657
0.7728758169934641
7.823529411764706
0.2301038062283737
0.4770242507407532
0.7956055270785917
0.44113610579393364
3.0370111703600107
0.03953488372093023
12031.678200692044
3.1755853917115457
226.66744186046512
0.2635667928610059
4.892341806381828
526.2418604651162
0.22608977825851814
4.744186046511628
55.73255813953488
268.16511627906976
12.851808785529714
0.2680878552971576
0.04862602978314495
0.16277581745445807
0.028886255705148356
