1.0
1.0
1.0
40.0
30.0
1.0
238.31833333333333
142.0
255.0
1.0
1.0
1.0
40.0
30.0
1.0
0.0
0.0
0.0
40.0
30.0
1.0
1068.0
2.0
18.70692883895131
15.818352059925093
0.0
18.70692883895131
15.818352059925093
0.0
0.726929399902309
0.0
0.0
44.76573245139686
40.0
30.0
49.4064773081425
49.4064773081425
1031.8333333333333
32.54152702708124
0.22456156329608912
2198.9823181265538
2.1311409964075794
1068.0
236.0
255.0
64369114.0
1.0672371782829715
11.0
4.9078332208727895
255.0
6.0481210284896685
245.37640449438203
246.0
214.0
41.0
4.825924232417146
245.5009286998918
-1.1013912751361727
64369114.0
0.5254457209387142
61.1261099187813
5.54886409603106
2.3220911849334596
1.3127861950160886
0.33257878640410005
0.8085365710711241
0.18152844747139
0.6335630116661051
0.18052542936273808
0.6808712009337485
0.14813030186666373
0.39222924925679864
1.7208116995885319
-0.3176166017026698
0.6861503974767078
0.909837587129496
0.9818934483963372
0.9099044550034062
0.9549187935647482
0.17964778851766763
0.5589752143400404
1.535505657326401
0.24751625463562849
101.9749157925876
0.4259536138834137
0.39889556594294295
5.670630632979885
41.2745424423407
216.48085850159816
8.99261486409434
0.2676949900336176
4.3708132865775156
34.215896751979635
0.14014743656644213
0.22284644194756553
19.36492077410216
0.3254278356153188
1.661159992204059
0.12850318811703806
9.0
0.375
0.8333333333333334
4.833333333333333
14616.75
76216.0
3164.4375
0.5046296296296297
2.75
0.11458333333333333
0.29234627368778926
0.7319988361017941
0.24129521449554073
3.85122748095295
0.02247191011235955
12636.499999999998
3.390790736836694
255.9063670411985
0.23961270322209596
3.7430739665306008
561.1760299625469
0.2614849415758392
5.584269662921348
55.831460674157306
307.4063670411985
11.712182688306283
0.22222222222222224
0.03306499375308453
0.1619130276260872
0.012887135692272624
