1.0
1.0
1.0
40.0
30.0
1.0
233.77083333333334
117.0
255.0
1.0
1.0
1.0
40.0
30.0
1.0
0.0
0.0
0.0
40.0
30.0
1.0
1004.0
1.0
22.131474103585656
13.957171314741036
0.0
22.131474103585656
13.957171314741036
0.0
0.8137244944874805
0.0
0.0
43.39855848039977
40.0
30.0
49.4064773081425
49.4064773081425
959.1666666666666
35.314470060948665
0.22543708661992815
2086.3547081987726
2.1751743265321695
1004.0
235.0
255.0
61216920.0
1.200616984839758
11.0
6.023275653231962
255.0
7.173540896176252
246.74701195219123
250.0
208.0
47.0
4.894246207380727
246.92717122351323
-1.6933217829516336
61216920.0
0.46476047999238107
88.93998111141094
6.506599060963454
2.5078693582102387
2.185773581219877
-0.4700277695568431
1.0420884471750307
0.17344539797326344
0.7147733448915911
0.1707411507026304
0.65760102885288
0.1422297629400467
0.3547307642013836
1.8313361886354942
-0.4007335183054154
0.7654036736779405
0.9148998493757481
0.9827802716151645
0.9150801325271236
0.957449924687874
0.16837493434082648
0.4663573945468431
1.6501013214528704
0.30388346128707355
90.43912076447288
0.39526118692530054
0.4602124271158539
5.4210017225862295
42.73881716223266
300.53314043807006
7.298608314575646
0.30619537301364375
4.413130106212915
35.05659569955345
0.14805678451397433
0.22634462151394424
20.913367197864396
0.33850058438663727
1.3517237386950218
0.16400409451687126
8.75
0.3645833333333333
0.6041666666666667
3.6666666666666665
12840.583333333334
99889.41666666667
1869.5324074074076
0.5648148148148148
2.8333333333333335
0.11805555555555555
0.24142458875409875
0.5772947313955847
0.18124544537552248
4.022055208874195
0.02390438247011952
11090.555555555557
3.521702979851187
234.91235059760956
0.2339764448183362
3.854625323407565
466.6195219123506
0.3311931556641958
6.472111553784861
55.5398406374502
381.32669322709165
9.727257636122179
0.20855467020805665
0.033721069520105514
0.16536014844000163
0.013490827717168058
