1.0
1.0
1.0
40.0
30.0
1.0
249.76166666666666
220.0
255.0
1.0
1.0
1.0
40.0
30.0
1.0
0.0
0.0
0.0
40.0
30.0
1.0
839.0
5.0
16.96066746126341
15.97854588796186
0.0
16.96066746126341
15.97854588796186
0.0
0.85009319655424
0.0
0.0
43.65734283972135
40.0
30.0
49.4064773081425
49.4064773081425
785.8333333333334
37.11281012768308
0.2325080409500999
1771.1952765611954
2.253907032739591
839.0
252.0
255.0
54267954.0
0.30655887749360383
0.0
10.304110715890875
255.0
1.13077177694656
254.31942789034565
255.0
247.0
8.0
0.3048807779947917
254.32598997662896
-2.8769231897847725
54267954.0
0.8963576878655417
3.3377751196512118
3.888151507528828
1.9699145489210723
0.1536605804791251
-0.09752887303249622
0.07352183402692837
0.04318427846877874
0.2543978814520845
0.04318427846877874
0.25628852677508396
0.041296164015897946
0.9003507797362484
0.36822088011897514
-0.10678322523511875
0.18895654225100683
0.9784078607656107
0.9913631443062443
0.9784078607656107
0.985605240510407
0.04318427846877874
0.9483224096866831
0.32503660165019665
0.02917652812392678
64.97185805252289
0.5517328770951082
0.2241335614524459
2.9342583118766794
137.87562168077747
549.7662391264424
34.90296731936121
0.5164354220308301
3.86672636717138
17.447375448340996
0.15406854317961266
0.13855780691299166
74.70379904701255
0.37850148102319875
0.5726205753956232
0.3299717074300927
25.0
0.78125
0.109375
1.375
12381.96875
49516.8125
3098.2578125
0.90625
13.1875
0.412109375
0.6594928742252325
0.7766832315948078
0.6301952848828388
2.021146483360871
0.03814064362336114
11694.5458984375
1.7203475450164756
417.77949940405244
0.49794934374738076
3.875005860032589
752.0441001191895
0.05182115606722913
3.835518474374255
66.15137067938022
263.55423122765194
16.800655542312278
0.29112038140643626
0.04479599963633535
0.09714936466795257
0.03170765837843105
