1.0
1.0
1.0
40.0
30.0
1.0
250.74833333333333
187.0
255.0
1.0
1.0
1.0
40.0
30.0
1.0
0.0
0.0
0.0
40.0
30.0
1.0
1125.0
1.0
19.052444444444443
14.126222222222221
0.0
19.052444444444443
14.126222222222221
0.0
0.7457197348236198
0.0
0.0
47.09910629801835
40.0
30.0
49.4064773081425
49.4064773081425
1083.5
35.12273305898772
0.21953121084833815
2323.8448472770824
2.144757588626749
1125.0
252.0
255.0
72539654.0
0.3431229071320197
0.0
21.560800536825404
255.0
1.7531543703703647
253.90577777777779
255.0
229.0
26.0
0.34413010356214
253.9285183756335
-4.15106256498829
72539654.0
0.8801920000000001
11.548455506172838
3.8178206664203
1.9456925592943548
0.47275863096674986
-0.26316489915002056
0.16691045953310701
0.03851402292552936
0.6237549771770521
0.03851402292552936
0.23482019105919075
0.036999722064366726
0.8602880367063152
0.4901265695124029
-0.3887138313481731
0.45720534551594805
0.9807429885372354
0.9922971954148941
0.9807429885372354
0.9871619923581569
0.03851402292552936
0.9264355478315902
0.4516125465868739
0.051356120614659086
58.761115495312254
0.5546913280022444
0.2226543359988778
2.9844091975278184
249.30471817865674
989.5908685755585
64.23318057943133
0.5038977006180454
4.1164981937774785
9.809789106126699
0.09686299494035788
0.09333333333333332
113.21157016335884
0.22388896826581442
0.30390331456855313
0.20388538169012965
4.333333333333333
0.7222222222222222
0.1388888888888889
1.5
185077.83333333334
739482.3333333334
46476.708333333336
0.875
1.0
0.16666666666666666
0.06164606582753807
0.061646516761828835
0.061645953093965394
2.5849625007211543
0.005333333333333333
149921.58333333334
1.4470482665341509
678.4097777777778
0.603030913580247
2.1696
990.216
0.059904000000000006
3.808
70.28711111111112
275.29777777777775
19.034444444444443
0.298
0.018296844713193917
0.06104409087091627
0.007610033173763331
