1.0
1.0
1.0
40.0
30.0
1.0
226.3575
126.0
255.0
1.0
1.0
1.0
40.0
30.0
1.0
0.0
0.0
0.0
40.0
30.0
1.0
940.0
1.0
21.417021276595744
12.559574468085106
0.0
21.417021276595744
12.559574468085106
0.0
0.7074892751322175
0.0
0.0
47.25968019710835
40.0
30.0
49.4064773081425
49.4064773081425
889.25
33.4357168856326
0.22647831755127945
1974.5739822531975
2.2204936544877114
940.0
229.9
250.0
54998872.0
0.9622115013399627
8.0
5.568127264965845
255.0
6.621661385242193
241.70851063829787
244.0
207.0
48.0
3.6968799614052004
241.88724294156634
-1.6275943757687499
54998872.0
0.6380194658216388
86.4341828881847
4.459688150604375
2.0876742468149456
1.6745587147616872
0.1936129463707348
0.5801239987540883
0.1750600719534477
0.5356392261183948
0.1750600719534477
0.665645150709841
0.1437171802910947
0.5293179437939285
1.548448620350932
-0.2437680300943711
0.583805884295821
0.9124699640232762
0.9824939928046552
0.9124699640232762
0.956234982011638
0.1750600719534477
0.7159487647019596
1.373388548397485
0.18879601767688398
89.36596465206344
0.3862083677165906
0.47999068576663206
4.522297626523333
43.95864062990442
182.7870128489095
11.335637028740878
0.3924936798805876
4.169480521563013
47.03033676070612
0.19903523798227105
0.24494680851063827
25.71692574955477
0.4390036414458137
1.7722293474762245
0.2347485975607368
9.75
0.40625
0.859375
5.375
20761.0
83810.25
5206.326388888889
0.4618055555555556
2.6666666666666665
0.1111111111111111
0.2043096549440133
1.014189221425488
0.11237703456049865
3.9701755214643395
0.02553191489361702
19226.972222222223
3.151681693726794
231.12340425531914
0.24587596197374378
4.5919827976459935
599.7382978723405
0.2141919420552286
4.4297872340425535
54.159574468085104
235.86808510638298
13.752541371158392
0.29267139479905435
0.03713499183164203
0.1580619500262674
0.016528495636171467
