1.0
1.0
1.0
40.0
30.0
1.0
217.81666666666666
127.0
255.0
1.0
1.0
1.0
40.0
30.0
1.0
0.0
0.0
0.0
40.0
30.0
1.0
873.0
1.0
19.192439862542955
13.784650630011456
0.0
19.192439862542955
13.784650630011456
0.0
0.7737188915977239
0.0
0.0
45.882375408865954
40.0
30.0
49.4064773081425
49.4064773081425
819.6666666666666
35.50006064521843
0.2277281387531366
1859.9114892706464
2.2691071442911506
873.0
212.0
251.0
48492783.0
1.3900342754476611
25.0
2.0341528302603606
255.0
12.603207593465148
235.23825887743413
240.0
204.0
51.0
10.332020429691356
235.68472300892523
-0.5499137135340496
48492783.0
0.4263910702781287
210.25022010709475
4.015656468542614
1.9380113000303378
4.415041925581949
0.09534332077695529
1.3119795318923837
0.2730458967485164
0.6555141760206469
0.2730458967485164
0.8400451965012377
0.19691019738843465
0.2704748989661765
2.327399367422988
-0.2938037347254276
0.7379343589860746
0.8634770516257417
0.9726954103251483
0.8634770516257417
0.931738525812871
0.2730458967485164
0.4633428348302199
2.054353470674472
0.396256357160225
113.26112379769467
0.37428601126073024
0.5084096134026668
3.7971009561599445
15.990205562347956
65.01441905652688
6.002053500387914
0.4992803868060458
3.9573725130350477
70.44013074820118
0.22773577812357249
0.3465063001145475
7.084980069378934
0.460164143175553
1.553414000990362
0.2804284954956468
15.06060606060606
0.4563820018365473
0.9164370982552801
4.333333333333333
8110.757575757576
32078.21212121212
2278.4898989898993
0.6043771043771043
3.5454545454545454
0.10743801652892562
0.267576061438368
1.0038620691958982
0.17314019209096723
4.2107645737727815
0.037800687285223365
7410.914600550965
4.164445746444115
125.66208476517755
0.14394282332780933
4.285954215100068
372.2394043528064
0.4141057485018941
4.008018327605956
43.07331042382589
178.42038946162657
16.315578465063002
0.42618047600865466
0.05002302314587538
0.18004664947732096
0.028408413873117395
