1.0
1.0
1.0
40.0
30.0
1.0
247.18666666666667
160.0
255.0
1.0
1.0
1.0
40.0
30.0
1.0
0.0
0.0
0.0
40.0
30.0
1.0
1117.0
1.0
18.732318710832587
15.30528200537153
0.0
18.732318710832587
15.30528200537153
0.0
0.730382040255503
0.0
0.0
45.61382015522648
40.0
30.0
49.4064773081425
49.4064773081425
1080.4166666666667
33.3155150288219
0.22160466939869278
2297.7321489048736
2.126709277813998
1117.0
243.0
255.0
70342625.0
0.864132885152641
6.0
7.54290301688203
255.0
4.221249045234834
250.88361683079677
254.0
225.0
30.0
2.775749167008269
250.94739914010572
-2.0387464982646732
70342625.0
0.5911801739055165
32.007941081471415
3.1100339910598036
1.7255322730189602
0.9855346860331863
-0.5375037716859169
0.6633559641010518
0.13312565599415319
0.6649412886590504
0.13312565599415319
0.5571184825163604
0.11395611943979597
0.48780307051260163
1.3783384397570004
-0.3735231291852389
0.6734156483307616
0.9334371720029234
0.9733748688011694
0.9334371720029234
0.9556247813352823
0.13312565599415319
0.6589694450218835
1.2452127837628477
0.19912040502380124
98.68791781793831
0.5003326015997858
0.24983369920010715
2.4910713039546537
71.75244206817834
260.01772756667725
24.686120693553608
0.6272321740113366
4.2831166439568635
25.529746584339208
0.11950868182210678
0.17658907788719785
33.467892743266624
0.20317103012390975
0.42027008999593973
0.1488962651559023
5.545454545454546
0.5041322314049587
0.24793388429752064
2.3636363636363638
35955.545454545456
124396.90909090909
13845.204545454546
0.6590909090909091
1.1818181818181819
0.10743801652892562
0.057768135286535974
0.062308805572183816
0.05663296771512399
3.277613436819112
0.009847806624888093
25644.066115702477
2.860553701741822
332.06535362578336
0.29728321721198153
2.806391656895268
660.348254252462
0.2044099130472417
3.1405550581915844
60.37332139659803
202.83974932855864
24.756714413607877
0.46486123545210384
0.02238841974834962
0.06269742995344628
0.012311167197075455
