1.0
1.0
1.0
40.0
30.0
1.0
232.17083333333332
163.0
255.0
1.0
1.0
1.0
40.0
30.0
1.0
0.0
0.0
0.0
40.0
30.0
1.0
741.0
2.0
21.937921727395413
15.761133603238866
0.0
21.937921727395413
15.761133603238866
0.0
0.5136254436311984
0.0
0.0
48.17873520802342
40.0
30.0
49.4064773081425
49.4064773081425
703.9166666666666
24.745824244811065
0.24632333197939105
1553.552995423912
2.2070126607182368
741.0
234.0
255.0
45330511.0
0.9997043891910924
12.0
2.5412057017135052
255.0
6.579236943183247
247.2132253711201
250.0
228.0
27.0
5.222518518518515
247.33535670716972
-0.8472907644486073
45330511.0
0.5002048878034389
60.39987907066535
2.5537464986343874
1.541628522147807
0.865359614105166
-0.12856809132402142
0.8505826863675151
0.14227813561806663
0.7132685953946931
0.14227813561806663
0.5856364729445677
0.12127081930838457
0.38229876969882454
1.579552953276822
-0.4121392167962775
0.7437054120294146
0.9288609321909667
0.9715443728763866
0.9288609321909667
0.9525739547939778
0.14227813561806663
0.47048945433877365
1.4372748176587553
0.24821520549639545
83.77743660103584
0.5352221921654244
0.23238890391728778
2.1029528804823836
44.79820227421159
127.71373164100669
24.069319932512823
0.7242617798794041
4.107683765782196
20.409233643345704
0.12610807667861204
0.21120107962213228
19.43651777004834
0.2812681320561679
0.515820413451611
0.22263006170730718
3.5714285714285716
0.5102040816326531
0.24489795918367346
2.2857142857142856
36052.142857142855
95053.57142857143
21301.785714285714
0.6785714285714286
1.0
0.14285714285714285
0.2004849576113191
0.32477378558720243
0.16941275061734826
2.807354922057602
0.009446693657219974
24846.408163265303
3.279116006396273
193.02968960863697
0.26049890635443584
3.3152631396824876
370.6518218623482
0.2498975560982806
2.5303643724696356
56.75708502024292
153.79352226720647
32.497975708502025
0.6174089068825911
0.027370761432478227
0.06188951532779853
0.018741072958648148
