1.0
1.0
1.0
40.0
30.0
1.0
226.06916666666666
153.0
255.0
1.0
1.0
1.0
40.0
30.0
1.0
0.0
0.0
0.0
40.0
30.0
1.0
907.0
2.0
16.54465270121279
16.03417861080485
0.0
16.54465270121279
16.03417861080485
0.0
0.7209999001305225
0.0
0.0
42.810427859521184
40.0
30.0
49.4064773081425
49.4064773081425
870.0833333333334
30.86631421125971
0.23422653138848198
1881.721168510814
2.1626907405545226
907.0
226.0
248.0
51373802.0
0.7630321008409975
10.0
3.0091185970428316
255.0
6.6570141092981325
237.84564498346197
239.0
214.0
41.0
4.656388711432354
237.99465866353063
-0.5434216561403677
51373802.0
0.7321773927884189
70.90671477142742
4.1116075451259775
2.0141592343219648
1.0180990731446111
0.054340990149662614
0.36193353224557046
0.142873559734643
0.4325413217956506
0.14227403935094995
0.590576184367301
0.12240418738790246
0.6511776773911747
1.2221324454172429
-0.18246875037295027
0.4603134766360237
0.9289229323628944
0.9857403141980908
0.928962900388474
0.9644614661814472
0.14174945901521854
0.8027553528109307
1.0769125191788627
0.12620177299505336
67.8514853675374
0.3781103723438713
0.4953066594745782
4.116442920292022
70.96613749954368
285.6478165681107
18.223420978504727
0.4475711938582518
4.14613046729338
36.59840781284309
0.2007876255733927
0.1973539140022051
43.9174277217176
0.44927655785374826
1.670013216802749
0.2793805995542181
12.851851851851851
0.47599451303155005
0.9410150891632372
4.37037037037037
22016.185185185186
88051.5925925926
5529.22633744856
0.6100823045267489
4.037037037037037
0.149519890260631
0.35717864192126036
0.8733795536705128
0.29982295903206774
3.702799651920252
0.029768467475192944
20887.722908093278
2.6782454522469723
276.8941565600882
0.3052857293937025
4.429011644091222
664.0848952590959
0.1509489466345914
4.11135611907387
59.50275633958103
243.29106945975744
15.344236187676099
0.3005635183143452
0.03802924063782073
0.13601286121660064
0.02089874365747133
