1.0
1.0
1.0
40.0
30.0
1.0
241.30333333333334
171.0
255.0
1.0
1.0
1.0
40.0
30.0
1.0
0.0
0.0
0.0
40.0
30.0
1.0
992.0
1.0
20.59375
15.713709677419354
0.0
20.59375
15.713709677419354
0.0
0.6804212725285401
0.0
0.0
49.200833452818365
40.0
30.0
49.4064773081425
49.4064773081425
947.75
33.477293707431436
0.22599833992848734
2064.626057179551
2.1784500735210246
992.0
238.0
255.0
61835426.0
0.924548347265364
10.0
3.922685427339737
255.0
5.944682459677419
249.5625
254.0
226.0
29.0
4.172073883609228
249.66797710223588
-1.3597471566277834
61835426.0
0.5513808045005203
52.65738407258064
2.9862464423190733
1.677259014245535
1.0436960659916186
-0.5225923357312011
0.7831964627838164
0.0910612008350638
0.7914557558230898
0.0910612008350638
0.4377561873515994
0.08250779322908738
0.48036337496147247
1.3351356801746672
-0.5281805744473607
0.7833397969169196
0.9544693995824682
0.9817877598329872
0.9544693995824682
0.9696462663883121
0.0910612008350638
0.6317284138280033
1.2440744793396037
0.21856441590472003
76.8205425626143
0.5023006662026626
0.2488496668986687
2.4080737235004843
96.97357177382204
330.9614544783013
38.47660109770226
0.6479815691248789
4.397800872680602
17.339598714165362
0.10922606647905597
0.15423387096774194
49.34798516691939
0.2714438019788
0.5647195535127897
0.19812486409530258
5.545454545454546
0.5041322314049587
0.24793388429752064
2.6363636363636362
45988.90909090909
156003.54545454544
18485.25
0.5909090909090909
2.272727272727273
0.2066115702479339
0.17882055768353172
0.6201091128363996
0.06849841889531474
2.8453509366224337
0.011088709677419355
37856.14876033057
2.804080669368595
381.7096774193548
0.3847879812695109
3.0380463059313216
546.9697580645161
0.22430959774973985
2.9808467741935485
63.350806451612904
198.68649193548387
29.51688508064516
0.5047883064516129
0.023656969284129425
0.06570797054821033
0.013144218968109198
