1.0
1.0
1.0
40.0
30.0
1.0
229.075
128.0
255.0
1.0
1.0
1.0
40.0
30.0
1.0
0.0
0.0
0.0
40.0
30.0
1.0
908.0
1.0
22.506607929515418
13.951541850220265
0.0
22.506607929515418
13.951541850220265
0.0
0.7702475470200452
0.0
0.0
42.9184706632878
40.0
30.0
45.45327270945405
45.45327270945405
865.9166666666666
33.0578467502492
0.23197305634338536
1893.9302432001998
2.1871968933117505
908.0
228.0
254.0
54214387.0
1.290769048694953
10.25
3.9921277739514593
255.0
7.744587998990859
244.1442731277533
247.0
214.0
41.0
5.13962491085611
244.3511298717555
-1.3470306707685036
54214387.0
0.44613470084806617
101.04856852452015
5.776719426040004
2.353958753173896
2.5838571296177335
-0.0927108172284429
1.1265498917358472
0.18445684410409427
0.7182093392402958
0.18445684410409427
0.6862542076107139
0.1497058621900985
0.3343720871600254
1.951838005654705
-0.3987460402603096
0.7856597204362239
0.9077715779479529
0.9815543155895905
0.9077715779479529
0.9538857889739765
0.18445684410409427
0.4546587425514857
1.7673811615506114
0.32775168395998544
83.49971500609749
0.37571556546977186
0.4993875115363168
4.545716839937157
34.61520771050258
221.90401391353618
6.727423419803041
0.39778718474462815
4.225792513877745
35.481466614744036
0.15645614551612563
0.24394273127753302
16.43154511677019
0.36767563068093434
1.1371106476296275
0.2397481857482282
12.84
0.5136
0.5696
2.76
11528.24
68243.52
2280.0422222222223
0.7377777777777778
2.84
0.1136
0.2597169568516142
0.35826294166946066
0.2445746886088481
3.7492750707107088
0.02753303964757709
10209.097600000001
3.580143958864233
196.94493392070484
0.21689970696112867
4.246550486134022
405.09030837004406
0.36355256263463287
5.671806167400881
53.9273127753304
331.38766519823787
10.725954478707783
0.2542217327459618
0.038298797370147276
0.1481732409169411
0.020527544299782874
