1.0
1.0
1.0
40.0
30.0
1.0
236.77833333333334
140.0
255.0
1.0
1.0
1.0
40.0
30.0
1.0
0.0
0.0
0.0
40.0
30.0
1.0
1039.0
1.0
18.684311838306062
15.078922040423484
0.0
18.684311838306062
15.078922040423484
0.0
0.6791741878428077
0.0
0.0
46.205396067675295
40.0
30.0
48.82622246293481
48.82622246293481
999.3333333333334
31.381512348218628
0.22476689022188145
2150.5953549421224
2.1520300416365465
1039.0
231.0
254.0
62279733.0
1.2129935503798581
11.0
4.008923485469855
255.0
7.012084063209515
244.65736284889317
247.0
216.0
39.0
4.705023154890811
244.83054382098746
-1.206200582034941
62279733.0
0.4769995210838882
84.76999150549179
5.595078797632441
2.322442550885529
2.1322157199322693
0.12364780972286366
0.9859694946871529
0.18066999931346583
0.6900175857130249
0.17756332008398507
0.6795672687648244
0.1485780827996846
0.3627535586546033
1.8648539327129203
-0.37001171008223127
0.752725776494895
0.9115290078809556
0.9820763852638602
0.9117361198295876
0.9557645039404778
0.17484497575818947
0.5171280858256895
1.6757198620794727
0.2916598735001547
87.68741427005709
0.37345269606364606
0.506662444746167
5.144597623636303
38.83610951153652
209.4956912270043
8.52187635186862
0.3442419275488061
4.448133966329022
33.701484722904965
0.1409624052471688
0.22545717035611162
17.850889453063324
0.3341568650355053
1.2462912274862243
0.18890683265927605
11.583333333333334
0.4826388888888889
0.8055555555555556
3.5833333333333335
17229.291666666668
76405.58333333333
4109.061342592592
0.6782407407407408
2.5
0.10416666666666667
0.2609834876842137
0.49332390676357213
0.21780672840199267
3.918295834054484
0.023099133782483156
15355.12326388889
3.512205718611428
244.99615014436958
0.23579995201575513
3.8825275284130645
495.6025024061598
0.3213462267061039
5.5861405197305105
55.66987487969201
318.2829643888354
11.685942679927281
0.24379745481766654
0.034175328750899354
0.14719706181763334
0.015747109421316186
