1.0
1.0
1.0
40.0
30.0
1.0
242.31333333333333
188.0
255.0
1.0
1.0
1.0
40.0
30.0
1.0
0.0
0.0
0.0
40.0
30.0
1.0
953.0
1.0
19.199370409234
13.87093389296957
0.0
19.199370409234
13.87093389296957
0.0
0.725819694494901
0.0
0.0
45.890668475316424
40.0
30.0
47.16990566028302
47.16990566028302
898.0833333333334
33.308350972920955
0.22318206408901048
2016.9846474911858
2.245876938841443
953.0
239.0
255.0
58484163.0
0.993979922533794
10.0
1.846013913541253
255.0
5.240430341474265
247.65477439664218
248.0
235.0
20.0
4.653843748045287
247.72662682266514
-0.3389298993825288
58484163.0
0.5041669923993266
35.59435548425529
2.3258822500805283
1.4739926334142006
0.8101423737679826
0.07399996162174872
0.8050886268529852
0.19219130032414725
0.6145866506827912
0.19219130032414725
0.6970264193494566
0.1533083507977213
0.3480516856137125
1.694597821017985
-0.3020831907427711
0.6617664214131995
0.9039043498379264
0.9615617399351706
0.9039043498379264
0.9359362332252843
0.19219130032414725
0.4299117164237257
1.5024065206938384
0.2493199817942831
130.7907802502695
0.5146947597774271
0.24265262011128647
2.245464936678645
25.29900266791489
60.46940748940307
16.50640146254285
0.6886337658303388
3.9517074474331
39.709305299573955
0.14977818156648087
0.2670514165792235
9.22829192721801
0.2985169471397551
0.5632820013570985
0.23232568358541925
6.166666666666667
0.5138888888888888
0.24305555555555558
2.75
24287.75
35113.0
21581.4375
0.5625
1.1666666666666667
0.09722222222222222
0.04286788404059213
0.1077265119891427
0.026653227053454475
3.4182958340544856
0.012591815320041973
17980.743055555555
3.5827949693300143
181.7429171038825
0.19070610399148213
3.3266175516868914
480.47114375655826
0.24791650380033672
2.3630640083945433
50.43546694648479
121.95383001049318
32.555876180482684
0.6592339979013642
0.029728616544748558
0.06541861596179414
0.020806116690487163
