1.0
1.0
1.0
40.0
30.0
1.0
229.7225
118.0
255.0
1.0
1.0
1.0
40.0
30.0
1.0
0.0
0.0
0.0
40.0
30.0
1.0
975.0
2.0
20.496410256410257
13.638974358974359
0.0
20.496410256410257
13.638974358974359
0.0
0.7434060301013994
0.0
0.0
49.34247497570509
40.0
30.0
49.4064773081425
49.4064773081425
926.9166666666666
36.681493437066564
0.22580891488537722
2035.964345225985
2.1964912472095497
975.0
229.0
253.0
57170417.0
1.1483074745359012
13.0
3.700561587394402
255.0
7.9044838921761995
241.94358974358974
244.0
210.0
45.0
5.5695825828177625
242.14938597527998
-0.98393334689627
57170417.0
0.5295242603550296
99.62451019066403
4.984700488816275
2.1960261794533222
2.134325524630019
0.3080560340482199
0.8412312226140518
0.19276764899926485
0.6255863806238973
0.18991376772072605
0.7032110416427726
0.15557413343979246
0.41547613240748266
1.8081597410906631
-0.3130659285840156
0.6909631126677162
0.9053285042674908
0.9808549526975445
0.9055187630193934
0.9526642521337454
0.18741662160200456
0.6094904612762884
1.6080393421067498
0.25849971790332915
90.01304143831892
0.3688490282249256
0.5157424627112033
5.019021027625855
41.500104301933554
190.75978192369064
10.262055564723799
0.3587964008204242
4.233128537194856
49.50677240857696
0.19517072465848856
0.25025641025641027
23.653401653862026
0.42615761216964
1.8452871734651897
0.21462417251277954
11.96551724137931
0.4126040428061831
0.896551724137931
4.896551724137931
15203.275862068966
62999.65517241379
3765.023946360153
0.5239463601532567
3.413793103448276
0.11771700356718193
0.2964370888337131
1.4464735278073366
0.16483877743674547
3.9093680639438784
0.029743589743589743
14072.925089179545
3.4661284129101793
219.25435897435898
0.22487626561472715
4.500508612754766
516.2861538461539
0.2881514792899408
5.033846153846154
53.47179487179487
267.5241025641026
12.406581196581197
0.2684615384615385
0.039414092712108585
0.18678605038406623
0.01660523910735551
