1.0
1.0
1.0
40.0
30.0
1.0
234.12333333333333
205.0
255.0
1.0
1.0
1.0
40.0
30.0
1.0
0.0
0.0
0.0
40.0
30.0
1.0
828.0
2.0
16.966183574879228
12.526570048309178
0.0
16.966183574879228
12.526570048309178
0.0
0.6547620406653885
0.0
0.0
49.94826379619942
40.0
30.0
49.4064773081425
49.4064773081425
772.25
32.704227130892676
0.23174962989357992
1756.4549682612003
2.2744641868063455
828.0
234.0
245.0
47699955.0
0.18312206830137212
6.0
3.3864439566459326
255.0
3.6304872925855927
239.9746376811594
241.0
231.0
24.0
2.725370877743996
240.01800204223812
0.3184371707110291
47699955.0
0.9459876543209875
20.81457414408738
1.0691348873064814
1.0270066526629524
0.2358255341792067
0.13137621726189797
0.08133323446322618
0.023770141364750925
0.5473540476772838
0.023770141364750925
0.16129346625484306
0.023180480689441757
0.9242678313965698
0.29730925774505407
-0.34001632671240223
0.3348882396098133
0.9881149293176246
0.9952459717270499
0.9881149293176246
0.9920766195450831
0.023770141364750925
0.9611082766546722
0.2735391163803035
0.026275843956994276
84.38176894351187
0.7998100915077084
0.10009495424614574
1.3386295105738788
127.91146615236775
129.80253390551417
127.43869921408117
0.9153426223565303
4.167573215513924
9.783385660256036
0.09115372010462114
0.12711352657004832
54.24038518151835
0.20385497990375762
0.3594101605239959
0.164966184748698
2.6
0.52
0.24
2.8
126785.2
126922.6
126750.85
0.55
1.4
0.28
0.05632747614242188
0.217901550216496
0.015933957623903372
2.321928094887361
0.006038647342995169
99361.84
1.788448627523998
385.17391304347825
0.4651858853182105
2.504545030222409
783.2777777777778
0.027006172839506168
1.0833333333333333
66.23429951690821
68.41183574879227
65.6899154589372
0.9791666666666666
0.019853450214403174
0.025053670399095406
0.018553395168230114
