1.0
1.0
1.0
40.0
30.0
1.0
210.66833333333332
117.0
240.0
1.0
1.0
1.0
40.0
30.0
1.0
0.0
0.0
0.0
40.0
30.0
1.0
903.0
1.0
20.839424141749724
16.513842746400886
0.0
20.839424141749724
16.513842746400886
0.0
0.6828617889221977
0.0
0.0
45.285590765792335
40.0
30.0
49.4064773081425
49.4064773081425
852.1666666666666
30.923799522727514
0.22719602553021256
1913.2266556853506
2.245132003542363
903.0
206.0
233.0
44776231.0
1.0654386492778851
15.0
2.403552133919197
240.0
8.51998199676481
222.44629014396457
226.0
199.0
41.0
6.388722230851426
222.67932288750788
-0.6866881770372916
44776231.0
0.493724008442389
103.7288428261155
6.789055542965432
2.572451034209249
1.0858322834610319
-0.29713006880228443
0.8542184364009171
0.16834777901299777
0.6700946204527387
0.16834777901299777
0.6480079023689727
0.13882492806083216
0.37332026097997445
1.6818404372858002
-0.35761922781173394
0.7137655718597166
0.915826110493501
0.9831652220987002
0.915826110493501
0.9579130552467505
0.16834777901299777
0.49894983797403303
1.5134926582728032
0.25564155385347875
110.86395576015848
0.4992006821156682
0.29231877585869737
5.5954897116083036
35.18923698378484
270.2432790309266
5.230231671744818
0.23285512400622504
3.998079365983267
35.42982026923255
0.154733338218507
0.24557032115171648
16.773166793811697
0.29803091243010105
1.3406866604477439
0.09690759207777246
6.733333333333333
0.4488888888888889
0.38222222222222224
2.7333333333333334
19563.0
156658.13333333333
2713.2907407407406
0.6407407407407407
4.733333333333333
0.31555555555555553
0.5519677908669801
0.7578725805508554
0.5004919083533301
2.5967916319816338
0.016611295681063124
15938.960000000001
3.3955669470135192
186.92248062015503
0.20700163966794577
3.4007375439809957
445.8327796234773
0.26919742117146117
6.655592469545958
52.89811738648948
378.9125138427464
8.587824535498955
0.18287806078503752
0.03493694016920168
0.1684823202075219
0.013473151393468259
