1.0
1.0
1.0
40.0
30.0
1.0
197.23166666666665
137.0
247.0
1.0
1.0
1.0
40.0
30.0
1.0
0.0
0.0
0.0
40.0
30.0
1.0
619.0
2.0
17.663974151857836
12.235864297253634
0.0
17.663974151857836
12.235864297253634
0.0
0.7439338352897591
0.0
0.0
48.23798680198597
40.0
30.0
48.82622246293481
48.82622246293481
553.5833333333334
35.8858705282582
0.23733173178631015
1373.7793600821572
2.4816125727812564
619.0
201.0
232.0
29127582.0
1.1540818163462268
18.5
2.3064612938670837
247.0
9.813368270779124
216.60743134087238
215.0
197.0
50.0
7.6207733154296875
216.92364446567692
0.29437372178402654
29127582.0
0.521256077732337
137.08821618066557
5.244493443623287
2.259538587703924
1.5805340374969856
0.2966073141693052
0.8256786869867746
0.2699066562509498
0.5079628514405795
0.2647815584196488
0.8427523934344234
0.19803716828432127
0.34331085323107524
1.9855647849824267
-0.20559860398526544
0.5948154221506201
0.8681217305733056
0.9732458773517342
0.8684634037620589
0.9340608652866527
0.2602970978172605
0.528879348772759
1.7026934575929464
0.27389633580943107
105.6316147091467
0.43597434159417525
0.4019152617138262
4.785159381732715
12.256596673630607
62.49709179343213
2.8170774507083634
0.33414048615191544
3.538485214202507
64.58997910818046
0.2605849827604042
0.3901453957996769
5.219568001826715
0.4991687938938423
1.9960498034774097
0.2254690223808555
24.244444444444444
0.5387654320987655
0.7358024691358024
3.1555555555555554
3377.6222222222223
14074.4
829.6006172839506
0.7327160493827161
15.4
0.3422222222222222
0.5912752169025883
0.89913051167958
0.5477994622607611
2.572037360214897
0.07269789983844911
3188.406913580248
3.8144564424977725
88.37964458804524
0.14277810111154318
4.507128857060087
322.65751211631664
0.291360550786745
5.147011308562197
39.06785137318255
209.46688206785137
8.390549273021001
0.2612188117034644
0.08019185236471181
0.2531414949603368
0.05046711768974993
