1.0
1.0
1.0
40.0
30.0
1.0
203.66916666666665
154.0
252.0
1.0
1.0
1.0
40.0
30.0
1.0
0.0
0.0
0.0
40.0
30.0
1.0
636.0
2.0
23.580188679245282
13.924528301886792
0.0
23.580188679245282
13.924528301886792
0.0
0.6712730636022509
0.0
0.0
48.72594122181022
40.0
30.0
49.4064773081425
49.4064773081425
586.5833333333334
32.70841184086775
0.24828032298470631
1364.881568062206
2.326833188911276
636.0
207.5
232.0
31418806.0
1.0404342595016898
12.0
3.015404395631457
252.0
7.218682014160834
222.07232704402514
223.0
203.0
49.0
4.988357128798317
222.26254377375392
-0.1889548514444554
31418806.0
0.4994857798346584
84.51992603140698
2.375243878195285
1.489614662966135
1.1472999488293254
0.14827486995106684
0.8410434279885141
0.2159721555715196
0.591517933277162
0.21504622964559367
0.7479271584288404
0.1682788682730964
0.3299465929529263
1.820779082081787
-0.27098229170323646
0.6512424079034127
0.8925694777697958
0.9784455194855831
0.8926312061648575
0.9462847388848978
0.2142360444604085
0.4145802098342417
1.602011147254915
0.2642538958900084
101.015531160694
0.5106544007791961
0.2674213794868704
2.260626279938754
17.78676554234102
43.51788786654275
11.39572588922458
0.698864234580053
3.758461010048733
36.781394126427
0.17901076485399825
0.3113207547169812
6.294549748509123
0.3406841711725696
0.7326165290712184
0.2497918554203349
4.2
0.42
0.41000000000000003
3.3
12943.6
21584.4
10785.177777777779
0.5361111111111111
1.4
0.14
0.06328729425677729
0.19026351963965488
0.03848768235550233
3.321928094887359
0.015723270440251572
8898.64
3.7127791008784303
104.0880503144654
0.16366045646928523
3.253055654444049
317.67295597484275
0.2606404018828369
2.380503144654088
45.625786163522015
112.83647798742139
28.934923130677845
0.6618623340321453
0.03263605021265436
0.07493049118086555
0.022499197482830774
