1.0
1.0
1.0
40.0
30.0
1.0
199.31916666666666
131.0
239.0
1.0
1.0
1.0
40.0
30.0
1.0
0.0
0.0
0.0
40.0
30.0
1.0
738.0
1.0
18.24661246612466
15.573170731707316
0.0
18.24661246612466
15.573170731707316
0.0
0.6798763800599988
0.0
0.0
48.6232138950961
40.0
30.0
49.4064773081425
49.4064773081425
681.5
33.057774649880976
0.23517051235161776
1592.4965467504146
2.336752086207505
738.0
201.0
228.0
34348444.0
1.167141947137174
16.0
2.2092945931498704
239.0
8.485315178355036
215.4959349593496
216.0
195.0
44.0
6.4858575233932125
215.73735663085904
-0.21113012844370344
34348444.0
0.5290611849207922
104.10906206623041
4.8975470013099365
2.1805533816171696
1.912485633616227
0.33871869231485957
0.810613158956675
0.2397184633722557
0.5439200155230364
0.23812356704051726
0.7912622106867235
0.18159318450643214
0.3868893203311534
1.9128034386518018
-0.2370067162141145
0.6248571091008208
0.8810977061129153
0.9761017642627008
0.8812040325350311
0.9405488530564576
0.23672803275024615
0.586542958118224
1.6683588915937069
0.2625829055822327
95.26530802058237
0.38582547342135537
0.4806022512923811
4.529978155261556
18.49685897944593
88.04512116264448
4.47702595693196
0.39244461736899316
3.78924585906106
57.934371189464024
0.23040628078320102
0.33333333333333337
8.769926115081386
0.4699341173631725
1.6941456277524876
0.26613680870359685
28.11627906976744
0.6538669551108708
0.5592212006489995
2.441860465116279
5795.162790697675
23954.13953488372
1430.0180878552972
0.8204134366925064
10.209302325581396
0.2374256354786371
0.48354051219887245
0.5334414115004876
0.47794648942160767
2.796621441749416
0.058265582655826556
5500.601406165494
3.671535374644406
118.42005420054201
0.16046077804951492
4.9864498644986455
390.4471544715447
0.29526075748562364
4.867208672086721
45.09756097560975
224.13279132791328
10.340258958145137
0.28462812405901833
0.06607787184180106
0.19963625938933235
0.043156411586152965
