1.0
1.0
1.0
40.0
30.0
1.0
215.11916666666667
143.0
250.0
1.0
1.0
1.0
40.0
30.0
1.0
0.0
0.0
0.0
40.0
30.0
1.0
893.0
2.0
18.263157894736842
17.518477043673013
0.0
18.263157894736842
17.518477043673013
0.0
0.6122147469702939
0.0
0.0
46.179334178815374
40.0
30.0
46.14108798023731
46.14108798023731
855.0833333333334
28.2716693895401
0.23473359054897408
1856.0136972506982
2.1705646980809257
893.0
212.0
237.0
46234332.0
0.8822419370861411
12.0
2.8941241806591282
250.0
7.496037991144262
227.3437849944009
230.0
204.0
46.0
5.326650932481834
227.53937675295742
-0.6914677950360304
46234332.0
0.5856487374114208
88.97139754391819
3.1658622234110645
1.7397115277022397
1.0591057242204598
-0.5769168000230387
0.6683120922815762
0.11135088514104181
0.7138031184413882
0.11135088514104181
0.5018677415547116
0.09867219402102899
0.5137467724110837
1.325435581485329
-0.4248614721720034
0.7122231214778042
0.9443245574294792
0.988864911485896
0.9443245574294792
0.9721622787147397
0.11135088514104181
0.6816330022568525
1.2140846963442882
0.1949157443556545
77.31904538785533
0.5055056639348781
0.2588254657712925
2.315213799247105
81.42203102581895
299.5288478494078
26.902803884699065
0.6786736149655421
4.1799813500791885
20.26356058722662
0.12908135553200012
0.1713325867861142
44.2195522639791
0.3117663567536815
0.5806726589296689
0.25201684598700297
6.166666666666667
0.5138888888888888
0.4097222222222222
2.4166666666666665
33776.416666666664
131129.08333333334
9438.342592592593
0.7384259259259259
1.6666666666666667
0.1388888888888889
0.18704834357589942
0.8849656522954917
0.10516160898859393
3.4182958340544856
0.013437849944008958
28238.576388888887
2.828385289897929
309.4501679731243
0.34652874353093427
3.388926439182945
522.9843225083987
0.20815375027117722
3.132138857782755
61.59574468085106
208.02351623740202
24.99004603707851
0.4682095309194973
0.025761270436589052
0.07288959657107419
0.015223434268153778
