1.0
1.0
1.0
40.0
30.0
1.0
204.02833333333334
137.0
248.0
1.0
1.0
1.0
40.0
30.0
1.0
0.0
0.0
0.0
40.0
30.0
1.0
725.0
2.0
20.871724137931036
12.467586206896552
0.0
20.871724137931036
12.467586206896552
0.0
0.6871650955484649
0.0
0.0
46.63942724070057
40.0
30.0
47.01063709417264
47.01063709417264
675.3333333333334
32.04898647618169
0.2409536084934962
1544.8849678505583
2.2875887974095135
725.0
208.0
235.0
35938851.0
0.991847902222239
15.0
2.5189982672977065
248.0
8.103629013079667
222.42068965517242
223.0
200.0
48.0
6.001222222222221
222.64507397541325
-0.25277103611858387
35938851.0
0.5056399524375743
99.86577883472056
2.3831708173954
1.4894681927575584
0.8305117560784101
0.03337501516038553
0.8286439462428308
0.17046752175455135
0.6587998634225989
0.17046752175455135
0.6532673881192026
0.14030914530655397
0.36013512069475495
1.652513527845933
-0.34645732257774603
0.7007981966538295
0.9147662391227243
0.9659064956490897
0.9147662391227243
0.9431774927484828
0.17046752175455135
0.4285553753553937
1.4820460060913816
0.2497778669993455
105.22970954170502
0.5549675141320141
0.22251624293399294
2.002806780454504
28.917451439960324
80.17044804619555
16.104202288401513
0.7492983048863741
3.802932189959721
32.25339624104235
0.16432371049630423
0.2613793103448276
12.62558385448245
0.30542771950684056
0.5384237908357284
0.24717870167461847
5.545454545454546
0.5041322314049587
0.24793388429752064
2.3636363636363638
17562.090909090908
44295.90909090909
10878.636363636364
0.6590909090909091
1.1818181818181819
0.10743801652892562
0.21196032254993027
0.8311653327069618
0.057159070010672434
3.277613436819112
0.015172413793103448
13218.082644628099
3.5003206372325515
141.77793103448275
0.19555576694411414
3.373781688466112
366.5889655172414
0.24718002378121284
2.340689655172414
51.10758620689655
129.34758620689655
31.54758620689655
0.6648275862068965
0.031358443454009954
0.06990361704068601
0.021722150057340944
