1.0
1.0
1.0
40.0
30.0
1.0
239.77666666666667
150.0
255.0
1.0
1.0
1.0
40.0
30.0
1.0
0.0
0.0
0.0
40.0
30.0
1.0
956.0
1.0
17.62133891213389
13.343096234309623
0.0
17.62133891213389
13.343096234309623
0.0
0.6732341614456893
0.0
0.0
46.45407415513271
40.0
30.0
49.4064773081425
49.4064773081425
916.1666666666666
31.274469659566634
0.22956298137201303
1987.155832874427
2.168989448289351
956.0
236.0
255.0
58871954.0
0.987432925723911
13.25
2.2641954369433677
255.0
7.154531608340191
248.02510460251045
253.0
228.0
27.0
5.69400570063441
248.15628511283808
-0.7887515040820716
58871954.0
0.5086855097074631
65.08932791792863
2.6984977948836493
1.5839657507450218
0.9288932801972308
-0.272116185877579
0.8649583917180044
0.10679891470283209
0.7800913054670653
0.10679891470283209
0.4861508248968774
0.09484324433762557
0.4192781024519562
1.463142430169095
-0.5061708159191266
0.7899978843409612
0.946600542648584
0.9786402170594336
0.946600542648584
0.9644003617657226
0.10679891470283209
0.5305662933936057
1.3563435154662633
0.24293932660520914
81.17668650793651
0.5116607812106324
0.2441696093946838
2.272470238095238
70.3708290200138
210.79046540717735
35.26591992322291
0.6818824404761906
4.4745911042773745
16.60246721877157
0.10009489310409453
0.16605648535564854
29.48950100667936
0.23137795679113018
0.40901719157090166
0.1869681480961873
5.0
0.625
0.1875
1.75
43634.75
148242.125
17482.90625
0.8125
1.0
0.125
0.14082871077288336
0.1430489908115364
0.1402736407632201
2.9999999999999973
0.008368200836820083
29354.5
3.0663255542709997
317.4121338912134
0.33202106055566255
2.9716172686052413
486.3033472803347
0.2456572451462684
2.6976987447698746
61.82426778242678
174.3336820083682
33.69691422594142
0.5755753138075314
0.023276093668135163
0.05568594960841922
0.015173629683064143
