1.0
1.0
1.0
40.0
30.0
1.0
228.1225
154.0
255.0
1.0
1.0
1.0
40.0
30.0
1.0
0.0
0.0
0.0
40.0
30.0
1.0
917.0
1.0
21.213740458015266
12.902944383860415
0.0
21.213740458015266
12.902944383860415
0.0
0.8401676130170331
0.0
0.0
41.33737798490762
40.0
30.0
49.4064773081425
49.4064773081425
878.25
34.73032618996269
0.23251437665647107
1907.4203822785053
2.171842165987481
917.0
228.0
253.0
53735768.0
1.1046633605084362
12.0
3.292710941561006
255.0
7.43016735859311
241.88876772082878
243.0
213.0
42.0
5.325923252653591
242.0733956852391
-0.8527199839630096
53735768.0
0.5514461480647267
89.35294908126993
4.94384210842986
2.187848161333821
2.0963171762803716
0.30643242854593755
0.8211379325805898
0.19252967020872008
0.6201973829626874
0.19252967020872008
0.7011300628124706
0.15420894177873543
0.4198994162239904
1.7984993313850755
-0.3032558752281791
0.681388290431039
0.90373516489564
0.9807470329791281
0.90373516489564
0.95186758244782
0.19252967020872008
0.6150208666967062
1.605969661176356
0.2534169006973275
88.91018129558074
0.3911732186838003
0.4719152732096132
4.871113455465736
33.90828970326967
160.467379708834
8.157962982871931
0.35420933854991465
4.244926956830506
36.60554168008315
0.15744155675873817
0.24645583424209377
15.84808422872997
0.3569293379335522
1.440828447445216
0.1930450922844438
11.583333333333334
0.4826388888888889
0.8055555555555556
3.5833333333333335
10114.041666666666
44016.291666666664
2446.6736111111113
0.6782407407407408
3.6666666666666665
0.1527777777777778
0.34957788411781704
0.7922245812682603
0.3003944859030632
3.5739348962840514
0.026172300981461286
8654.164930555557
3.4639553279195083
194.57906215921483
0.21219090748005978
3.9446704618564397
505.67611777535444
0.2698715288224724
4.9651035986913845
53.342420937840785
264.247546346783
12.533018296377074
0.2668120683387859
0.0380816178505006
0.15626384348521102
0.01865099399480837
