1.0
1.0
1.0
40.0
30.0
1.0
226.5675
160.0
255.0
1.0
1.0
1.0
40.0
30.0
1.0
0.0
0.0
0.0
40.0
30.0
1.0
735.0
1.0
18.60952380952381
11.370068027210884
0.0
18.60952380952381
11.370068027210884
0.0
0.8097777009097047
0.0
0.0
41.78021671729631
40.0
30.0
49.4064773081425
49.4064773081425
694.9166666666666
33.832687836841416
0.245531134118125
1545.252209191602
2.2236510984889346
735.0
230.0
255.0
43926542.0
1.1591460249481795
17.0
2.125887835725971
255.0
8.334257022536907
244.2748299319728
245.0
222.0
33.0
7.2520219880256285
244.46677222291058
-0.4940223890002101
43926542.0
0.4838743116294137
93.81018279420613
5.8625505422843975
2.3751660233077483
1.585486220595768
0.21250691628329915
0.9937478757740952
0.10928478836279873
0.8018128260865887
0.10928478836279873
0.4941660478668196
0.09688979460560701
0.4116620478224089
1.5981612568972687
-0.5450021778033951
0.8326353362744772
0.9453576058186006
0.9890715211637202
0.9453576058186006
0.9726788029093004
0.10928478836279873
0.5288287625837966
1.4888764685344706
0.2757581660342235
53.60933580943211
0.3893955058395171
0.47241513364678805
5.081261628758018
70.46851339059752
434.6217364524418
13.545154499532057
0.3398248893975904
4.307248746626741
18.556800453598722
0.1365416175875035
0.18639455782312925
36.231186594094346
0.33294459858468395
1.1159842885237115
0.2009938903046759
11.9
0.595
0.4275
2.25
12636.75
70842.7
2597.8180555555555
0.798611111111111
7.1
0.355
0.5966259072961166
1.0120067070545804
0.5483369468831927
2.323219672335505
0.027210884353741496
11286.1875
3.1171421321892816
244.06666666666666
0.33206349206349206
3.84992179184599
355.64761904761906
0.2993567495025221
5.839455782312926
60.23265306122449
361.7442176870748
11.796560846560848
0.22248677248677248
0.03982719413036063
0.1520810096273329
0.02210012463490197
