1.0
1.0
1.0
40.0
30.0
1.0
229.3175
169.0
255.0
1.0
1.0
1.0
40.0
30.0
1.0
0.0
0.0
0.0
40.0
30.0
1.0
842.0
1.0
17.19952494061758
14.17102137767221
0.0
17.19952494061758
14.17102137767221
0.0
0.7573039742167503
0.0
0.0
47.8400978435929
40.0
30.0
49.4064773081425
49.4064773081425
789.6666666666666
36.22949622387109
0.23160085973292005
1783.9109088488256
2.2590682678541483
842.0
231.10000000000002
255.0
50072166.0
1.1385869224264242
12.0
2.8506232226322963
255.0
7.206842660558222
243.70071258907365
245.0
220.0
35.0
5.769318156039012
243.86088378690454
-0.6784015383536689
50072166.0
0.5108722022556857
78.09332490789379
5.4769176563927155
2.3054379199775616
1.516532285819588
0.29491242004586593
0.8555164297211639
0.208050179635814
0.6096454274061143
0.208050179635814
0.7263995923441409
0.16206331127243914
0.3679856039565377
1.8393944374463576
-0.29702707195328026
0.6745581084262658
0.895974910182093
0.9791949820364185
0.895974910182093
0.9479874550910463
0.208050179635814
0.536783843881717
1.6313442578105444
0.26589165233924444
100.2294991145544
0.41349871358971874
0.4296948701436928
5.084254351121167
23.03656434856191
122.76218490868317
5.039758431100214
0.3195317277929205
4.075508827741709
43.272625043070335
0.17315838108060855
0.2859263657957245
9.476900260558446
0.3796920828384439
1.5173412267110926
0.18842772506242497
20.56756756756757
0.5558802045288532
0.7348429510591674
3.108108108108108
4958.918918918919
23099.216216216217
1150.4812312312313
0.7432432432432432
12.135135135135135
0.3279766252739226
0.5902373960292476
0.9311105526775801
0.5523621849657141
2.7037608587254827
0.043942992874109264
4441.048940832725
3.663393957983362
149.50356294536817
0.17755767570708808
4.25706241783786
430.1543942992874
0.28717537138698157
5.438242280285036
49.31591448931116
273.96555819477436
10.30446687780417
0.24013591976774876
0.05513299179089248
0.19356075667928824
0.032710067663603466
