1.0
1.0
1.0
40.0
30.0
1.0
212.16666666666666
133.0
255.0
1.0
1.0
1.0
40.0
30.0
1.0
0.0
0.0
0.0
40.0
30.0
1.0
700.0
1.0
17.094285714285714
13.142857142857142
0.0
17.094285714285714
13.142857142857142
0.0
0.7640558979111284
0.0
0.0
42.152831895137986
40.0
30.0
49.4064773081425
49.4064773081425
657.1666666666666
32.2071198231365
0.2466473642068193
1482.0334190940785
2.2551865367903807
700.0
222.0
253.0
40438883.0
1.2559456861430347
14.0
3.377000159810073
255.0
8.930204081632654
240.07857142857142
242.0
207.0
48.0
6.273467610298584
240.3535580288814
-0.9650901227879314
40438883.0
0.4904448979591837
132.11239795918365
4.884293833673809
2.168176907177884
2.756960285234941
0.14224376617314455
0.9642826597158994
0.23132395520014493
0.6124844269928978
0.23132395520014493
0.7762171140020226
0.17681686723174456
0.3571168149284689
2.0200724900052944
-0.27848555832007793
0.6876184944969406
0.8843380223999275
0.9768676044799856
0.8843380223999275
0.9421690111999637
0.23132395520014493
0.5570898398375834
1.7887485348051504
0.29890165372901106
78.78189075743347
0.36644237652526823
0.5192910941010735
4.421208839779703
25.924367373621592
120.52838240414559
6.571552537977737
0.42014441449073364
3.9707202755180484
54.502348344701666
0.24648966075487838
0.30642857142857144
14.50898156878236
0.4911952422526423
1.7853894421759193
0.2741926740375482
10.76
0.4304
0.8224
3.92
8505.28
35442.68
2122.0855555555554
0.6255555555555555
3.72
0.1488
0.340473259407956
0.8456435309785069
0.2760098139601724
3.753269689515103
0.03571428571428571
7721.28
3.792212210438462
122.03428571428572
0.17433469387755102
4.9647836734693875
343.31142857142856
0.33661020408163267
4.812857142857143
47.848571428571425
238.89857142857142
11.674960317460318
0.305515873015873
0.04943626723176042
0.18658344446244107
0.02650143700484309
