1.0
1.0
1.0
40.0
30.0
1.0
232.0575
113.0
255.0
1.0
1.0
1.0
40.0
30.0
1.0
0.0
0.0
0.0
40.0
30.0
1.0
1040.0
1.0
21.27019230769231
14.205769230769231
0.0
21.27019230769231
14.205769230769231
0.0
0.8117456034111921
0.0
0.0
41.22556486442435
40.0
30.0
49.4064773081425
49.4064773081425
1004.6666666666666
33.46467102683938
0.2263389169521596
2143.250267318983
2.133294891160235
1040.0
228.0
255.0
61355239.0
1.2119880507944987
15.0
3.6813293498925677
255.0
8.207734837278108
242.6701923076923
244.0
204.0
51.0
6.670254201284778
242.88973242066987
-0.8927938849028398
61355239.0
0.48537167159763317
106.59988073224852
5.427814931274746
2.2826027754209237
2.335020915478518
0.226046835106981
1.026220344071754
0.15611570337920452
0.7358390016992331
0.15611570337920452
0.6204160869073362
0.1309467549797938
0.3846046639652358
1.8085646732454483
-0.4372803846468059
0.7945312149136498
0.9219421483103978
0.9843884296620796
0.9219421483103978
0.9609710741551989
0.15611570337920452
0.5464804670297432
1.6524489698662443
0.29558401186273964
77.27839859173501
0.36894320284339194
0.5136572001490048
4.625523704401287
52.15591810659649
297.0589350668753
11.000453975078807
0.395166880158486
4.494751106890836
27.89447775642657
0.13062656701364017
0.20072115384615385
24.83121414442681
0.33055509508090103
0.9841249605035363
0.22590679903459623
8.11111111111111
0.4506172839506173
0.6820987654320988
3.2777777777777777
17003.777777777777
96030.77777777778
3496.472222222222
0.6774691358024691
2.3333333333333335
0.12962962962962962
0.15386008958856373
0.6409512097332061
0.09829162367890525
3.9057645846554476
0.01730769230769231
13665.506172839505
3.2811078163919096
292.0403846153846
0.2808080621301775
3.7772744082840237
504.78653846153844
0.31919748520710056
5.407692307692308
58.45192307692308
329.875
12.364316239316238
0.25384615384615383
0.029851768119997287
0.12928694861135337
0.013552283077632366
