1.0
1.0
1.0
40.0
30.0
1.0
208.75583333333333
134.0
255.0
1.0
1.0
1.0
40.0
30.0
1.0
0.0
0.0
0.0
40.0
30.0
1.0
734.0
1.0
17.77384196185286
15.814713896457766
0.0
17.77384196185286
15.814713896457766
0.0
0.6559832109387894
0.0
0.0
48.86546377434918
40.0
30.0
45.65084884205331
45.65084884205331
689.5
32.05492383071067
0.2426108987946443
1555.7148528910259
2.2562942028876374
734.0
220.3
249.0
41798194.0
0.9920539615530579
9.0
4.755605118730487
255.0
8.215392496788898
238.3623978201635
241.0
201.0
54.0
4.700693937180422
238.63312509450688
-1.4488395400586895
41798194.0
0.62524036855274
129.13569779269278
4.133105258481924
2.0103351164453063
1.662605725580108
0.1507914445259742
0.5667424776636009
0.20023366716591223
0.47705690985713767
0.19867603476715834
0.7198341558323292
0.15981428462006692
0.5186929254130149
1.6077839811150565
-0.2066876801519828
0.5453684433388979
0.9008177458562963
0.9800485240095052
0.9009215880162131
0.9504088729281481
0.19731310641824873
0.7095591725321433
1.4026927518872099
0.19174403620737823
80.47217924866308
0.39627632293497017
0.460142799024428
3.556533501423124
31.934927582681237
131.57529477264063
8.509156637210772
0.5154374991115402
3.719868857747975
48.35269956522839
0.23293699685877195
0.27622615803814715
17.84737765225608
0.482776440151347
1.2650327083908737
0.3574342084115111
13.695652173913043
0.5954631379962193
0.6843100189035917
2.869565217391304
14179.04347826087
57219.04347826087
3552.183574879227
0.7741545893719808
2.8260869565217392
0.12287334593572778
0.25018629330240044
0.9870354012717333
0.1683141140428234
3.5883543471732287
0.031335149863760216
13160.6011342155
3.052590516517278
155.8283378746594
0.21230018784013543
5.165789336916897
458.9264305177112
0.22448752310879133
4.062670299727521
51.2724795640327
218.34059945504086
13.174841053587649
0.3372691492582501
0.04556177670886702
0.1478285954481702
0.027496882289978257
