1.0
1.0
1.0
40.0
30.0
1.0
242.22583333333333
176.0
255.0
1.0
1.0
1.0
40.0
30.0
1.0
0.0
0.0
0.0
40.0
30.0
1.0
1044.0
1.0
19.091954022988507
15.159003831417625
0.0
19.091954022988507
15.159003831417625
0.0
0.7301969575786835
0.0
0.0
45.72527963657701
40.0
30.0
49.4064773081425
49.4064773081425
1000.3333333333334
33.388460075063065
0.22242263251781955
2174.711453102687
2.1739867908390735
1044.0
238.0
255.0
63948833.0
0.9807878060823738
7.0
3.739936353906059
255.0
4.8482387956724065
247.4147509578544
249.0
228.0
27.0
3.568267859776782
247.4947907652577
-1.0772369653121645
63948833.0
0.5132576591653087
39.612464401579544
2.2112173892029823
1.4274442300404293
0.8805793198632776
0.22214891284936977
0.8366961304776399
0.1422306018366119
0.7094090391222201
0.1422306018366119
0.5850002588042417
0.12114829187254872
0.38938834197032546
1.567169508180108
-0.4085434603251048
0.7386325290632857
0.9288846990816941
0.9715538796326777
0.9288846990816941
0.9525897993877961
0.1422306018366119
0.5014404690412647
1.4249389063434963
0.2447316830785629
106.45035584017086
0.5105726467542285
0.24471367662288573
2.287834992216192
48.92946429757929
109.75000871963783
33.72432819206466
0.678041251945952
4.369182696264238
25.149943772653945
0.11595882190697002
0.19995210727969348
20.774389451619733
0.26764625008052145
0.6381772703584844
0.17501349501103067
5.909090909090909
0.5371900826446281
0.23140495867768596
2.909090909090909
26828.0
54689.0
19862.75
0.5227272727272727
1.0
0.09090909090909091
0.11170620371971883
0.16318101878030322
0.09883749995457274
3.4594316186372938
0.01053639846743295
17820.26446280992
3.304669740721951
278.68390804597703
0.26693860923944157
3.2745592401755697
535.8409961685824
0.24337117041734557
2.2557471264367814
58.04022988505747
130.3706896551724
39.957614942528735
0.6860632183908046
0.025588320710361625
0.05872760481374329
0.017303499684516204
