1.0
1.0
1.0
40.0
30.0
1.0
232.56666666666666
186.0
255.0
1.0
1.0
1.0
40.0
30.0
1.0
0.0
0.0
0.0
40.0
30.0
1.0
767.0
4.0
21.907431551499347
12.98696219035202
0.0
21.907431551499347
12.98696219035202
0.0
0.6745112199756514
0.0
0.0
49.35753889396683
40.0
30.0
49.4064773081425
49.4064773081425
706.0833333333334
33.29221377436523
0.23181078377397876
1654.1991603064573
2.3427817684028662
767.0
232.0
255.0
45320255.0
0.7860817815903616
12.0
1.9674951886460903
255.0
6.549485032016576
242.95306388526728
243.0
229.0
26.0
5.840859071996278
243.07958735522712
-0.033969988869508826
45320255.0
0.6407887959829268
61.494537548721816
1.6953971526126956
1.2532148250348831
0.9939325232641592
0.5566422486982708
0.6276874548665129
0.1284946449839065
0.6610531722552844
0.1284946449839065
0.5490240849394307
0.11135520231677035
0.51055374775802
1.3348230117178446
-0.3653039955391705
0.6653077766552399
0.9357526775080468
0.9743010710032187
0.9357526775080468
0.9571684516720312
0.1284946449839065
0.6825378524731638
1.2063283667339388
0.18904552496260488
108.84465765107211
0.5870726944502629
0.20646365277486853
1.8765807748538013
32.8901441972988
51.3198852165135
28.282708942495127
0.7808548062865497
4.00153640513702
26.76278021442495
0.13938497638145206
0.24119947848761408
13.524578456021498
0.30395598016857106
0.661242014260622
0.21463447164555824
7.461538461538462
0.5739644970414202
0.21301775147928992
3.076923076923077
21137.0
25679.923076923078
20001.26923076923
0.4807692307692308
1.4615384615384615
0.11242603550295859
0.12351423561565858
0.48904300649768007
0.03213204289515319
3.2389012566026274
0.01694915254237288
17656.0
3.3026185650579016
158.79661016949152
0.2070359976134179
3.405734256462385
491.4850065189048
0.17960560200853665
1.7040417209908736
53.396349413298566
87.48761408083442
44.8735332464146
0.8239895697522817
0.029225842070373948
0.059706393265210864
0.02160570427166473
