1.0
1.0
1.0
40.0
30.0
1.0
249.1125
215.0
255.0
1.0
1.0
1.0
40.0
30.0
1.0
0.0
0.0
0.0
40.0
30.0
1.0
885.0
4.0
21.24406779661017
12.287005649717514
0.0
21.24406779661017
12.287005649717514
0.0
0.6815210582237683
0.0
0.0
48.90377208148659
40.0
30.0
49.4064773081425
49.4064773081425
831.5
33.32895050010872
0.22903623806116613
1867.044883445038
2.245393726331976
885.0
248.0
255.0
56696972.0
0.6743585538509962
4.0
3.0156267000949515
255.0
2.362736123080852
253.09378531073446
255.0
246.0
9.0
1.8625498622589565
253.10941337935841
-1.2125550050332499
56696972.0
0.7081400619234575
7.910978326789875
3.5087825879987555
1.8510841482849543
0.9043424025438546
-0.5243990778817201
0.4179953578628125
0.08893971371221437
0.6487278601227183
0.08893971371221437
0.43128441344809565
0.0808450109363241
0.6656874532761624
0.9879436577224345
-0.37231951194992324
0.6002072217214642
0.9555301431438928
0.9822120572575571
0.9555301431438928
0.9703534287625952
0.08893971371221437
0.806614291428847
0.8990039440102204
0.1267337678937567
78.29058403344291
0.5029559815345899
0.24852200923270507
2.571707455659727
84.80799289045646
326.8156314384006
24.306083253470433
0.6070731360850683
4.081269499859594
24.005444656684823
0.15254276026432667
0.17570621468926553
49.343625717881736
0.3764992928887181
0.6632758314268333
0.3048051582541892
18.75
0.78125
0.109375
1.375
20972.208333333332
83133.95833333333
5431.770833333333
0.90625
5.833333333333333
0.24305555555555555
0.49123908768366714
0.49322898415048483
0.4907416135669626
2.749389675512391
0.02711864406779661
19612.442708333332
2.5174882947939747
336.00564971751413
0.3796674008107504
4.028668645663762
626.7039548022599
0.14592996903827124
3.4677966101694917
61.70282485875706
229.03841807909603
19.868926553672317
0.38305084745762713
0.03697599652960159
0.08285702364226713
0.025505739751435202
