1.0
1.0
1.0
40.0
30.0
1.0
248.195
198.0
255.0
1.0
1.0
1.0
40.0
30.0
1.0
0.0
0.0
0.0
40.0
30.0
1.0
993.0
4.0
21.825780463242697
13.798590130916415
0.0
21.825780463242697
13.798590130916415
0.0
0.7957935518225125
0.0
0.0
44.15646715777784
40.0
30.0
49.4064773081425
49.4064773081425
937.3333333333334
35.13943183542215
0.22150374651261207
2091.0564442609216
2.230856803976801
993.0
246.0
255.0
62661170.0
0.8621678481731123
5.0
2.5774014077291456
255.0
2.6612389445149276
251.18227593152065
252.0
243.0
12.0
2.2938493072750887
251.20288659094138
-0.6985313060162727
62661170.0
0.5924543303628926
10.35448948277418
3.1670341947715754
1.749480913702551
0.9046763934787059
-0.5050167179442099
0.588137550456296
0.16281709267215633
0.5657284241654272
0.16281709267215633
0.6374134790364872
0.13561834038166173
0.48890433805411204
1.407241683326957
-0.2665426032200916
0.5861082733065333
0.9185914536639218
0.9674365814655687
0.9185914536639218
0.9457276357759479
0.16281709267215633
0.668072367366473
1.2444245906548008
0.1877386607821131
119.14027718544475
0.506661280331669
0.24666935983416546
2.337824349844748
43.32043048689479
159.8074033246447
14.19868727745731
0.665543912538813
3.8511720980762725
40.03582077088633
0.16587357730728144
0.23716012084592145
23.812345759563264
0.3826128054122007
0.6155956729838097
0.3243670885192986
12.5
0.625
0.1875
1.75
24922.85
97183.55
6857.675
0.8125
2.8
0.14
0.33465534464987523
0.6411660727550557
0.2580276626235801
3.5219280948873584
0.02014098690835851
22457.727500000005
3.1269996682400674
232.14803625377644
0.2337845279494224
4.08813963606271
588.3071500503524
0.20377283481855363
3.1450151057401814
54.536757301107755
190.69385699899294
20.497482376636455
0.4637462235649547
0.03496729579340594
0.08367304090335549
0.022790859515918558
