1.0
1.0
1.0
40.0
30.0
1.0
241.44916666666666
195.0
255.0
1.0
1.0
1.0
40.0
30.0
1.0
0.0
0.0
0.0
40.0
30.0
1.0
808.0
6.0
20.66460396039604
13.908415841584159
0.0
20.66460396039604
13.908415841584159
0.0
0.705950723803326
0.0
0.0
47.4474591510869
40.0
30.0
49.4064773081425
49.4064773081425
737.4166666666666
33.49556813033854
0.22577776330267482
1748.282421427146
2.3708203251356936
808.0
241.0
255.0
50136687.0
0.9906278388059148
8.0
2.2150395581461972
255.0
4.25811807665915
249.04826732673268
250.0
238.0
17.0
3.542841490138785
249.0990871079615
-0.643620402580321
50136687.0
0.5064822076267033
25.31573957210077
2.745496737943514
1.616008829642451
0.8257720859316963
-0.29372777964194996
0.7406554259577903
0.20505950196767891
0.5656146700691282
0.20505950196767891
0.7271762028571807
0.16192923029679068
0.36521330574047467
1.6766844716022924
-0.25382263529262256
0.6135176289443693
0.8974702490161606
0.9589880996064641
0.8974702490161606
0.9316468326774404
0.20505950196767891
0.5134790786586116
1.4716249696346138
0.23642873198136732
136.70424355603382
0.5371040394301658
0.23144798028491706
2.0926603552127534
21.086395917823346
67.98810187138662
9.360969429432528
0.7268349111968117
3.5360488210074643
55.301436076874936
0.21139059039844044
0.3152846534653465
10.183174204678895
0.4321309554740152
0.7222677763406288
0.35959675025736193
12.428571428571429
0.5918367346938775
0.20408163265306123
1.8571428571428572
11175.142857142857
35384.57142857143
5122.785714285715
0.7857142857142857
2.238095238095238
0.10657596371882086
0.21518657157333965
0.2970823405357659
0.19471262933273306
3.8442328987631877
0.02599009900990099
9694.725623582764
3.5823514642384744
130.89356435643563
0.16199698558964806
4.138117586511126
409.23762376237624
0.24675889618664837
2.6707920792079207
46.0990099009901
141.6460396039604
22.212252475247524
0.5823019801980198
0.04050480273013129
0.0844321036766375
0.029522977493504736
