1.0
1.0
1.0
40.0
30.0
1.0
254.79833333333335
212.0
255.0
1.0
1.0
1.0
40.0
30.0
1.0
0.0
0.0
0.0
40.0
30.0
1.0
1194.0
1.0
19.59547738693467
14.467336683417086
0.0
19.59547738693467
14.467336683417086
0.0
0.7538368075767632
0.0
0.0
45.974249736803486
40.0
30.0
49.4064773081425
49.4064773081425
1158.6666666666667
34.657081652328785
0.21814752045964853
2445.529196905466
2.110640848882738
1194.0
255.0
255.0
77616209.0
0.032368049864122624
0.0
258.34855042595615
255.0
0.07813354881609556
254.9606365159129
255.0
244.0
11.0
0.0
254.9611738432034
-15.289748293734785
77616209.0
0.9933222786181046
0.2739949047302396
3.991674061556053
1.9978100084445687
0.01031267983712627
-0.006907636671803755
0.005227742602364468
0.0035119275553068935
0.14109741527212505
0.0035119275553068935
0.03360358266114285
0.0034991666957286645
0.9921309982254356
0.04171950404679503
-0.10460340918615267
0.04161905020308782
0.9982440362223466
0.9992976144889386
0.9982440362223466
0.9988293574815644
0.0035119275553068935
0.9960540446669153
0.03820757649148846
0.00218491753941784
50.49451333686628
0.876051766820282
0.06197411658985898
3.797890832008479
718.5406041335452
2873.8269740328565
179.71901165871753
0.3005272919978802
2.9062089353641603
14.805758699876346
0.34897235032345225
0.04773869346733668
105.77662949480856
0.09009427400819141
0.1730827428560595
0.06934715679622439
1.6666666666666667
0.5555555555555556
0.2222222222222222
2.0
472036.6666666667
1888136.6666666667
118011.66666666667
0.75
1.0
0.3333333333333333
0.37037060575864333
0.3703713119234622
0.3703704292174386
1.5849625007211552
0.002512562814070352
313632.6666666666
0.6408569423805072
933.6247906197655
0.7819303104018136
1.1322020487698121
1186.0268006700167
0.00333886069094776
3.9899497487437188
75.4036850921273
301.56951423785597
18.86222780569514
0.25251256281407036
0.015599619702400471
0.058350460942488545
0.004911909392378454
