1.0
1.0
1.0
40.0
30.0
1.0
251.04833333333335
224.0
255.0
1.0
1.0
1.0
40.0
30.0
1.0
0.0
0.0
0.0
40.0
30.0
1.0
895.0
1.0
21.80782122905028
14.444692737430168
0.0
21.80782122905028
14.444692737430168
0.0
0.8264547322092572
0.0
0.0
45.875892494991
40.0
30.0
49.4064773081425
49.4064773081425
837.5833333333334
37.91434844680846
0.22588021921140625
1902.3537342399566
2.2712411512167425
895.0
250.0
255.0
57610866.0
0.3243323276669756
2.0
3.652512877330291
255.0
1.4612552666895564
253.7050279329609
255.0
249.0
6.0
1.0937113873200885
253.71181029184322
-1.3975064663403953
57610866.0
0.8885777597453264
3.441483099778409
3.8555555875021845
1.9590929479450736
0.2900266912650736
-0.1682850730874697
0.1134538842772137
0.04344651266607166
0.44128723933945346
0.04344651266607166
0.25744369549551277
0.04153400685325741
0.8800157946750999
0.43565870538329715
-0.22796595735684194
0.3219919637809099
0.9782767436669642
0.9913106974667856
0.9782767436669642
0.9855178291113094
0.04344651266607166
0.9373696916120375
0.39221219271722574
0.039225099235821334
74.70939479675172
0.5811268954313786
0.2094365522843107
3.091363156735196
105.67611837756984
420.22878764160896
27.037951061560047
0.4771592108162011
4.036798763177956
14.129053079934911
0.10945772258278674
0.14217877094972065
47.87602399586228
0.29445235494853195
0.49207880088252476
0.24504574346503374
15.421052631578947
0.8116343490304709
0.09418282548476455
1.3157894736842106
37244.89473684211
148921.0
9325.868421052632
0.9210526315789473
7.421052631578948
0.39058171745152354
0.6210741882700271
0.7789691483540079
0.5816004482490321
1.9990298316961859
0.021229050279329607
35025.98891966759
1.8795021014593207
405.04245810055863
0.4525614056989482
3.2894928373022063
795.2770949720671
0.05571112012733685
3.822346368715084
65.1094972067039
257.9541899441341
16.89832402234637
0.29441340782122905
0.03328756909343501
0.08490123597545783
0.02038415237292931
