1.0
1.0
1.0
40.0
30.0
1.0
235.37083333333334
200.0
255.0
1.0
1.0
1.0
40.0
30.0
1.0
0.0
0.0
0.0
40.0
30.0
1.0
693.0
6.0
16.953823953823953
14.698412698412698
0.0
16.953823953823953
14.698412698412698
0.0
0.8009008758117778
0.0
0.0
46.71899996487898
40.0
30.0
49.4064773081425
49.4064773081425
630.5833333333334
37.41728798892199
0.2368873050259997
1501.1957605181092
2.3806461115656545
693.0
236.2
251.0
41370982.0
0.7259501452943729
9.0
2.078667454629807
255.0
4.532490437252342
244.27417027417027
244.0
234.0
21.0
3.519503546099291
244.33253308633857
-0.10249830940481768
41370982.0
0.6775839200081625
28.516461252391984
1.5812561278523358
1.2177058086858596
0.9143929938023705
0.5258854910979623
0.5374759438857111
0.14372259641048613
0.5783270018265996
0.14372259641048613
0.5877409167878409
0.12206610940328635
0.537334620448615
1.2947251872271095
-0.2874187630937543
0.5834426410536824
0.928138701794757
0.9712554807179028
0.928138701794757
0.9520924678631713
0.14372259641048613
0.7104328931088975
1.151002590816624
0.1702996350740493
109.03202865448506
0.5914533047566563
0.20427334762167187
1.860296407807309
28.729683606727576
39.53484608596345
26.028392986918604
0.7849258980481728
3.7999981526099917
33.78306945598007
0.17461264446767713
0.2665945165945166
12.35314784435127
0.3623865714064157
0.7410603273322623
0.26771813242495407
9.11111111111111
0.5061728395061729
0.24691358024691357
2.3333333333333335
13981.388888888889
15073.722222222223
13708.305555555555
0.6666666666666666
3.111111111111111
0.1728395061728395
0.39320991712774817
0.7938214930662775
0.2930570231431158
3.503258334775641
0.025974025974025976
12499.138888888889
3.3734742320647193
127.96681096681097
0.18465629288140112
4.0343238611636885
469.5656565656566
0.16120803999591876
1.606060606060606
51.19336219336219
75.12409812409813
45.21067821067821
0.8484848484848485
0.039629775738524796
0.07453696159667436
0.030902979273987396
