1.0
1.0
1.0
40.0
30.0
1.0
240.15833333333333
183.0
255.0
1.0
1.0
1.0
40.0
30.0
1.0
0.0
0.0
0.0
40.0
30.0
1.0
840.0
6.0
24.258333333333333
15.066666666666666
0.0
24.258333333333333
15.066666666666666
0.0
0.8409314156643076
0.0
0.0
40.997492513566215
40.0
30.0
47.70744176750625
47.70744176750625
781.75
34.47607941812009
0.23018988775052407
1782.8294931358657
2.2805621914114047
840.0
239.0
254.0
51390754.0
0.9361764916347485
7.0
2.3992626287118544
255.0
4.211201814058956
247.2904761904762
248.0
236.0
19.0
3.1650581260970863
247.34483832823165
-0.4481997250139631
51390754.0
0.5435827664399093
26.88943310657596
2.051116067931953
1.3787366184409597
0.8775417940866179
0.3331675267368328
0.7709364152473537
0.17018757478185048
0.638527706636376
0.17018757478185048
0.6541150130307749
0.14042471471953644
0.3890132902658615
1.6022129702916568
-0.3261286224405769
0.6766993482852207
0.9149062126090748
0.9659624850436299
0.9149062126090748
0.9432708084060499
0.17018757478185048
0.5361695941681153
1.4320253955098068
0.23528099750730103
119.61639365247245
0.5464074206804721
0.22679628965976392
2.0434102012036965
28.98134602547264
58.525720446453704
21.595252420227368
0.7391474496990759
3.936559355637187
35.59872790340031
0.15877337167617692
0.2607142857142857
12.982058234405795
0.3281268032508281
0.6861872537747518
0.23861169061984716
10.0
0.5555555555555556
0.2222222222222222
3.0
13994.888888888889
20510.222222222223
12366.055555555555
0.5
2.111111111111111
0.11728395061728394
0.2794565832646495
1.0686718822310473
0.08215275852304997
3.5032583347756416
0.02142857142857143
11817.111111111108
3.497999819692618
170.43809523809523
0.20290249433106575
3.606938775510204
456.6095238095238
0.22820861678004534
2.057142857142857
51.41428571428571
106.79285714285714
37.56964285714286
0.7357142857142858
0.034152244440545175
0.0799616597079749
0.022699890623687748
