1.0
1.0
1.0
40.0
30.0
1.0
254.815
241.0
255.0
1.0
1.0
1.0
40.0
30.0
1.0
0.0
0.0
0.0
40.0
30.0
1.0
1181.0
1.0
19.353090601185436
14.726502963590178
0.0
19.353090601185436
14.726502963590178
0.0
0.7372037816447533
0.0
0.0
46.29730128212499
40.0
30.0
49.4064773081425
49.4064773081425
1145.9166666666667
34.13054558512903
0.21887991636948753
2419.4328205882885
2.111351454225835
1181.0
255.0
255.0
76775726.0
-3.203426503814917e-16
0.0
150.89629869174698
255.0
0.06122626026968904
254.96867061812023
255.0
251.0
4.0
0.0
254.9687865872702
-10.975029726150401
76775726.0
1.0
0.05913701343814459
1.0
1.0
0.0
0.0
0.0
0.0
1.0
0.0
-3.203426503814917e-16
0.0
1.0
-3.203426503814917e-16
0.0
0.0
1.0
1.0
1.0
1.0
0.0
1.0
-3.203426503814917e-16
0.0
52.75
1.0
0.0
1.0
766.9183973861284
766.9183973861284
766.9183973861284
1.0
2.8231850290931635
13.471952639751553
0.35854555895195983
0.044665537679932255
64.06902547540115
0.027902532016246845
0.027902532016246845
0.027902532016246845
1.0
1.0
0.0
1.0
1394761.0
1394761.0
1394761.0
1.0
1.0
1.0
7.169687136362431e-07
7.169687136362431e-07
7.169687136362431e-07
-3.203426503814917e-16
0.000846740050804403
0.0
0.6035662552207939
931.0846740050804
0.7883866841702628
0.9815488101545712
1181.0
0.0
1.0
75.67739204064353
75.67739204064353
75.67739204064353
1.0
0.014286925914405654
0.014286925914405654
0.014286925914405654
