1.0
1.0
1.0
40.0
30.0
1.0
231.64416666666668
184.0
255.0
1.0
1.0
1.0
40.0
30.0
1.0
0.0
0.0
0.0
40.0
30.0
1.0
598.0
10.0
23.9247491638796
11.633779264214047
0.0
23.9247491638796
11.633779264214047
0.0
0.7222213309871297
0.0
0.0
47.32078974448891
40.0
30.0
49.4064773081425
49.4064773081425
524.4166666666666
34.1760837526269
0.23960517044730123
1312.5189914954155
2.5028170821460334
598.0
234.0
251.30000000000007
35480764.0
0.6665783579949198
9.0
2.2122155623797215
255.0
5.101755013926019
243.50501672240802
244.0
232.0
23.0
3.949195429728162
243.58239113471032
-0.1213541330379005
35480764.0
0.7126654064272211
37.68810192279729
1.554214032321229
1.208025954354372
0.9091567411598553
0.5250865723482062
0.5189328499625993
0.13972766148377386
0.577810006966325
0.13972766148377386
0.5793201953803998
0.11949008546779954
0.551179658809014
1.265923478865835
-0.284575668052073
0.5796625628731668
0.930136169258113
0.9720544677032453
0.930136169258113
0.9534241128387421
0.13972766148377386
0.722110214903741
1.1261958173820614
0.1646651278615933
120.87458069402426
0.6721825434086702
0.16390872829566486
1.6206994523907365
25.344049320938606
33.48961005887854
23.307659136453623
0.8448251369023159
3.4665085096189667
37.65787703132518
0.202800371440409
0.29974916387959866
12.91650120993037
0.40707496369825985
0.6833146380053414
0.33801504512148944
10.1
0.505
0.2475
2.35
5536.9
6135.1
5387.35
0.6625
2.3
0.115
0.22616775248545054
0.6460941449806173
0.12118615436165876
3.884183719779183
0.033444816053511704
4642.89
3.333258800739197
111.15050167224081
0.18587040413418193
4.17270500329974
426.17391304347825
0.14366729678638943
1.5217391304347827
47.759197324414714
70.31438127090301
42.12040133779264
0.8695652173913043
0.040813961841394554
0.0755506992528214
0.03212977748853784
