1.0
1.0
1.0
40.0
30.0
1.0
243.42833333333334
192.0
255.0
1.0
1.0
1.0
40.0
30.0
1.0
0.0
0.0
0.0
40.0
30.0
1.0
952.0
3.0
22.863445378151262
13.009453781512605
0.0
22.863445378151262
13.009453781512605
0.0
0.7321310986190668
0.0
0.0
43.450527111096015
40.0
30.0
49.4064773081425
49.4064773081425
911.0833333333334
31.811482149424272
0.22995289484703324
1976.441562037606
2.169331267214056
952.0
242.0
255.0
60031330.0
0.8503053124916276
6.0
3.902906290161074
255.0
4.454920203375464
251.05252100840337
254.0
233.0
22.0
2.984776678082239
251.1137585794517
-1.4024873076522726
60031330.0
0.6001187239601722
30.751443224348566
3.1683008837658444
1.7393296030999035
1.0644022672024789
-0.5950786275249482
0.6714990462652083
0.09937585106773093
0.7419832565988369
0.09937585106773093
0.4643426818572283
0.08915941141128425
0.5254031399222461
1.2708485471913415
-0.46450560413160324
0.7297126632724107
0.9503120744661344
0.9801248297864538
0.9503120744661344
0.9668747163107564
0.09937585106773093
0.6896416775660379
1.1714726961236108
0.19271872433323484
76.11356812885455
0.5007721887252103
0.24961390563739486
2.500535499218488
89.51684955795103
323.10935722565296
31.11872264102554
0.624866125195378
4.405161284171122
17.902936166431743
0.11383830267481954
0.15966386554621848
45.85450119770964
0.29118697414580313
0.5276509421098317
0.23207098215479594
6.846153846153846
0.5266272189349113
0.23668639053254437
2.1538461538461537
33808.46153846154
126774.07692307692
10567.057692307691
0.7115384615384616
1.4615384615384615
0.11242603550295859
0.1994754771976295
0.4624056251319612
0.13374294021404656
3.5465935642949344
0.01365546218487395
28445.715976331358
2.7579788099889364
354.2542016806723
0.37211575806793307
3.1983087352588093
571.313025210084
0.19994063801991385
3.171218487394958
62.838235294117645
210.42752100840337
25.940913865546218
0.4571953781512605
0.02500045272738725
0.06705865944261302
0.014485901048580808
