1.0
1.0
1.0
40.0
30.0
1.0
249.1225
198.0
255.0
1.0
1.0
1.0
40.0
30.0
1.0
0.0
0.0
0.0
40.0
30.0
1.0
1081.0
1.0
18.585568917668827
13.225716928769657
0.0
18.585568917668827
13.225716928769657
0.0
0.6897205257968464
0.0
0.0
46.44999096054412
40.0
30.0
49.4064773081425
49.4064773081425
1041.9166666666667
32.03751218856525
0.221766847013206
2241.177012633536
2.151013688842872
1081.0
245.0
255.0
68531397.0
0.7587799795591161
3.0
4.118790827323169
255.0
3.2144680508762544
251.75300647548565
254.0
239.0
16.0
1.9268812534521746
251.78621278233453
-1.5176105209111739
68531397.0
0.6576507345358951
16.720677825119953
3.3419569220100627
1.7963368422146213
1.0394796902925947
-0.6014238755731172
0.554601561580858
0.09410720926760222
0.7095963328577657
0.09410720926760222
0.4479040817780691
0.08500084111164272
0.5906447734641271
1.1434807248650696
-0.4315440449825845
0.680731034613602
0.952946395366199
0.9811785581464795
0.952946395366199
0.9686309302441326
0.09410720926760222
0.74928323758082
1.0493735155974675
0.16217719271211506
79.75078609625669
0.5015839045889058
0.24920804770554714
2.526058155080214
124.05124114304813
473.653080381016
36.65078133355615
0.6184854612299465
4.246207261613634
19.935486519607842
0.1221217732241662
0.14708603145235893
72.30864662373081
0.2942474803617259
0.5892837740533377
0.22048840693882302
5.8
0.58
0.20999999999999996
3.1
67887.9
259083.3
20089.05
0.475
1.4
0.14
0.15512189125303633
0.5452206238824376
0.05759720809568597
3.12192809488736
0.009250693802035153
56202.28999999999
2.428049044106832
447.56059204440334
0.41402459948603454
3.0372363958749267
710.9204440333025
0.1711746327320525
3.3422756706753005
64.24144310823311
227.8399629972248
23.3418131359852
0.4144310823311748
0.02313942682290993
0.0677083024510726
0.011997207915869263
