1.0
1.0
1.0
40.0
30.0
1.0
240.28916666666666
185.0
255.0
1.0
1.0
1.0
40.0
30.0
1.0
0.0
0.0
0.0
40.0
30.0
1.0
975.0
5.0
21.375384615384615
14.343589743589744
0.0
21.375384615384615
14.343589743589744
0.0
0.7375180785706537
0.0
0.0
45.10140290104107
40.0
30.0
49.4064773081425
49.4064773081425
924.25
33.263100008416714
0.22441126571955392
2044.7133949753113
2.2122947200165664
975.0
236.0
255.0
59087472.0
0.9826284462773259
14.0
1.6957340633218494
255.0
6.73287573964497
246.06153846153848
246.0
231.0
24.0
6.0551571771241
246.17582209594707
-0.24420782521859313
59087472.0
0.5119926364234055
56.254674556213004
2.2898852563866763
1.4517448931862496
0.881069541669485
0.15455475926982473
0.8598022930471204
0.130698846344145
0.7362679596117581
0.130698846344145
0.5525806168522631
0.11259043590288705
0.39215899440148017
1.5447512094532867
-0.4447497407101003
0.7602317144571906
0.9346505768279275
0.9738602307311709
0.9346505768279275
0.956433717885285
0.130698846344145
0.482905683641678
1.4140523631091422
0.24762528484781637
109.29042204826266
0.5535010284978796
0.22324948575106018
2.0094970885430494
48.16176410673623
116.1921720735672
31.154162115028488
0.7476257278642376
4.24679466292417
24.402445343737803
0.11705361969243286
0.20256410256410254
19.126397636020343
0.2713884058253555
0.4088476951459824
0.2370235834951988
4.555555555555555
0.5061728395061729
0.24691358024691357
2.3333333333333335
47035.666666666664
93685.0
35373.333333333336
0.6666666666666666
1.0
0.1111111111111111
0.0482633892310361
0.08987529583438993
0.03786041258019764
3.169925001442309
0.009230769230769232
35299.555555555555
3.2703432820799128
264.24102564102566
0.2710164365548981
3.3062458908612755
499.1928205128205
0.24400368178829715
2.267692307692308
57.76307692307692
136.43384615384616
38.09538461538462
0.683076923076923
0.02487470104851057
0.051034504913076345
0.018334750082369133
