1.0
1.0
1.0
40.0
30.0
1.0
237.4375
198.0
255.0
1.0
1.0
1.0
40.0
30.0
1.0
0.0
0.0
0.0
40.0
30.0
1.0
878.0
3.0
22.266514806378133
15.561503416856493
0.0
22.266514806378133
15.561503416856493
0.0
0.7475427703739496
0.0
0.0
48.46982964253548
40.0
30.0
49.4064773081425
49.4064773081425
826.5
36.23327073053435
0.23104636350877672
1843.374430042143
2.2303380883752486
878.0
236.0
254.0
52574766.0
0.8663258634578332
11.0
1.8769490253391419
255.0
5.674046938320164
244.61503416856493
243.0
232.0
23.0
4.825952892639204
244.70419593454596
0.12564123197013438
52574766.0
0.5897566949112967
43.628566684481726
1.8358479028997234
1.294069691275498
1.0655430136573556
0.5691662972761624
0.7375964715335663
0.09272234185354147
0.7765438587972076
0.09272234185354147
0.44289485911501375
0.08383549810522166
0.5010050952012244
1.3028174160219002
-0.5090133576071599
0.7654286810517937
0.9536388290732294
0.9814555316292917
0.9536388290732294
0.9690925527154861
0.09272234185354147
0.6595691377977312
1.210095074168359
0.20757970334677697
82.79703159806743
0.5422158261233839
0.22889208693830804
2.074951665391195
69.77319430692891
113.2251764762683
58.910198764594064
0.7312620836522012
4.361008151693155
16.890277159258122
0.10706795901502791
0.17425968109339407
31.835661807694382
0.23116892780487563
0.5383166723575343
0.15438199166671093
6.0
0.5
0.25
2.5
30939.166666666668
44444.416666666664
27562.854166666668
0.625
1.6666666666666667
0.1388888888888889
0.2834542105225852
1.0449381452315467
0.09308322684534481
3.1887218755408635
0.01366742596810934
25585.805555555555
2.9458525224544054
292.57858769931664
0.33323301560286633
3.136274718375268
517.8063781321184
0.20512165254435166
1.8644646924829158
60.98633257403189
109.75512528473804
48.79413439635535
0.783883826879271
0.026526787220836196
0.058956954301589024
0.01841924545064799
