1.0
1.0
1.0
40.0
30.0
1.0
252.25833333333333
198.0
255.0
1.0
1.0
1.0
40.0
30.0
1.0
0.0
0.0
0.0
40.0
30.0
1.0
1099.0
2.0
20.846223839854414
15.483166515013648
0.0
20.846223839854414
15.483166515013648
0.0
0.7185095942852981
0.0
0.0
45.04330234666371
40.0
30.0
49.4064773081425
49.4064773081425
1064.8333333333333
32.36404489437136
0.22374121628985422
2253.8545626852215
2.1166266044938693
1099.0
255.0
255.0
71295295.0
0.156603263942223
0.0
44.92227382102293
255.0
0.576300234889689
254.6960873521383
255.0
241.0
14.0
0.0
254.70155062505964
-6.375727295821029
71295295.0
0.9555390333341336
2.7829783217599586
3.9501652929986903
1.9857007610699136
0.12319099795912905
-0.06898172170444075
0.04249163564683087
0.013873980422099709
0.48046591793200955
0.013873980422099709
0.10414594351316118
0.013655729512892418
0.9581614624526422
0.17848381863445023
-0.3288582193492794
0.24112621934941303
0.99306300978895
0.9972252039155801
0.99306300978895
0.9953753398593002
0.013873980422099709
0.9787637708588637
0.16460983821235087
0.014091404017232646
40.985275611034865
0.6126375571642435
0.19368122141787822
3.199061482223397
502.91382472560826
2009.0823085962115
126.37170375795746
0.4502346294441507
3.8105055328867135
8.365948577965279
0.13751676008219055
0.0602820746132848
155.03945250422066
0.21830280657829346
0.2769901643089646
0.2036309671456257
2.5
0.625
0.1875
1.75
288442.25
1153549.25
72165.5
0.8125
1.0
0.25
0.06751757784730675
0.06751822805589366
0.06751741529516002
1.9999999999999987
0.003639672429481347
212954.6875
0.8835848651274713
811.6769790718836
0.7385595805931606
1.5872647894810488
1050.137397634213
0.022230483332933156
3.9317561419472247
74.13921747042767
295.6424021838035
18.763421292083713
0.26706096451319383
0.016626269993725257
0.05862367263489495
0.006126919333432831
