1.0
1.0
1.0
40.0
30.0
1.0
254.09416666666667
242.0
255.0
1.0
1.0
1.0
40.0
30.0
1.0
0.0
0.0
0.0
40.0
30.0
1.0
1118.0
1.0
20.158318425760285
14.338998211091234
0.0
20.158318425760285
14.338998211091234
0.0
0.7537259307157418
0.0
0.0
46.3747306537812
40.0
30.0
49.4064773081425
49.4064773081425
1068.3333333333333
34.95383702371308
0.2161394102363861
2338.2342362910595
2.188674792160118
1118.0
253.0
255.0
72415793.0
-3.203426503814917e-16
1.0
4.398902508901273
255.0
0.6287422275274367
254.5035778175313
255.0
252.0
3.0
0.5714467145039112
254.50466289383547
-1.4308688385584307
72415793.0
1.0
0.5523127806170615
1.0
1.0
0.0
0.0
0.0
0.0
1.0
0.0
-3.203426503814917e-16
0.0
1.0
-3.203426503814917e-16
0.0
0.0
1.0
1.0
1.0
1.0
0.0
1.0
-3.203426503814917e-16
0.0
80.75
1.0
0.0
1.0
342.3360355577337
342.3360355577337
342.3360355577337
1.0
4.061822470843142
6.102747148030167
0.08342246634457509
0.07222719141323793
99.13196692082364
0.05214621595325834
0.05214621595325834
0.05214621595325834
1.0
1.0
0.0
1.0
1249924.0
1249924.0
1249924.0
1.0
1.0
1.0
8.000486429574918e-07
8.000486429574918e-07
8.000486429574918e-07
-3.203426503814917e-16
0.0008944543828264759
0.0
1.1507914290444796
693.2969588550984
0.6201225034482096
1.3584345928232435
1118.0
0.0
1.0
72.29159212880143
72.29159212880143
72.29159212880143
1.0
0.015418958860957753
0.015418958860957753
0.015418958860957753
