1.0
1.0
1.0
40.0
30.0
1.0
222.74083333333334
144.0
255.0
1.0
1.0
1.0
40.0
30.0
1.0
0.0
0.0
0.0
40.0
30.0
1.0
996.0
1.0
19.316265060240966
13.825301204819278
0.0
19.316265060240966
13.825301204819278
0.0
0.7465564700509777
0.0
0.0
48.333237238800365
40.0
30.0
49.4064773081425
49.4064773081425
945.25
36.08349097913526
0.22256454985124496
2092.791314435022
2.2140082670563572
996.0
212.0
252.0
53838281.0
1.3502422414142239
19.0
2.2105912703584463
255.0
10.817006983758327
232.11345381526104
234.0
205.0
50.0
8.411590702233426
232.4962343694709
-0.09525674740674321
53838281.0
0.4404203158013581
177.84355393461396
3.7548353702970445
1.8606179407266774
4.755783584099131
0.19120784651689654
1.3544679876865198
0.18273297455420517
0.7622833475434548
0.18273297455420517
0.6798291888583432
0.1480038886198059
0.3201268356593223
2.1005678267535868
-0.4339782100806094
0.8253436295421579
0.9086335127228974
0.9817267025445795
0.9086335127228974
0.9543167563614487
0.18273297455420517
0.5049034180554595
1.9178348521993822
0.38430024056018125
97.03409867070168
0.3909984404034791
0.4701446143039423
3.6478758752560108
33.17028300731971
125.69915425155598
13.472519363748571
0.5048198220297427
4.449810373205241
41.65433790192331
0.16143581241011848
0.24899598393574296
15.286715349473411
0.35443128238854543
1.1671992202277912
0.20974400406843827
4.857142857142857
0.3469387755102041
0.693877551020408
4.142857142857143
24246.428571428572
93829.0
7597.769841269842
0.5317460317460317
1.2857142857142858
0.09183673469387756
0.033494130423819664
0.1255038497665317
0.022602690550563808
3.6644977792004574
0.014056224899598393
19185.122448979593
3.847212679247308
214.6144578313253
0.21547636328446315
3.837284882501895
438.6586345381526
0.39049773390751763
3.781124497991968
52.94979919678715
203.03413654618473
22.343038821954483
0.447512271307452
0.030613383396270902
0.11053626606451
0.015686309857406447
