1.0
1.0
1.0
40.0
30.0
1.0
233.88333333333333
190.0
255.0
1.0
1.0
1.0
40.0
30.0
1.0
0.0
0.0
0.0
40.0
30.0
1.0
421.0
8.0
24.885985748218527
11.657957244655583
0.0
24.885985748218527
11.657957244655583
0.0
0.6893940424523446
0.0
0.0
49.26831984651972
40.0
30.0
46.87216658103186
46.87216658103186
363.6666666666667
33.9652861838273
0.26228199582233913
939.4016283489527
2.5831392163582567
421.0
239.0
255.0
26165427.0
0.9805356631238917
13.0
1.5686159500178471
255.0
6.036221867400881
249.21377672209027
253.0
238.0
17.0
5.541309560248954
249.30033685746326
-0.533924900486586
26165427.0
0.5134308653189725
43.15144915679781
2.974630096272929
1.6768274457043142
1.0047170397867344
-0.4965224054672862
0.7620496928429098
0.11170448168002739
0.7432650649897017
0.11170448168002739
0.5030031012615837
0.09893924480741602
0.4641836679311154
1.3970317340490839
-0.45845729173237576
0.7488560934906277
0.9441477591599863
0.9776591036639946
0.9441477591599863
0.9627651727733242
0.11170448168002739
0.6209752048643005
1.2853272523690569
0.2184385436307343
72.3265708325491
0.5739143174818819
0.21304284125905903
1.9278291454921892
26.534501458686243
92.42694805194805
10.061389810370788
0.7680427136269528
3.3279912776883407
29.345011449902753
0.22612426118316867
0.3004750593824228
14.43595253495584
0.4633669096191006
0.6834815994873544
0.408338237152037
11.631578947368421
0.6121883656509696
0.19390581717451522
1.7894736842105263
2931.842105263158
10873.473684210527
946.4342105263158
0.8026315789473685
1.8421052631578947
0.09695290858725762
0.14527048894838207
0.17379337260842503
0.13813976803337127
3.93213803975937
0.04513064133016627
2440.869806094183
3.286434388755502
85.64133016627079
0.20342358709327976
5.091101945938016
216.15439429928742
0.2432845673405138
2.7458432304038003
48.60095011876484
158.0332541567696
21.242874109263656
0.5635391923990499
0.04451597565215935
0.08502173727325012
0.03438953524688665
