1.0
1.0
1.0
40.0
30.0
1.0
236.98416666666665
160.0
255.0
1.0
1.0
1.0
40.0
30.0
1.0
0.0
0.0
0.0
40.0
30.0
1.0
1178.0
1.0
19.758064516129032
14.70797962648557
0.0
19.758064516129032
14.70797962648557
0.0
0.7469086175373725
0.0
0.0
45.99619594501217
40.0
30.0
49.4064773081425
49.4064773081425
1139.75
34.35495512526714
0.2178416304639621
2422.2352102498644
2.125233788330655
1178.0
231.0
244.0
66672207.0
0.31935609975097007
8.0
3.651585027573551
255.0
4.429191372099123
237.83616298811546
238.0
215.0
40.0
3.2212747299578752
237.90291887983423
0.24586739705274668
66672207.0
0.905580809463826
31.758386635574094
4.1428043759983
2.030248290984501
0.36418417541293335
0.145898804263708
0.13173633361366222
0.04815534430838906
0.4643508544428022
0.047247491193500926
0.2749384232545279
0.045853764177336345
0.8677999614019128
0.5194744572639041
-0.2616185989126434
0.3746525724776625
0.9764670397147384
0.995226366482156
0.9765275632557309
0.9882335198573693
0.04645311971797381
0.9309412967462043
0.4674877131736699
0.044972919480512824
60.48718919916916
0.5392225915414334
0.28928389766961854
4.78223908653071
279.72768770689254
1124.3024162517531
69.89931864283179
0.2898840573370266
4.2489454046209545
14.873585706365573
0.13576069972290894
0.09401528013582344
145.4869108399536
0.31462758421098475
1.5353910739471912
0.12378572419847556
4.818181818181818
0.4380165289256198
0.8760330578512396
5.636363636363637
114086.0
456555.8181818182
28518.646464646466
0.446969696969697
1.3636363636363635
0.12396694214876033
0.16380362246218055
0.4641312296977615
0.130433858128156
3.4594316186372938
0.00933786078098472
102617.53719008263
1.4248640624800963
723.8183361629881
0.6144468048921801
2.385076141254061
1066.774193548387
0.048402950527641736
4.164685908319185
70.4125636672326
286.786078098472
17.505753631390302
0.252216562912658
0.019999174951374
0.08534539233067308
0.006423249379986681
