1.0
1.0
1.0
40.0
30.0
1.0
248.37
221.0
255.0
1.0
1.0
1.0
40.0
30.0
1.0
0.0
0.0
0.0
40.0
30.0
1.0
716.0
8.0
19.592178770949722
14.53072625698324
0.0
19.592178770949722
14.53072625698324
0.0
0.7417659418612442
0.0
0.0
49.08620720331391
40.0
30.0
49.4064773081425
49.4064773081425
628.6666666666666
36.410476718562336
0.2220242868721704
1598.443401400367
2.542592897243426
716.0
249.0
255.0
45754191.0
0.608440492278391
4.0
2.0083361607302943
255.0
2.1205408695109402
252.77793296089385
254.0
248.0
7.0
1.8370290117310144
252.78944083297475
-0.6763591808724801
45754191.0
0.7457827471052714
5.818004665896819
3.6207262807575757
1.8966355347390835
0.40811715559832407
-0.25811894545490116
0.23220721579269712
0.13836064691935013
0.25073899881208483
0.13836064691935013
0.5785534699702798
0.1189915509394022
0.6957245177045741
0.9223536905649464
-0.07460748580016063
0.24910502007302798
0.9308196765403249
0.97232787061613
0.9308196765403249
0.9538797843602165
0.13836064691935013
0.8274552112794086
0.7839930436455966
0.0926419656780118
116.04943437256495
0.523003337215811
0.23849833139209445
2.7951383691087637
22.618602739894545
88.0416599171821
6.262838445572653
0.5512154077228091
3.2464816349276053
52.62565496169388
0.23416379935629344
0.3083100558659218
10.923241509453547
0.48568832266857076
0.8893893401547106
0.3847630682970359
46.61290322580645
0.7518210197710719
0.1240894901144641
1.435483870967742
2034.8064516129032
8113.3387096774195
515.1733870967741
0.8911290322580645
20.967741935483872
0.3381893860561915
0.5942100009459367
0.6674058479793211
0.5759110391875907
2.42099227771007
0.08659217877094973
1901.4412070759624
2.9785387083443697
133.64804469273744
0.1866592802971193
5.8689881714053875
533.9804469273743
0.12710862644736431
3.5516759776536313
48.555865921787706
190.2891061452514
13.122555865921788
0.3620810055865922
0.0840091705392068
0.15199115860910886
0.06701367352173127
