1.0
1.0
1.0
40.0
30.0
1.0
236.2675
182.0
255.0
1.0
1.0
1.0
40.0
30.0
1.0
0.0
0.0
0.0
40.0
30.0
1.0
895.0
1.0
19.032402234636873
13.598882681564247
0.0
19.032402234636873
13.598882681564247
0.0
0.7143975609130948
0.0
0.0
49.292404444671526
40.0
30.0
49.4064773081425
49.4064773081425
839.75
35.214373506815136
0.22727515994740086
1893.936849847091
2.2553579634975778
895.0
234.0
254.0
53390170.0
0.8778495459277194
13.0
1.9586700929390373
255.0
6.260371399144845
244.131843575419
244.0
229.0
26.0
5.205247805292361
244.24131761241847
-0.20887349164158958
53390170.0
0.5822502418775943
53.46418151743081
1.8596041309610516
1.3158542282193624
0.8982074764967003
0.44303428182766863
0.6883628980586791
0.1759171073940709
0.5934839454699954
0.1759171073940709
0.6652906314155076
0.14378690447735906
0.42407309279626587
1.5422010945513922
-0.28636202673648536
0.6267229256084388
0.9120414463029646
0.9648165785211859
0.9120414463029646
0.9413609642019765
0.1759171073940709
0.5961872180836022
1.3662839871573216
0.21607000136318752
123.8877556896497
0.5404223731331754
0.22978881343341226
2.0740140366651674
29.46268223897436
47.896538409034775
24.85421819645925
0.7314964908337082
3.9770558709229817
35.32541338465059
0.14873282193081638
0.2558659217877095
12.325626160560558
0.27980294423456264
0.5908357509496773
0.20204474255578395
5.0
0.625
0.1875
3.25
48708.125
56482.625
46764.5
0.4375
1.0
0.125
0.00982211912922253
0.038512665348523385
0.002649482574397315
2.9999999999999973
0.008938547486033519
36192.109375
3.3648057413038304
183.69497206703912
0.20524577884585374
3.1799207265690836
521.113966480447
0.20887487906120283
1.8916201117318436
51.52513966480447
92.42569832402235
41.3
0.7770949720670391
0.027259457548796467
0.054883910185220375
0.020353344389690494
