1.0
1.0
1.0
40.0
30.0
1.0
254.9725
254.0
255.0
1.0
1.0
1.0
40.0
30.0
1.0
0.0
0.0
0.0
40.0
30.0
1.0
1167.0
1.0
19.738646101113968
14.305912596401027
0.0
19.738646101113968
14.305912596401027
0.0
0.7483000914276157
0.0
0.0
46.46126269567748
40.0
30.0
49.4064773081425
49.4064773081425
1127.75
34.76696712301793
0.21814195166898168
2401.892064499355
2.1298089687425006
1167.0
255.0
255.0
75884175.0
-3.203426503814917e-16
0.0
0.0
255.0
0.0
255.0
255.0
255.0
0.0
0.0
255.0
0.0
75884175.0
1.0
0.0
1.0
1.0
0.0
0.0
0.0
0.0
1.0
0.0
-3.203426503814917e-16
0.0
1.0
-3.203426503814917e-16
0.0
0.0
1.0
1.0
1.0
1.0
0.0
1.0
-3.203426503814917e-16
0.0
60.0
1.0
0.0
1.0
621.4002780424979
621.4002780424979
621.4002780424979
1.0
3.143885131061591
12.144247458110911
0.2699744561557613
0.05141388174807198
94.04459886225524
0.024792471400043578
0.024792471400043578
0.024792471400043578
1.0
1.0
0.0
1.0
1361889.0
1361889.0
1361889.0
1.0
1.0
1.0
7.34274232334647e-07
7.34274232334647e-07
7.34274232334647e-07
-3.203426503814917e-16
0.000856898029134533
0.0
0.7232381563127005
875.363324764353
0.7500971077672263
1.0750391551734393
1167.0
0.0
1.0
74.84061696658098
74.84061696658098
74.84061696658098
1.0
0.014528063923211229
0.014528063923211229
0.014528063923211229
