1.0
1.0
1.0
40.0
30.0
1.0
247.76666666666668
218.0
255.0
1.0
1.0
1.0
40.0
30.0
1.0
0.0
0.0
0.0
40.0
30.0
1.0
829.0
4.0
15.14475271411339
13.102533172496985
0.0
15.14475271411339
13.102533172496985
0.0
0.8072222355689159
0.0
0.0
42.50206362002366
40.0
30.0
49.4064773081425
49.4064773081425
775.25
34.308610811647796
0.23201915270242326
1758.9553067045638
2.2688878512796693
829.0
248.0
255.0
53171922.0
0.6207497457280214
3.0
3.994816884182895
255.0
2.26459713550268
253.24246079613994
255.0
245.0
10.0
1.5187308152787176
253.2584323065646
-1.5248347303338585
53171922.0
0.7388747178937229
8.089584294301416
3.602320955389478
1.885066866955761
0.6473695116783327
-0.38179583391358163
0.3010528603687989
0.10575929095560899
0.47808893736516045
0.10575929095560899
0.4850336112276672
0.09431570015028659
0.7022782241875095
0.9146573432823261
-0.22112144091795471
0.4433616782616028
0.9471203545221956
0.9788481418088782
0.9471203545221956
0.9647469030147969
0.10575929095560899
0.8321872214779563
0.8088980523267172
0.10170303783110198
83.03360121751334
0.5044234074772277
0.24778829626138618
2.4907846688853326
81.82204335066154
321.83280954368547
21.819351802405563
0.6273038327786669
3.607487653832946
40.48183485968911
0.24147274607864136
0.19873341375150783
54.14511459017122
0.499639063735541
0.9082557944047931
0.39748488106822805
10.9
0.545
0.22749999999999998
2.05
22105.75
87916.9
5652.9625
0.7375
2.3
0.115
0.30219865236484483
0.626781173771965
0.2210530220130648
3.74643934467101
0.024125452352231604
20387.647499999995
2.3298632949823435
318.3437876960193
0.3840093940844624
4.960862346687698
612.5271411338963
0.13056264105313856
3.5367913148371533
59.87092882991556
231.34861278648975
17.001507840772014
0.3658021712907117
0.03750540167145802
0.09581095050270477
0.022929014463646338
