1.0
1.0
1.0
40.0
30.0
1.0
232.33666666666667
154.0
255.0
1.0
1.0
1.0
40.0
30.0
1.0
0.0
0.0
0.0
40.0
30.0
1.0
959.0
2.0
19.224191866527633
14.087591240875913
0.0
19.224191866527633
14.087591240875913
0.0
0.749163664815056
0.0
0.0
48.06536342775222
40.0
30.0
49.4064773081425
49.4064773081425
900.75
36.008823816202415
0.22204143292215858
2031.3571340283124
2.2551841621185815
959.0
227.0
253.0
55448326.0
0.9612169840283051
13.0
2.1832564276563162
255.0
7.477431848651869
240.28571428571428
240.0
221.0
34.0
5.762741889767837
240.4556111603087
-0.1529967681249119
55448326.0
0.6233150407586978
81.67644868166242
4.767664126038759
2.1589804343586696
1.3879946340473428
0.4296998220528886
0.6127220895775368
0.186874043494962
0.5334851214924526
0.18333717946362266
0.6915847372652529
0.15204344384472362
0.4959146121396119
1.5881408758517452
-0.24587108644882147
0.587437950362294
0.9086850966713227
0.9814758355288733
0.9089208876067452
0.9543425483356615
0.18024242343620067
0.6849204319322966
1.3902293257659775
0.1998990332681247
105.37045976231195
0.41815028892865735
0.4273931158136094
4.737009031488303
32.99728712175173
147.8846797049563
7.973142853894441
0.3492890725508694
4.085945602179542
45.725670961074265
0.1786735233157552
0.26120959332638166
16.97669088325381
0.40289351145924596
1.6519620804560287
0.2088930970719079
22.70731707317073
0.553837001784652
0.6888756692444973
2.975609756097561
11526.756097560976
47827.26829268293
2835.7743902439024
0.75
11.634146341463415
0.28375966686496135
0.5346797478588959
1.049372594255672
0.477362260102287
2.931043021660621
0.04275286757038582
10979.65258774539
3.322356599309985
199.49843587069864
0.20802756607997774
4.617609801659489
597.7591240875912
0.2163141350098567
4.759124087591241
52.370177267987486
245.77685088633993
12.22265670258371
0.2629764801297648
0.052348602148927385
0.18207324406223308
0.03038529086823648
