1.0
1.0
1.0
40.0
30.0
1.0
241.45
189.0
255.0
1.0
1.0
1.0
40.0
30.0
1.0
0.0
0.0
0.0
40.0
30.0
1.0
1117.0
1.0
18.74395702775291
14.80841539838854
0.0
18.74395702775291
14.80841539838854
0.0
0.7289533158816323
0.0
0.0
45.76907256680408
40.0
30.0
49.4064773081425
49.4064773081425
1082.4166666666667
33.36351721239888
0.22207545932896514
2295.689789386667
2.1208928687843565
1117.0
238.0
248.0
66267507.0
0.29451777014733976
4.0
4.163223403071121
255.0
3.025898280741435
243.53536257833483
244.0
229.0
26.0
1.9778869890571493
243.56996277892912
-0.6595092065515605
66267507.0
0.9015427722773863
16.853941967910274
1.1278742744148373
1.0520911362058816
0.3426191082555033
0.20119039607230227
0.14071111885564053
0.056798268405614694
0.42395875523812954
0.056798268405614694
0.3130323794546165
0.05345922739560729
0.847786078973765
0.5285678763796208
-0.20895405859590932
0.33175752079820386
0.9716008657971926
0.9886403463188771
0.9716008657971926
0.981067243864795
0.056798268405614694
0.919509729591311
0.47176960797400636
0.049377346815313805
67.63160770966623
0.5905375958258686
0.20473120208706566
1.8648726937955662
220.9470891918365
224.85792835267569
219.96937940162675
0.7837818265511085
4.331543225811528
12.837710162178247
0.10895791924101197
0.1022829006266786
109.77893353992782
0.27641215063495034
0.7586625641915473
0.15584954724580102
9.181818181818182
0.8347107438016529
0.08264462809917356
3.727272727272727
101996.45454545454
102127.36363636363
101963.72727272728
0.3181818181818182
1.1818181818181819
0.10743801652892562
0.15859721516669584
0.6343886174818585
0.039649364587905175
3.277613436819112
0.009847806624888093
91684.97520661158
1.6512558635561674
603.8236347358998
0.5405762173105638
2.36177925749125
1007.0232766338406
0.04922861386130679
1.1557743957027753
69.30259623992838
72.80483437779768
68.42703670546106
0.9610564010743062
0.020154068217359558
0.03414837542994916
0.016655491414212156
