1.0
1.0
1.0
40.0
30.0
1.0
246.60083333333333
227.0
255.0
1.0
1.0
1.0
40.0
30.0
1.0
0.0
0.0
0.0
40.0
30.0
1.0
694.0
5.0
20.988472622478387
19.792507204610953
0.0
20.988472622478387
19.792507204610953
0.0
0.6006527397838035
0.0
0.0
46.109856955786896
40.0
30.0
47.70744176750625
47.70744176750625
651.0
27.696011911532665
0.2488428327696034
1459.7539090857795
2.2423255131886015
694.0
249.0
255.0
44689379.0
0.48966118928349145
1.0
6.029022311943047
255.0
1.7066332250911533
253.7478386167147
255.0
246.0
9.0
0.8595793745273739
253.75956704612173
-2.0822111353395787
44689379.0
0.809482679866123
5.952264780871863
3.769653524633232
1.9334342726292153
0.4675563681243322
-0.2701553571932184
0.18707770082414277
0.06129858650882701
0.49422511340135056
0.06129858650882701
0.3297211862060122
0.057334322745667465
0.8184775335878476
0.6078778768360336
-0.2664799140051879
0.40072211531093394
0.9693507067455864
0.9877402826982346
0.9693507067455864
0.979567137830391
0.06129858650882701
0.9027849793748017
0.546579290327207
0.062094071833242434
52.619424342595075
0.5026532455978124
0.24867337720109378
2.507147324220495
139.80212483992972
554.2649944906043
36.18640742726109
0.6232131689448762
3.3969162978673526
23.24886982935763
0.21524133558881975
0.1509365994236311
84.83834004354583
0.4473208170262674
0.6825912057918182
0.3885032198348797
14.523809523809524
0.691609977324263
0.15419501133786848
1.5714285714285714
17022.380952380954
67964.66666666667
4286.809523809524
0.8571428571428571
3.380952380952381
0.16099773242630386
0.34815342578894076
0.357395449187509
0.34584291993929867
2.9511430177077855
0.03025936599423631
15930.235827664397
1.8252430425758273
349.52737752161386
0.5036417543539105
4.23360380038037
561.7809798270894
0.09525866006693852
3.680115273775216
64.95677233429394
255.21037463976944
17.39337175792507
0.329971181556196
0.035043620887889794
0.08090709936445493
0.023577751268748504
