1.0
1.0
1.0
40.0
30.0
1.0
239.87416666666667
165.0
255.0
1.0
1.0
1.0
40.0
30.0
1.0
0.0
0.0
0.0
40.0
30.0
1.0
1012.0
1.0
18.99901185770751
13.857707509881424
0.0
18.99901185770751
13.857707509881424
0.0
0.6864203451016769
0.0
0.0
48.48090499309032
40.0
30.0
49.4064773081425
49.4064773081425
962.6666666666666
33.27827953619867
0.22221536443515633
2121.7489549168195
2.2040328479052835
1012.0
231.0
255.0
61548440.0
0.9998985723909068
15.0
2.200060868506587
255.0
7.983514037088534
246.4407114624506
250.0
226.0
29.0
6.448956923018246
246.61430737244444
-0.7608040381976108
61548440.0
0.5000703026136949
85.5923346716868
2.5113272412002523
1.5242238644477206
0.8803805928371129
-0.07820832017288447
0.8747913819299955
0.12268870428582025
0.7539713277027745
0.12268870428582025
0.5341895696356715
0.10721421865389208
0.3940457382382001
1.5321008226607111
-0.4650744951326045
0.7753786315045303
0.9386556478570899
0.975462259142836
0.9386556478570899
0.95910376523806
0.12268870428582025
0.46287951230481067
1.4094121183748913
0.24937002155395388
99.82711069666547
0.5157581693799771
0.24212091531001145
2.248009007579064
58.31672344097049
161.61805901068232
32.491389548542536
0.687997748105234
4.325065304602146
25.102416240096293
0.12591226344342185
0.19120553359683792
27.49096689255289
0.2801315283218927
0.5966848655290189
0.20099319402011107
7.142857142857143
0.5102040816326531
0.24489795918367346
2.7142857142857144
30760.85714285714
80813.71428571429
18247.64285714286
0.5714285714285714
2.0
0.14285714285714285
0.23011103886199494
0.8038656776419602
0.08667237916700365
3.3787834934861722
0.01383399209486166
25535.63265306122
3.251567072328711
287.4150197628459
0.2840069365245512
3.251097501913793
506.0711462450593
0.2499648486931525
2.5177865612648223
59.05731225296443
154.75494071146244
35.13290513833992
0.6205533596837944
0.026582991691040347
0.0669379545479442
0.016494250976814385
