1.0
1.0
1.0
40.0
30.0
1.0
239.65416666666667
156.0
255.0
1.0
1.0
1.0
40.0
30.0
1.0
0.0
0.0
0.0
40.0
30.0
1.0
942.0
2.0
20.807855626326965
15.764331210191083
0.0
20.807855626326965
15.764331210191083
0.0
0.7871252457758852
0.0
0.0
45.1870095391582
40.0
30.0
49.4064773081425
49.4064773081425
894.0833333333334
35.56783598938716
0.2278321514188581
1969.94656525523
2.203314268157588
942.0
239.0
253.0
57382604.0
0.9362297411182703
8.0
2.851130849152137
255.0
4.45657475399047
246.74946921443737
248.0
231.0
24.0
3.1976529947972874
246.81109273883627
-0.6613643300607315
57382604.0
0.543546954800961
30.414941331854795
1.9857867695939055
1.3629402732295375
0.8358532004427817
0.33878704564180995
0.7186670477474617
0.2060681001894135
0.5549084339787964
0.2060681001894135
0.7217679822808225
0.16089841741308752
0.37673400861847484
1.651941839708201
-0.2523203935571055
0.5981601999049204
0.8969659499052932
0.9587863799621172
0.8969659499052932
0.9313106332701955
0.2060681001894135
0.5340256766757558
1.4458737395187882
0.23118378698421882
129.6679417116899
0.512407267883491
0.24379636605825447
2.2677478985324537
33.01630645988803
55.23616076524654
27.461342883548404
0.6830630253668866
3.872272683296493
45.75219943776884
0.1702438995241353
0.26831210191082805
15.996453973306886
0.3126438391461295
0.6488833157484925
0.22858396999553887
9.133333333333333
0.6088888888888889
0.19555555555555554
3.2
22006.533333333333
26320.933333333334
20927.933333333334
0.45
1.1333333333333333
0.07555555555555556
0.16560107803851234
0.5901074714317969
0.05947447969019119
3.7735572622751814
0.01592356687898089
18062.693333333333
3.4341974067538867
191.23566878980893
0.2030102641080774
3.390428279713849
512.0212314225053
0.22822652259951948
2.0573248407643314
50.360934182590235
97.10615711252655
38.674628450106155
0.7356687898089171
0.03086213587227767
0.06805132993277518
0.021564837357153286
