1.0
1.0
1.0
40.0
30.0
1.0
220.38333333333333
164.0
255.0
1.0
1.0
1.0
40.0
30.0
1.0
0.0
0.0
0.0
40.0
30.0
1.0
660.0
2.0
21.39090909090909
15.515151515151516
0.0
21.39090909090909
15.515151515151516
0.0
0.725398927942948
0.0
0.0
48.64029492031857
40.0
30.0
49.4064773081425
49.4064773081425
594.1666666666666
35.28361779002791
0.23556165951225105
1450.9475331690564
2.4419874331036016
660.0
222.0
252.0
36956575.0
1.1839853855328368
15.0
2.0547176060101404
255.0
8.560876951331496
236.41060606060606
237.0
219.0
36.0
6.767835339263911
236.63222647403842
0.14402945506922837
36956575.0
0.533475665748393
104.83594811753905
4.307831776572322
2.0361887118296207
2.7023856642664112
0.3863145854939942
0.867140402880439
0.2201178821524965
0.5955934553161307
0.2182381829043762
0.7599413900184213
0.1719621310986052
0.4141848360927481
1.8711310139308943
-0.32288148537100103
0.7140085286175266
0.891068878472624
0.9780749671346636
0.8911941917558319
0.9455344392363119
0.21659344606227093
0.6186848878417852
1.645570066992105
0.27181457125823383
95.84191423284224
0.4210653700964752
0.41171361466553386
3.4487244758131808
17.60001417594534
79.40606891387648
4.652739637522304
0.5113990215920086
3.5948757578837904
57.70554743662333
0.25013232586323964
0.3443181818181818
8.6642862783442
0.5020088585084267
1.196570903385965
0.3563289003567207
32.30232558139535
0.7512168739859384
0.2444564629529475
1.6511627906976745
4370.325581395349
18205.372093023256
1082.0032299741601
0.8888888888888888
8.86046511627907
0.20605732828555975
0.4261031294442789
0.4988647499240587
0.40804859747204264
2.9428481880934774
0.06515151515151515
4134.7387777176855
3.6889111843711313
102.1
0.1546969696969697
5.382176308539944
352.0939393939394
0.30123737373737375
4.234848484848484
44.38787878787879
208.5681818181818
11.177819865319865
0.34953703703703703
0.06811299312092962
0.16180531744123014
0.04894561310541801
