1.0
1.0
1.0
40.0
30.0
1.0
249.41583333333332
233.0
255.0
1.0
1.0
1.0
40.0
30.0
1.0
0.0
0.0
0.0
40.0
30.0
1.0
770.0
3.0
15.202597402597403
17.822077922077924
0.0
15.202597402597403
17.822077922077924
0.0
0.6345837925475323
0.0
0.0
46.06772618808028
40.0
30.0
49.4064773081425
49.4064773081425
730.25
29.233832398473258
0.24384764588222307
1608.2242298557994
2.202292680391372
770.0
254.0
255.0
49916446.0
0.15295369081704524
0.0
18.252914188611495
255.0
0.6570753921403221
254.60779220779222
255.0
248.0
7.0
0.17663455425693939
254.6105913876193
-3.857038849535773
49916446.0
0.9568190251307136
1.4253938269522686
3.954134134687944
1.9881867751723485
0.040035932929207804
-0.030078278213960544
0.025839358648369386
0.020852381658203013
0.09780899775665805
0.020852381658203013
0.1460850424318664
0.020414356196187956
0.9562397736505259
0.1804096856381127
-0.046989071787482996
0.07232260081528606
0.9895738091708985
0.9958295236683594
0.9895738091708985
0.9930492061139324
0.020852381658203013
0.977760584343247
0.15955730397991
0.011672935076643097
51.45548053479088
0.6626371501575568
0.1686814249212216
3.3449401173539104
218.51313935107038
873.2527422768802
54.828238619617935
0.4137649706615224
3.9939265206326993
7.493376738204324
0.0995375935581984
0.09935064935064936
99.72367413823861
0.2583175830040882
0.4143992605590745
0.21929716361534166
11.125
0.6953125
0.15234375
1.5625
32013.375
128048.8125
8004.515625
0.859375
6.25
0.390625
0.6260461291998115
0.6291845167992459
0.6252615322999528
1.7169171866886974
0.02077922077922078
29697.359375
1.296365898948747
459.9220779220779
0.5973013998988025
2.6384145724405466
736.7506493506494
0.02159048743464328
3.933766233766234
69.96363636363637
279.6948051948052
17.530844155844157
0.26655844155844155
0.029967918985776127
0.07701453308596165
0.018206265460729745
