1.0
1.0
1.0
40.0
30.0
1.0
246.97916666666666
188.0
255.0
1.0
1.0
1.0
40.0
30.0
1.0
0.0
0.0
0.0
40.0
30.0
1.0
976.0
2.0
17.729508196721312
13.491803278688524
0.0
17.729508196721312
13.491803278688524
0.0
0.6343941187028607
0.0
0.0
47.368255444685126
40.0
30.0
49.4064773081425
49.4064773081425
937.75
30.050142667323
0.22952191953502726
2018.6049738853485
2.1526046109147945
976.0
246.0
255.0
62328078.0
0.6648731066234821
3.0
5.494567588815752
255.0
3.046958982800329
252.67418032786884
255.0
238.0
17.0
1.7271657618987564
252.70681758855994
-1.878153060968339
62328078.0
0.7136543435904328
16.494251377317923
3.520015089038633
1.8520370348178972
0.9635660930753815
-0.5559561353065435
0.43189133692442694
0.07219203083011672
0.7102350860915035
0.07219203083011672
0.36910624780422036
0.06657628695270314
0.6813820291700251
0.9324955475222567
-0.4537880046308952
0.6425141398542953
0.9639039845849416
0.9855615938339768
0.9639039845849416
0.9759359897232944
0.07219203083011672
0.8159410194028387
0.8603035166921402
0.1260208419386359
63.12956203859646
0.5051020159022258
0.2474489920488871
2.4194458518316497
166.33875444826515
642.6951569767823
47.249653816135876
0.6451385370420876
4.18162864153277
16.41286099950421
0.12450792211203372
0.12807377049180327
89.37385544417603
0.32372462960028664
0.5151822939634331
0.2758602135095001
3.5714285714285716
0.5102040816326531
0.24489795918367346
2.7142857142857144
89778.0
353334.4285714286
23888.89285714286
0.5714285714285714
1.0
0.14285714285714285
0.050894258270678075
0.18630647307299414
0.017041204570099062
2.807354922057602
0.007172131147540984
70337.67346938775
2.063040705609005
485.797131147541
0.49774296224133296
2.976854340231121
696.5266393442623
0.14317282820478366
3.480532786885246
66.58401639344262
246.53176229508196
21.597079918032787
0.37986680327868855
0.02167524073609407
0.06356003310363308
0.011204042644209324
