1.0
1.0
1.0
40.0
30.0
1.0
242.835
193.0
255.0
1.0
1.0
1.0
40.0
30.0
1.0
0.0
0.0
0.0
40.0
30.0
1.0
865.0
5.0
19.034682080924856
14.48092485549133
0.0
19.034682080924856
14.48092485549133
0.0
0.6738470608760202
0.0
0.0
50.41731934981057
40.0
30.0
49.4064773081425
49.4064773081425
804.0
33.97356246111755
0.22684484887820047
1843.2853372585819
2.292643454301719
865.0
242.0
254.0
53482749.0
0.998679773977384
6.0
2.2566276447038396
255.0
3.710955929032041
248.61618497109828
249.0
239.0
16.0
2.9133659928656344
248.65592216968773
-0.4525615718238157
53482749.0
0.5009148317685188
19.760200474456212
2.381565197393594
1.5076016457757022
0.7175323906777433
-0.016338921876054333
0.7172156195021541
0.28247947986702515
0.43484178183029776
0.28247947986702515
0.8461315610253796
0.19918755215955083
0.30096489815585953
1.8458034108738466
-0.15377790679918368
0.4902974459186442
0.8587602600664874
0.943504104026595
0.8587602600664874
0.9058401733776582
0.28247947986702515
0.36636190584218964
1.5633239310068217
0.24992377484229483
160.3347656703964
0.5128886082028493
0.24355569589857534
2.2621141754602148
14.282206506542177
37.57589146125598
8.45878526786373
0.6844714561349463
3.495439258701743
71.47714479964725
0.2185736269593148
0.36184971098265895
5.614567289539604
0.4063433069848934
0.8196128473825435
0.3030259218854809
9.235294117647058
0.5432525951557093
0.22837370242214533
2.0588235294117645
12510.882352941177
31422.882352941175
7782.882352941177
0.7352941176470589
1.4705882352941178
0.08650519031141868
0.20090411832376986
0.38301488690732716
0.15537642617788056
3.9698157824268048
0.019653179190751446
9921.868512110726
3.75559851345715
140.39884393063585
0.16231080223194894
3.2478920110929197
433.29132947976876
0.2495425841157406
2.435838150289017
40.521387283237
104.42658959537572
24.545086705202312
0.6410404624277457
0.04122538765024315
0.09035443618680614
0.028943125516102394
