1.0
1.0
1.0
40.0
30.0
1.0
238.6075
186.0
255.0
1.0
1.0
1.0
40.0
30.0
1.0
0.0
0.0
0.0
40.0
30.0
1.0
876.0
1.0
19.71917808219178
14.711187214611872
0.0
19.71917808219178
14.711187214611872
0.0
0.6300243449656264
0.0
0.0
50.56400661491781
40.0
30.0
49.4064773081425
49.4064773081425
831.9166666666666
31.856555146401195
0.2329332275229345
1836.4223241511413
2.2074594700805066
876.0
238.0
255.0
53087174.0
0.7983654628183461
6.0
2.4650878779613286
255.0
4.614384604157545
246.10502283105023
246.0
233.0
22.0
3.981400870597547
246.17432198272218
-0.13492396307863758
53087174.0
0.6331185755092679
34.11454098121389
1.711311829635923
1.2468734386228784
1.166304215826566
0.6636463127256311
0.685024414178516
0.05861697246542414
0.8421717736000162
0.05861697246542414
0.320181195877165
0.055053173037352035
0.5731261336406779
1.1128641800649641
-0.6194115867122687
0.7935848586977626
0.9706915137672879
0.9882766055069152
0.9706915137672879
0.9804610091781919
0.05861697246542414
0.7238180751444095
1.0542472075995404
0.185910346660985
67.7215842464401
0.5779427268743895
0.21102863656280524
1.9216311120649698
110.54701225149137
180.50905041912267
93.05650270958355
0.7695922219837574
4.56658605792801
10.16889209010447
0.08325841211104014
0.13470319634703196
46.40376873297765
0.1794569525869125
0.43632282038709697
0.1152404856368664
5.285714285714286
0.7551020408163265
0.12244897959183672
3.5714285714285716
68761.71428571429
86091.42857142857
64429.28571428572
0.35714285714285715
1.5714285714285714
0.22448979591836735
0.36286100285302236
1.4514430393655557
0.09071549372488905
2.2359263506290312
0.007990867579908675
53100.97959183674
2.640932408341487
347.75342465753425
0.3969787952711578
2.418631805008236
554.6118721461187
0.18344071224536604
1.726027397260274
65.18264840182648
109.88812785388127
54.006278538812786
0.8184931506849316
0.021722608563973535
0.04626944058318406
0.015585900559170904
