1.0
1.0
1.0
40.0
30.0
1.0
236.13166666666666
128.0
255.0
1.0
1.0
1.0
40.0
30.0
1.0
0.0
0.0
0.0
40.0
30.0
1.0
890.0
2.0
16.78876404494382
13.639325842696628
0.0
16.78876404494382
13.639325842696628
0.0
0.7738550805750786
0.0
0.0
45.89534460105789
40.0
30.0
49.4064773081425
49.4064773081425
832.6666666666666
35.51634559427266
0.2267101744474425
1887.9648291828935
2.267371692373371
890.0
233.0
252.0
53185321.0
0.7330227409029451
10.0
2.4161460002828044
255.0
5.80903168791819
244.3561797752809
247.0
229.0
26.0
4.421928247009043
244.45610575407898
-0.5896814762261928
53185321.0
0.6733215503093044
48.84504608004039
1.591289346822062
1.2170001489294144
0.9843107884819422
0.5667190887227649
0.5601824763717209
0.11942219993236332
0.6489759419169603
0.11942219993236332
0.5224915026985444
0.1043666516140976
0.5558310102338603
1.2377410210587985
-0.36012052869656674
0.640288334987074
0.9402889000338183
0.9761155600135274
0.9402889000338183
0.9601926000225455
0.11942219993236332
0.7232887511044038
1.1183188211264357
0.16990116907602104
107.26706596077456
0.5750284164240317
0.21248579178798416
1.921250903866798
45.828340077604246
61.041562387956795
42.025034500016105
0.7696872740333005
4.151890021172765
24.46069528814194
0.1264286960601791
0.20955056179775283
20.38885227032638
0.24728180384691736
0.5294654066239427
0.17673590315266102
5.888888888888889
0.654320987654321
0.1728395061728395
3.3333333333333335
56409.555555555555
59961.88888888889
55521.47222222222
0.4166666666666667
1.2222222222222223
0.13580246913580246
0.04459088178960188
0.09502952316799797
0.03198122144500287
2.947702779220087
0.010112359550561797
46630.54320987654
3.0502128219682816
220.3550561797753
0.24758995076379245
3.1042747127887895
599.2561797752809
0.1633392248453478
1.6168539325842697
56.73932584269663
84.92921348314607
49.69185393258427
0.8457865168539326
0.02451905515639464
0.04488952850178773
0.01942643682004637
