1.0
1.0
1.0
40.0
30.0
1.0
236.4625
153.0
255.0
1.0
1.0
1.0
40.0
30.0
1.0
0.0
0.0
0.0
40.0
30.0
1.0
896.0
1.0
20.003348214285715
14.59375
0.0
20.003348214285715
14.59375
0.0
0.732278919241103
0.0
0.0
48.40011827398112
40.0
30.0
48.82622246293481
48.82622246293481
835.1666666666666
35.44238630081246
0.223863769519741
1915.795198180278
2.29390764100612
896.0
234.0
255.0
54070477.0
0.9219712289417231
10.0
2.529892904160936
255.0
5.977364676339286
245.54575892857142
246.0
228.0
27.0
4.988799380046136
245.65527576042118
-0.5508194545596654
54070477.0
0.5531030771683674
53.794781120456
2.046862940706267
1.3709283955712221
0.9363281477714793
0.38031291681445123
0.8012791047020542
0.13184449201479886
0.7177490088621319
0.13184449201479886
0.5581734567134706
0.11374583589880458
0.4196923657427689
1.5018480213744474
-0.4214057956481365
0.738629539837203
0.9340777539926006
0.9736311015970404
0.9340777539926006
0.956051835995067
0.13184449201479886
0.5631493584213784
1.3700035293596486
0.2332808991792133
120.24519013201277
0.5888395147131371
0.20558024264343144
1.8698310620067837
38.8408362114005
78.58657567832117
28.904401344670333
0.7825422344983041
4.019014124907212
31.333108499301076
0.14763734124316277
0.22767857142857142
17.285055854656836
0.31849636692515465
0.5572759453384617
0.258801472321828
6.8
0.68
0.16000000000000003
3.4
37696.4
50145.8
34584.05
0.4
1.2
0.12
0.06708536690544467
0.26700723940983556
0.017104898779346924
3.1219280948873593
0.011160714285714286
29668.24
3.323262218349309
212.48883928571428
0.23715272241709184
3.456951530612245
495.58035714285717
0.22344846141581637
2.0111607142857144
54.988839285714285
114.60714285714286
40.084263392857146
0.7472098214285714
0.026827679267391484
0.05427175337520922
0.019966660740437046
