1.0
1.0
1.0
40.0
30.0
1.0
243.44416666666666
148.0
255.0
1.0
1.0
1.0
40.0
30.0
1.0
0.0
0.0
0.0
40.0
30.0
1.0
1090.0
1.0
18.95137614678899
14.152293577981652
0.0
18.95137614678899
14.152293577981652
0.0
0.733385053874863
0.0
0.0
47.690941859385354
40.0
30.0
49.4064773081425
49.4064773081425
1044.75
34.975823964888285
0.22015785136990784
2261.6472369386574
2.164773617553154
1090.0
242.0
253.0
66688724.0
0.9311676130554434
6.0
4.7805032321318786
255.0
3.8587492635300054
247.29908256880734
248.0
227.0
28.0
2.6862992267219394
247.35059247216344
-1.058382562611659
66688724.0
0.5469472266644222
25.479356956485145
1.9396835279670848
1.3401734690107172
0.9113935320670715
0.41821387096044266
0.7360997835377465
0.161673758130134
0.6394901193688438
0.161673758130134
0.6329744282195289
0.1345767826280132
0.4165364465380466
1.5424441886724685
-0.3321095340066345
0.6707229402230501
0.9191631209349329
0.9676652483739732
0.9191631209349329
0.9461087472899554
0.161673758130134
0.5789896519242157
1.3807704305423347
0.22444338541697012
117.5448484069887
0.5008575613000196
0.24957121934999027
2.443077680712573
43.04256010775795
71.57179230641461
35.91025205809379
0.6392305798218567
4.201804857901301
29.962167149397366
0.12281204372594529
0.21536697247706424
18.134397891187902
0.2306811696405056
0.6420410496587164
0.1278411996359528
5.0
0.625
0.1875
3.25
66746.75
79007.0
63681.6875
0.4375
1.0
0.125
0.008416659332515768
0.010228389221282075
0.007963726860324193
2.9999999999999973
0.007339449541284404
48182.6875
3.2218746667370857
266.5651376146789
0.24455517212355862
2.9856207389950344
596.1724770642202
0.22652638666778893
2.0403669724770643
55.94128440366973
104.39816513761468
43.82706422018349
0.7399082568807339
0.024430608575404338
0.055856961838422085
0.016574020259649904
