1.0
1.0
1.0
40.0
30.0
1.0
239.23416666666665
193.0
255.0
1.0
1.0
1.0
40.0
30.0
1.0
0.0
0.0
0.0
40.0
30.0
1.0
902.0
1.0
22.274944567627493
13.093126385809313
0.0
22.274944567627493
13.093126385809313
0.0
0.711197361123886
0.0
0.0
47.51213789223548
40.0
30.0
49.4064773081425
49.4064773081425
855.25
33.79050709031206
0.23038273144699312
1891.3108907648382
2.211412909400571
902.0
242.0
253.0
55117875.0
0.8546034892562008
5.0
3.9647518852033343
255.0
3.474083214930114
247.1541019955654
247.0
232.0
23.0
2.3997326203208558
247.196868051113
-0.7228003247951629
55117875.0
0.5973471123544132
21.141441045029275
1.795674098422132
1.2842771798841524
1.0262876208912746
0.5542500362683396
0.6995255089627797
0.1143148824606512
0.7190511276305148
0.1143148824606512
0.5094373085040177
0.10079174425612453
0.4922880600321601
1.3510459732662554
-0.43118098946154304
0.720564359348095
0.9428425587696744
0.9771370235078698
0.9428425587696744
0.9618950391797829
0.1143148824606512
0.6585653788855219
1.2367310908056046
0.20346009785585772
89.11759275249834
0.5298323648661447
0.23508381756692762
2.135885783870277
60.46513457042904
92.79546444466351
52.382552101870424
0.7160285540324307
4.310223214847911
19.777132653807662
0.11285227191346597
0.186529933481153
27.36915790528282
0.2294897760821658
0.5808141755184971
0.14165867622308298
8.2
0.82
0.09000000000000001
3.7
44451.4
51055.6
42800.35
0.325
1.4
0.14
0.1584078538326609
0.6336307052714719
0.039602140972958125
2.9219280948873596
0.011086474501108648
36315.35999999999
3.0284190023805277
264.60310421286033
0.29335155677700697
2.986081681014351
538.8070953436807
0.20132644382279338
1.8381374722838137
59.352549889135254
103.54101995565411
48.30543237250554
0.7904656319290465
0.024477200381671928
0.0544122920273472
0.01699342747025311
