1.0
1.0
1.0
40.0
30.0
1.0
237.5125
163.0
255.0
1.0
1.0
1.0
40.0
30.0
1.0
0.0
0.0
0.0
40.0
30.0
1.0
845.0
3.0
18.488757396449703
11.50414201183432
0.0
18.488757396449703
11.50414201183432
0.0
0.6508706207162512
0.0
0.0
48.970372568233664
40.0
30.0
49.4064773081425
49.4064773081425
795.0
31.873376790192324
0.23315697856532205
1779.9745445910307
2.2389616913094725
845.0
238.0
255.0
53108313.0
0.8512243352621374
7.0
3.993138621586064
255.0
5.746325408774197
250.5976331360947
255.0
229.0
26.0
3.5599353087908785
250.69917143104604
-1.5233207505890067
53108313.0
0.5995266272189348
50.90082280032212
3.2475304541174874
1.758718245326788
1.1683900551809698
-0.6670338664870543
0.6746720546967999
0.05724856372575257
0.8423786816223029
0.05724856372575257
0.31166467658622365
0.053657353914277485
0.5803823368744462
1.0942244069300702
-0.625223431019797
0.7907846808381854
0.9713757181371236
0.9885502872548495
0.9713757181371236
0.9809171454247491
0.05724856372575257
0.7300939634639115
1.036975843204318
0.18298015460563816
62.926659734225495
0.5157119100033087
0.24214404499834563
2.2503731777803315
130.4481644532345
481.1167888738131
42.78100834808986
0.6874067055549171
4.005597796928201
15.320600055131711
0.11988192496798235
0.14497041420118345
66.25664845183738
0.27239002293883746
0.38203970893509404
0.2449776014397733
2.6
0.52
0.24
2.2
74940.2
285435.2
22316.45
0.7
1.0
0.2
0.0010922859346257654
0.002756047812191734
0.0006763454652342732
2.321928094887361
0.005917159763313609
46379.200000000004
2.373830159606332
384.22603550295855
0.4547053674591226
2.967375091908546
506.6
0.20023668639053255
3.169230769230769
64.43668639053254
218.4378698224852
25.93639053254438
0.4576923076923077
0.021052386393961484
0.05654301420327061
0.012179729441634202
