1.0
1.0
1.0
40.0
30.0
1.0
239.035
179.0
255.0
1.0
1.0
1.0
40.0
30.0
1.0
0.0
0.0
0.0
40.0
30.0
1.0
896.0
2.0
21.651785714285715
14.454241071428571
0.0
21.651785714285715
14.454241071428571
0.0
0.7264209433900112
0.0
0.0
48.82467880015676
40.0
30.0
49.4064773081425
49.4064773081425
844.0833333333334
35.46726923472415
0.22888056726580733
1887.1166802147688
2.235699492800595
896.0
240.0
254.0
55038388.0
0.9963165195589614
6.0
3.696087704741398
255.0
4.356515066964286
247.78125
249.0
231.0
24.0
2.9679100419137865
247.84425012783447
-1.0349104056052318
55038388.0
0.5025510204081632
31.22446986607143
2.388699290513356
1.4892298714232497
0.8427064000578814
0.03368573046210238
0.8414443615688652
0.1579806475127862
0.6838848511678912
0.1579806475127862
0.6253531433585344
0.13229428028732476
0.3679932151718496
1.6248738718220275
-0.37447734132564037
0.721801980595338
0.9210096762436069
0.9684038704974427
0.9210096762436069
0.9473397841624046
0.1579806475127862
0.43177980482035716
1.4668932243092416
0.2498562522704128
110.21335613598674
0.5241084889225316
0.23794575553873418
2.1706801927860693
39.88065802796913
107.43933716832504
22.99098824288015
0.7073299518034827
4.036053444275083
31.39949841138857
0.14579804903213975
0.23465401785714285
19.264757629774966
0.318775085984574
0.7146194107819746
0.21981400478522387
8.333333333333334
0.5555555555555556
0.2222222222222222
3.0
20460.8
42455.2
14962.2
0.5
2.2
0.14666666666666667
0.2372319584195677
0.7320251819117366
0.11353365254652555
3.240223928941849
0.016741071428571428
16892.728888888887
3.427430209884803
202.75892857142858
0.22629344706632654
3.592070910395408
450.2857142857143
0.24872448979591838
2.392857142857143
54.325892857142854
136.54464285714286
33.771205357142854
0.6517857142857143
0.031008853069997837
0.07607964462446684
0.019741155181380584
