1.0
1.0
1.0
40.0
30.0
1.0
241.71083333333334
196.0
255.0
1.0
1.0
1.0
40.0
30.0
1.0
0.0
0.0
0.0
40.0
30.0
1.0
918.0
3.0
16.801742919389977
14.162309368191721
0.0
16.801742919389977
14.162309368191721
0.0
0.8037499968198235
0.0
0.0
42.10807690229613
40.0
30.0
49.4064773081425
49.4064773081425
863.9166666666666
33.844366676309406
0.2257998335389887
1942.7119370595888
2.248726077429832
918.0
238.0
254.0
56171896.0
0.9983422045628796
9.0
2.0986720708925817
255.0
4.748040876965647
247.30283224400873
249.0
236.0
19.0
4.063365872095299
247.36497163887168
-0.6102773993105672
56171896.0
0.5011486560249856
30.738357991465772
2.4474663642300962
1.5111552304503757
0.8285287983882703
-0.03153088807483154
0.8273196426787314
0.1719986542420603
0.6557245265950568
0.1719986542420603
0.649323194410574
0.1401133444321482
0.360227507107456
1.6487051750477186
-0.35044470064498184
0.6958362215481142
0.9140006728789698
0.965600269151588
0.9140006728789698
0.9426671152526465
0.1719986542420603
0.4251559033293454
1.476706520805659
0.24982957423019791
123.6865282132936
0.5395001267775154
0.23024993661124232
2.083151750820126
33.244740026843516
92.71717492551696
18.376631302175156
0.7292120622949685
3.959226082920529
38.08308488606886
0.15503924404775588
0.2508169934640523
13.422274320661904
0.31809540416845067
0.6104782281028421
0.2449996981848528
5.8
0.58
0.21000000000000002
1.9
26796.0
82277.1
12925.725
0.775
1.2
0.12
0.13108832164628142
0.4394232774782627
0.05400458268828613
3.3219280948873595
0.010893246187363835
18368.760000000002
3.4924979761298447
188.63616557734204
0.20548601914743142
3.507582553718655
460.05446623093684
0.24942567198750717
2.4281045751633985
52.4161220043573
136.661220043573
31.354847494553375
0.6429738562091504
0.029614438711012523
0.06837913491871371
0.019923264659087225
