1.0
1.0
1.0
40.0
30.0
1.0
246.09833333333333
196.0
255.0
1.0
1.0
1.0
40.0
30.0
1.0
0.0
0.0
0.0
40.0
30.0
1.0
1059.0
1.0
19.155807365439095
14.79508970727101
0.0
19.155807365439095
14.79508970727101
0.0
0.6778073409475656
0.0
0.0
46.32379782336011
40.0
30.0
49.4064773081425
49.4064773081425
1021.5
31.39861022524434
0.2242039890815567
2187.760128240676
2.1417132924529376
1059.0
243.0
254.0
65702362.0
0.9986971079845521
7.0
2.4873196819047485
255.0
3.5099925901553397
249.0462700661001
249.0
237.0
18.0
2.886043009809512
249.08209582926804
-0.4564137825716955
65702362.0
0.500902824033577
17.845828863797063
2.406779065119095
1.4926663060244612
0.8578657289217917
0.02347197835503856
0.8573145329483861
0.1424397059085783
0.715058625120103
0.1424397059085783
0.5866750302069783
0.12149157008379796
0.3786313104877198
1.5864720683724753
-0.41325416639786366
0.7462764185005385
0.9287801470457108
0.9715120588182844
0.9287801470457108
0.952520098030474
0.1424397059085783
0.4361138410212496
1.4440323624638973
0.24993855971424106
102.90293677402482
0.5113728601717231
0.24431356991413847
2.2740436938787023
56.9730240004471
152.69220160776266
33.04322959861821
0.6814890765303244
4.345088336134067
24.08745969916796
0.11567769790381963
0.1900377714825307
25.858499254464206
0.252208186358359
0.5825593526383694
0.16962039478835642
6.8
0.68
0.16000000000000003
3.4
46541.5
97043.8
33915.925
0.4
1.2
0.12
0.20867291737096103
0.8285682104882606
0.053699094091636215
3.1219280948873593
0.009442870632672332
35326.69000000001
3.2256667944756776
307.0
0.2898961284230406
3.178766292072715
530.456090651558
0.2495485879832115
2.4362606232294617
59.124645892351275
147.77903682719545
36.961048158640224
0.6409348441926346
0.02537910350899357
0.06213843771167055
0.016189269958324322
