1.0
1.0
1.0
40.0
30.0
1.0
242.38583333333332
197.0
255.0
1.0
1.0
1.0
40.0
30.0
1.0
0.0
0.0
0.0
40.0
30.0
1.0
824.0
5.0
18.178398058252426
12.686893203883495
0.0
18.178398058252426
12.686893203883495
0.0
0.732881527477812
0.0
0.0
44.82929001922022
40.0
30.0
48.25971404805462
48.25971404805462
763.75
32.85455854503195
0.22936991038317717
1761.631882797441
2.306555656690594
824.0
241.0
254.0
50419172.0
0.8980978161555986
9.0
1.8008008602833694
255.0
4.007470072579883
247.31796116504853
247.0
240.0
15.0
3.5354691984734985
247.36272058250933
0.18819059996043155
50419172.0
0.5689538363653501
22.14161914412292
1.9907099328615268
1.3444825969612848
1.0312231730470853
0.48252971775271575
0.8175865446031192
0.08547571604465601
0.8110740919407261
0.08547571604465601
0.4178284226089547
0.0778158684890621
0.47065300118705033
1.3399217630038978
-0.5579547180273494
0.801256742036782
0.957262141977672
0.9829048567910688
0.957262141977672
0.9715080946517813
0.08547571604465601
0.6127795450163871
1.2544460469592422
0.2257655651619438
99.20662524028239
0.6259096222568036
0.18704518887159824
1.7476641836623712
51.63127615278174
110.04220805341362
37.02854317762377
0.8130839540844073
4.185565216207625
18.01781302049073
0.10832396959981824
0.19235436893203886
20.23422603847888
0.25422710285996186
0.43596054086936686
0.2087937433576106
5.909090909090909
0.5371900826446281
0.23140495867768596
2.090909090909091
29420.909090909092
45682.27272727273
25355.56818181818
0.7272727272727273
1.1818181818181819
0.10743801652892562
0.14330020956383416
0.19491463892870023
0.13039660222261762
3.4594316186372938
0.013349514563106795
23809.53719008265
3.115481467675878
238.04854368932038
0.2888938637006315
3.197520972758978
468.81796116504853
0.2155230818173249
1.9429611650485437
58.866504854368934
118.87742718446601
43.86377427184466
0.7642597087378641
0.02591114778795373
0.04750906314746323
0.020511668948076357
