1.0
1.0
1.0
40.0
30.0
1.0
237.03583333333333
189.0
255.0
1.0
1.0
1.0
40.0
30.0
1.0
0.0
0.0
0.0
40.0
30.0
1.0
831.0
2.0
23.896510228640192
13.71841155234657
0.0
23.896510228640192
13.71841155234657
0.0
0.8563371572176345
0.0
0.0
40.777903205047586
40.0
30.0
48.82622246293481
48.82622246293481
779.5833333333334
34.919633707906314
0.2328994102588294
1758.8309510515849
2.256116666233994
831.0
237.0
255.0
50399889.0
0.9425232512807336
11.0
1.951120517983523
255.0
5.631160751910403
246.1841155234657
246.0
232.0
23.0
5.055073852461719
246.27156945245957
-0.20230241584173217
50399889.0
0.539307896043941
43.06718450650993
2.0939925381398794
1.3758219742191655
1.02022191194337
0.4159533699754193
0.871253795450263
0.06694676903523468
0.8572602726569093
0.06694676903523468
0.3522867282062953
0.062270845999699315
0.46862887175755186
1.3039027258139697
-0.6345415329920278
0.8369144623509034
0.9665266154823826
0.9866106461929531
0.9665266154823826
0.9776844103215885
0.06694676903523468
0.5907046412632171
1.2369559567787354
0.23455014112137443
74.96523301690192
0.5668529524474086
0.2165735237762957
1.9655591098181218
78.5054672170827
170.5614552408945
55.49147021112975
0.7586102225454696
4.399976726072547
14.32753465757471
0.10612210104434919
0.15944645006016844
35.08401422674057
0.25775204595475815
0.533025375171322
0.18893371365061723
5.888888888888889
0.654320987654321
0.1728395061728395
3.3333333333333335
40358.333333333336
67446.0
33586.416666666664
0.4166666666666667
1.8888888888888888
0.20987654320987653
0.32484744102014923
0.9660552485506716
0.16454548913751868
2.641604167868591
0.010830324909747292
31832.88888888889
2.9571903935700186
291.20697954271964
0.3504295782704207
2.9529411594341415
448.16486161251504
0.23034605197802943
2.07942238267148
62.619735258724425
132.8688327316486
45.05746089049338
0.73014440433213
0.024763968363117412
0.05439868934604194
0.017355288117386278
