1.0
1.0
1.0
40.0
30.0
1.0
238.88583333333332
196.0
255.0
1.0
1.0
1.0
40.0
30.0
1.0
0.0
0.0
0.0
40.0
30.0
1.0
879.0
1.0
20.37542662116041
15.583617747440274
0.0
20.37542662116041
15.583617747440274
0.0
0.6699754211058355
0.0
0.0
50.602531749738986
40.0
30.0
49.4064773081425
49.4064773081425
829.5
33.90245251805279
0.22977661939522803
1858.043521994229
2.239956024103953
879.0
239.0
252.0
53389068.0
0.7855299329904041
4.0
3.5103537047186024
255.0
3.7141311424063708
246.4004550625711
247.0
233.0
22.0
2.278252477461574
246.45165120617992
-0.7922492530894042
53389068.0
0.6411321687562528
25.232127210437962
1.6713493549356193
1.2482517525423056
0.9446943544792731
0.5302134280263302
0.5996524157677693
0.14681180538259553
0.6070434998347898
0.14681180538259553
0.5962455371378247
0.12429610409104866
0.5024717853337689
1.3670167378864275
-0.309448394434826
0.6192983616574546
0.9265940973087022
0.9706376389234809
0.9265940973087022
0.9510627315391348
0.14681180538259553
0.6783423447663965
1.2202049325038322
0.18661605528759118
109.51029854734846
0.5546196029280548
0.22269019853597258
2.005541396249896
40.50934504378882
55.918715821635296
36.65700234932721
0.7486146509375259
4.120978921807873
27.276019877904382
0.1325781122866758
0.22468714448236632
18.24343275704228
0.2845013963198099
0.6211031436100705
0.2003509594972447
7.222222222222222
0.8024691358024691
0.09876543209876544
3.6666666666666665
51367.88888888889
54495.22222222222
50586.055555555555
0.3333333333333333
1.2222222222222223
0.13580246913580246
0.25079486941332285
1.0031787417027709
0.06269890134096086
2.947702779220087
0.010238907849829351
41829.11111111112
3.2046431300949427
196.43572241183162
0.22347636224326692
3.3014271828701816
563.5551763367463
0.17943391562187355
1.7030716723549488
55.177474402730375
86.74744027303754
47.284982935153586
0.8242320819112628
0.027940025312783855
0.058775753485989686
0.0202310932694824
