1.0
1.0
1.0
40.0
30.0
1.0
222.775
173.0
255.0
1.0
1.0
1.0
40.0
30.0
1.0
0.0
0.0
0.0
40.0
30.0
1.0
603.0
5.0
17.93200663349917
14.882255389718077
0.0
17.93200663349917
14.882255389718077
0.0
0.6930076491974791
0.0
0.0
53.02846512688925
40.0
30.0
48.60041152089147
48.60041152089147
534.25
36.74913195813602
0.2390525388837386
1331.9475331690574
2.4931165805691293
603.0
226.0
252.80000000000007
34515905.0
1.016378212375919
17.0
1.8011631567983604
255.0
8.363170328567225
239.0530679933665
240.0
223.0
32.0
6.703981968444779
239.24946561975148
-0.03887053590544263
34515905.0
0.6035631681284017
93.93748229554274
4.765699209320237
2.156574583932362
1.5188152173618974
0.41019973696889866
0.6589904500829189
0.19951849380779285
0.5348939215157921
0.19951849380779285
0.7168436659527279
0.15881702969335795
0.46630763212783266
1.6721861848003514
-0.24346592860185765
0.6020113073960998
0.9002407530961036
0.9800481506192207
0.9002407530961036
0.9501203765480519
0.19951849380779285
0.6610806326014171
1.4726676909925593
0.21462723597267797
94.28909457865493
0.45217641576429257
0.38517321768665036
4.471988998313196
16.04132944721456
74.20743022768458
3.895682156847479
0.3587990269714757
3.668517720915578
47.20453687283543
0.22141879272794646
0.3445273631840796
6.956022874329429
0.4432311357732851
1.6979423070215895
0.22607810281888185
20.21951219512195
0.49315883402736466
0.6389054134443785
3.0
1711.9756097560976
7214.90243902439
419.11653116531164
0.7168021680216802
9.829268292682928
0.23973825104104698
0.49776280230314407
0.6279716763046992
0.4817484653787826
3.0789379069946174
0.06799336650082918
1495.6704342653181
3.617250987929179
90.13101160862355
0.14947099769257638
4.6553303136060995
363.9485903814262
0.2347521651004238
4.691542288557214
43.640132669983416
207.77611940298507
10.149898654873779
0.27611940298507465
0.06877705539865968
0.20628918531972706
0.04438844167383597
