1.0
1.0
1.0
40.0
30.0
1.0
233.4675
185.0
255.0
1.0
1.0
1.0
40.0
30.0
1.0
0.0
0.0
0.0
40.0
30.0
1.0
837.0
1.0
20.954599761051373
12.571087216248507
0.0
20.954599761051373
12.571087216248507
0.0
0.6708412482984316
0.0
0.0
47.34994437895891
40.0
30.0
49.4064773081425
49.4064773081425
788.0
31.764295794042102
0.23295068025114546
1771.0777204849137
2.2475605589910073
837.0
233.0
252.0
49380922.0
0.6514076238495232
8.0
2.510471800565485
255.0
5.271926105779732
242.80286738351253
243.0
228.0
27.0
3.9022257616932543
242.89404546792701
-0.17951224711405964
49380922.0
0.7214264405076445
44.28491411980832
1.4652673334959565
1.1710012265406353
0.9599832383808014
0.5577218574638769
0.4715637190323247
0.09547269225189886
0.663182850279884
0.09547269225189886
0.45131193194147656
0.08598982694891098
0.6304919674089772
1.0659954822695894
-0.3847471415310589
0.626382159831775
0.9522636538740507
0.9809054615496202
0.9522636538740507
0.9681757692493671
0.09547269225189886
0.7812624273334152
0.9705227900176909
0.14175910282105592
87.27619907420318
0.5755829902031243
0.21220850489843784
1.917637893533365
65.16697506056883
79.91254660560301
61.480582174310285
0.7705905266166586
4.257465417564264
18.903597919745685
0.12032521220139444
0.18130227001194743
30.474127557452128
0.2740323387958482
0.6064136222451891
0.19093701793351298
6.25
0.78125
0.109375
3.625
61576.125
64126.125
60938.625
0.34375
1.0
0.125
0.1655474072376372
0.6621888570422474
0.04138704478648465
2.9999999999999973
0.009557945041816009
50629.734375
2.7851574982418654
256.13978494623655
0.3060212484423376
3.112535667436042
603.8339307048984
0.13928677974617773
1.5017921146953406
60.10872162485066
82.25925925925925
54.57108721624851
0.8745519713261649
0.024187430370617206
0.04560679570735325
0.018832589036433194
