1.0
1.0
1.0
40.0
30.0
1.0
239.89083333333335
201.0
254.0
1.0
1.0
1.0
40.0
30.0
1.0
0.0
0.0
0.0
40.0
30.0
1.0
913.0
1.0
21.191675794085434
12.910186199342826
0.0
21.191675794085434
12.910186199342826
0.0
0.8141968668014152
0.0
0.0
42.745607704892535
40.0
30.0
49.4064773081425
49.4064773081425
868.75
34.80333986284594
0.2300869465331354
1913.618476573845
2.2027263039698934
913.0
238.0
251.0
55236466.0
0.6957776113225296
5.0
3.2407524921307935
254.0
3.6141939059633907
245.92552026286967
247.0
234.0
20.0
2.644760910117171
245.9674018241674
-1.0553332169893859
55236466.0
0.6955692930039385
20.60124356831888
1.5071417871878154
1.189488236990308
0.9184385852289713
0.5344282482764103
0.49167760540108796
0.1226458475662164
0.6005347587180021
0.1226458475662164
0.5333325257354995
0.10706450810866501
0.5857737654076829
1.181824876398796
-0.312477198016596
0.589090338360968
0.9386770762168919
0.9754708304867568
0.9386770762168919
0.9591180508112613
0.1226458475662164
0.749188839226584
1.0591790288325797
0.1535808632418261
94.17534364721864
0.5389200868172634
0.23053995659136828
2.08151779011154
62.74251757337695
77.23454704704704
59.119510204959425
0.729620552472115
4.245484386474651
23.459464375089375
0.129426330039992
0.19140197152245345
31.820659912968928
0.27243140502238894
0.7039952736759518
0.1645404378589982
8.384615384615385
0.6449704142011834
0.1775147928994083
3.3076923076923075
41050.53846153846
43511.230769230766
40435.36538461538
0.4230769230769231
1.6153846153846154
0.1242603550295858
0.24665792496185993
0.9600887904286086
0.06830020859517275
3.1808329872054375
0.014238773274917854
36118.1775147929
2.8917363859055167
250.74808324205915
0.27464193126183917
3.1186860355891355
635.0547645125959
0.15221535349803078
1.5618838992332968
58.90142387732749
81.61007667031764
53.224260679079954
0.8595290251916758
0.02651228565743769
0.057073133977537306
0.018872073577412794
