1.0
1.0
1.0
40.0
30.0
1.0
236.04
188.0
255.0
1.0
1.0
1.0
40.0
30.0
1.0
0.0
0.0
0.0
40.0
30.0
1.0
812.0
4.0
14.86576354679803
13.472906403940886
0.0
14.86576354679803
13.472906403940886
0.0
0.7290592439120062
0.0
0.0
43.5909440282759
40.0
30.0
48.82622246293481
48.82622246293481
765.8333333333334
31.780380694665403
0.23629859592626645
1713.0859779773366
2.236891374943203
812.0
235.0
254.0
48536915.0
0.7742137078718798
9.0
2.162164940043948
255.0
5.271700356718192
244.4051724137931
244.0
232.0
23.0
4.224811375323379
244.4882939162302
-0.0733068978875639
48536915.0
0.6481502827052343
40.6375594530321
1.6595588791910239
1.2357573759051164
1.0694658996687867
0.6105426633514675
0.6252534077787157
0.0954264970486507
0.735368201664149
0.0954264970486507
0.4501097792173977
0.08583027992069168
0.5538297676656251
1.2124206118855223
-0.4613849828318424
0.7145616016228603
0.9522867514756745
0.9809147005902699
0.9522867514756745
0.9681911676504498
0.0954264970486507
0.7165293755705583
1.116994114836872
0.1801699762068416
82.02391552988695
0.566534744782677
0.2167326276086615
1.9533901707355081
66.35868258665056
93.11384429982098
59.66989215835795
0.7616524573161229
4.382709973876938
16.415619682727918
0.1089714044837084
0.17857142857142858
30.508927166283765
0.22160825502476136
0.43765654181128594
0.1675961833281302
3.5714285714285716
0.5102040816326531
0.24489795918367346
2.2857142857142856
52503.142857142855
64400.71428571428
49528.75
0.6785714285714286
1.0
0.14285714285714285
0.015087107636499467
0.029543347898651047
0.011473047570961573
2.807354922057602
0.008620689655172414
39047.142857142855
2.8996764465775566
247.5024630541872
0.30480598898298916
2.8655876143560874
526.2980295566502
0.17592485864738286
1.6834975369458127
60.19211822660098
95.72290640394088
51.30942118226601
0.8291256157635468
0.02220382572386736
0.0394693753824281
0.017887438309227174
