1.0
1.0
1.0
40.0
30.0
1.0
244.49
190.0
255.0
1.0
1.0
1.0
40.0
30.0
1.0
0.0
0.0
0.0
40.0
30.0
1.0
906.0
2.0
17.939293598233995
15.708609271523178
0.0
17.939293598233995
15.708609271523178
0.0
0.7582124614500277
0.0
0.0
42.51544581498577
40.0
30.0
49.4064773081425
49.4064773081425
867.4166666666666
32.23574082102564
0.2330555651205909
1887.3096257789323
2.1757820644968
906.0
242.0
255.0
56737590.0
0.9762330974240815
7.0
2.287374994319458
255.0
4.1113791305449565
250.20309050772627
251.0
239.0
16.0
3.626376254279426
250.24841962174068
-0.7066291337983407
56737590.0
0.5163832970288827
22.68502356134478
2.8150918622797825
1.619851265612795
0.9848105136092924
-0.3869462933469162
0.8534511750604996
0.08892386911720546
0.8110080569882476
0.08892386911720546
0.42896066756417767
0.08056024344370237
0.448252234467445
1.3826492996944721
-0.5564516875920564
0.8069433060572437
0.9555380654413972
0.982215226176559
0.9555380654413972
0.9703587102942648
0.08892386911720546
0.5753893310541923
1.2937254305772672
0.2355937610444263
74.19815015514557
0.5404661850362251
0.22976690748188738
2.0821581896696575
89.3466599808692
296.0315557799578
37.67543603109706
0.7294604525825856
4.443032128249461
13.766064311746401
0.09590715853329887
0.15176600441501104
40.55275662407903
0.20329176758948952
0.30456085291364854
0.17797449625844983
3.3333333333333335
0.5555555555555556
0.2222222222222222
2.0
60754.666666666664
202271.16666666666
25375.541666666668
0.75
1.0
0.16666666666666666
0.2268711168991456
0.28242843908933285
0.21298178635159873
2.5849625007211543
0.006622516556291391
37953.666666666664
2.8259708649281343
336.91832229580575
0.3718745279203154
2.6649659615319017
467.84326710816777
0.24180835148555863
2.771523178807947
63.28476821192053
187.25496688741723
32.29221854304636
0.5571192052980133
0.021677531081110393
0.05151354339258392
0.014218528003242012
