1.0
1.0
1.0
40.0
30.0
1.0
232.78916666666666
190.0
255.0
1.0
1.0
1.0
40.0
30.0
1.0
0.0
0.0
0.0
40.0
30.0
1.0
670.0
1.0
23.964179104477612
13.686567164179104
0.0
23.964179104477612
13.686567164179104
0.0
0.751044408028655
0.0
0.0
46.546607424413786
40.0
30.0
47.70744176750625
47.70744176750625
611.1666666666666
34.95856921881105
0.24001081396502036
1451.0857850475227
2.374288167517081
670.0
236.0
253.0
40047396.0
0.6748248942162489
7.0
2.527731424932753
255.0
4.599046558253509
244.41492537313434
245.0
232.0
23.0
3.3966033324340645
244.4836044315056
-0.03791969419165957
40047396.0
0.7078681220761862
33.577090666072635
1.5067079765408975
1.1840415809868827
1.0118366950047064
0.5869534173631313
0.5098339643690302
0.09083353283950163
0.6976406267742358
0.09083353283950163
0.43752265199976637
0.08238688760086477
0.6172793637948693
1.0882644628664122
-0.4201940479584008
0.6607393249956224
0.9545832335802492
0.9818332934320997
0.9545832335802492
0.9697221557201662
0.09083353283950163
0.7705416525933664
0.997430930026911
0.15016687430213296
88.86321655020426
0.6074115609311159
0.19629421953444207
1.8055331401469967
42.82601050673422
56.32918836506953
39.4502160421504
0.7986167149632508
3.9870963638986443
19.947879806969997
0.13248437344302832
0.21791044776119403
18.87098169997193
0.2601519395519276
0.5616309109411661
0.184782196704618
8.2
0.82
0.09000000000000001
3.7
30843.0
32291.7
30480.825
0.325
1.8
0.18
0.2803201666335621
1.1212796783952106
0.07008028869314996
2.6464393446710135
0.014925373134328358
26354.000000000004
3.006909493920865
165.98208955223882
0.24773446201826688
3.226633994208064
474.2716417910448
0.1460659389619069
1.5328358208955224
55.886567164179105
80.01641791044776
49.85410447761194
0.8667910447761195
0.028588867595130924
0.058665801519612815
0.021069634114010447
