1.0
1.0
1.0
40.0
30.0
1.0
234.04083333333332
194.0
255.0
1.0
1.0
1.0
40.0
30.0
1.0
0.0
0.0
0.0
40.0
30.0
1.0
726.0
4.0
25.6900826446281
14.761707988980715
0.0
25.6900826446281
14.761707988980715
0.0
0.8720345702587774
0.0
0.0
40.69697912725487
40.0
30.0
48.82622246293481
48.82622246293481
671.0833333333334
35.489172704066135
0.2385351296761674
1553.9942664344153
2.315650216964235
726.0
236.0
252.0
43256754.0
0.7045158096704496
7.0
2.44572852024636
255.0
4.4684030386509725
244.03030303030303
244.0
232.0
23.0
3.438789080573733
244.09487046049117
-0.08239520759287591
43256754.0
0.6903937952022099
31.516988062442607
1.5483960942555703
1.201479302617011
0.9800087476469665
0.5677081067603553
0.531449543579086
0.11208362719092409
0.651753765352416
0.11208362719092409
0.5006736423046139
0.09876001020483545
0.5794734044101595
1.183464198563683
-0.3674369876325528
0.6347297101445332
0.9439581864045381
0.9775832745618153
0.9439581864045381
0.9626387909363587
0.11208362719092409
0.7424788837875271
1.071380571372759
0.16088329269250257
93.54734113318165
0.589817118177004
0.20509144091149795
1.8672865291187504
49.43003172211631
61.77330204681958
46.34421414094049
0.7831783677203124
4.010278122716993
24.994894840415718
0.1509592110112465
0.21866391184573003
25.82824259871135
0.3332454538695301
0.5964155525364975
0.26745292920278824
5.0
0.5
0.25
2.5
30967.8
33548.7
30322.575
0.625
1.2
0.12
0.21643567130575664
0.26317835290200087
0.2047500009066956
3.1219280948873593
0.013774104683195593
25697.04
3.001440724762554
190.51790633608815
0.2624213585896531
3.592802555988131
501.2258953168044
0.15480310239889503
1.5743801652892562
56.16528925619835
81.1198347107438
49.92665289256198
0.856404958677686
0.028842129074362118
0.04824992781522363
0.02399017938914674
