1.0
1.0
1.0
40.0
30.0
1.0
233.72333333333333
195.0
255.0
1.0
1.0
1.0
40.0
30.0
1.0
0.0
0.0
0.0
40.0
30.0
1.0
755.0
5.0
22.717880794701987
12.925827814569537
0.0
22.717880794701987
12.925827814569537
0.0
0.6687556467732839
0.0
0.0
48.039255322596375
40.0
30.0
49.4064773081425
49.4064773081425
694.5
32.12652326376986
0.23344650168568595
1624.594284518403
2.339228631415987
755.0
233.0
251.0
44595952.0
0.6285753860078112
9.0
2.122877494845928
255.0
5.06188675935266
242.9615894039735
244.0
231.0
24.0
4.329265122449712
243.03803425125713
-0.31026682943107126
44595952.0
0.7344537520284198
37.15216701021885
1.4554481086121698
1.1733505740886574
0.8479689832253117
0.49601023696807023
0.44395658270324895
0.12920722730760342
0.5502351621236667
0.12920722730760342
0.5513206376483543
0.11189663476303491
0.6015214602315389
1.1532637500002623
-0.26721880721809066
0.5396382169892999
0.9353963863461984
0.9741585545384793
0.9353963863461984
0.9569309242307988
0.12920722730760342
0.7620458122575411
1.0240565226926592
0.14329095250271315
111.61310967627793
0.6142675025890041
0.19286624870549796
1.783125666248786
33.836363147622116
41.24555664369365
31.98406477360423
0.8042185834378036
3.9304950434055517
26.46391581683181
0.14090380681548823
0.24039735099337747
14.516542937431648
0.29608233331576994
0.596344618156841
0.22101676210550208
7.571428571428571
0.5408163265306123
0.22959183673469388
2.9285714285714284
27936.5
28559.85714285714
27780.660714285714
0.5178571428571429
2.7142857142857144
0.19387755102040816
0.23433997801798814
0.6125825742584566
0.13977932895787099
3.1820058147602106
0.018543046357615896
25028.209183673465
3.10078845979953
157.58013245033112
0.20871540721898163
3.355687908425069
554.5125827814569
0.1327731239857901
1.4728476821192054
53.437086092715234
71.10728476821193
49.01953642384106
0.8817880794701987
0.030755423864419446
0.05609557806443646
0.024420385314415195
