1.0
1.0
1.0
40.0
30.0
1.0
248.16833333333332
218.0
255.0
1.0
1.0
1.0
40.0
30.0
1.0
0.0
0.0
0.0
40.0
30.0
1.0
1040.0
1.0
21.865384615384617
13.964423076923078
0.0
21.865384615384617
13.964423076923078
0.0
0.7942290172582134
0.0
0.0
42.19444072623669
40.0
30.0
47.80167361086848
47.80167361086848
1003.75
33.512049191758905
0.22583397666329233
2146.735548693223
2.1387153660704588
1040.0
246.0
254.0
65163308.0
0.989045323754365
5.0
2.1614657504442634
255.0
2.6669748520710064
250.29423076923078
250.0
243.0
12.0
2.217135817584751
250.31385683392944
-0.2494632077763173
65163308.0
0.5075739644970414
9.824966715976334
2.6598808881186975
1.5699595453139612
0.9262039053398302
-0.23225873753406123
0.8804195821856278
0.09999549564637278
0.7959904065201432
0.09999549564637278
0.46533419659948266
0.08954080277885063
0.4202516583051491
1.4495535399244983
-0.5295789327196849
0.8024384340752468
0.9500022521768136
0.9800009008707254
0.9500022521768136
0.9666681681178758
0.09999549564637278
0.5199617974907749
1.3495580442781256
0.2451037694580001
77.81026932943317
0.5022053941623589
0.24889730291882056
2.4035247844319185
86.60483951404073
253.26772464085863
44.93911823233627
0.6491188038920204
4.6630799518916195
14.496697255043841
0.08927132089578235
0.14903846153846154
34.63255364182043
0.18957318521752925
0.39823957816767397
0.13740658697999306
3.3333333333333335
0.5555555555555556
0.2222222222222222
3.0
71659.0
186252.0
43010.75
0.5
1.3333333333333333
0.2222222222222222
0.005957555341051312
0.016015230133337895
0.003443136642979664
2.2516291673878213
0.0057692307692307696
41614.555555555555
2.831312409149271
409.5615384615385
0.3938091715976331
2.6495562130177515
527.876923076923
0.24621301775147927
2.6846153846153844
63.60961538461538
175.52692307692308
35.63028846153846
0.5788461538461539
0.020497097396650968
0.052284525081400086
0.01255024047546369
