1.0
1.0
1.0
40.0
30.0
1.0
234.25
182.0
254.0
1.0
1.0
1.0
40.0
30.0
1.0
0.0
0.0
0.0
40.0
30.0
1.0
862.0
2.0
20.617169373549885
14.22505800464037
0.0
20.617169373549885
14.22505800464037
0.0
0.6904513235977342
0.0
0.0
47.02210906331439
40.0
30.0
49.4064773081425
49.4064773081425
811.25
32.46647744112243
0.23058206133490944
1824.2950526667223
2.2487458276323236
862.0
233.0
250.0
51308361.0
0.5604212839284005
6.0
3.4124728657010124
254.0
4.906460451870949
243.88979118329468
246.0
227.0
27.0
3.190206326506927
243.97225366185506
-1.168721351735787
51308361.0
0.7721884572111477
40.23031341347215
1.3764481971778042
1.1426475109504273
0.8213370436134737
0.47877091425504614
0.3861657033904643
0.1029886713469552
0.5807530524693759
0.1029886713469552
0.4731367065305041
0.09168051893318901
0.6637422936981012
1.00090438754785
-0.3079118251979407
0.5425523797702381
0.9485056643265225
0.979402265730609
0.9485056643265225
0.9656704428843483
0.1029886713469552
0.8058581533760951
0.8979157162008953
0.12228859368435488
100.27591733062116
0.6171622203564375
0.19141888982178124
1.7748198059860345
63.040245091212924
72.46143857426344
60.6849467204503
0.8062950485034913
4.14767142157556
20.942177418418975
0.12152277871082001
0.18822505800464037
30.351628762296144
0.23819012819363344
0.5565781551024656
0.15859312146642546
4.142857142857143
0.5918367346938775
0.20408163265306123
3.142857142857143
72264.57142857143
74650.42857142857
71668.10714285714
0.4642857142857143
1.0
0.14285714285714285
0.1576996955482102
0.6305661368392969
0.03948308522543857
2.807354922057602
0.008120649651972157
57100.40816326531
2.7190164249910573
245.43155452436196
0.28472338111874934
2.9993863082132415
665.6264501160093
0.11390577139442618
1.3932714617169373
59.162412993039446
75.02900232018561
55.1957656612529
0.9016821345707656
0.024092706365866794
0.04289709010054137
0.019391610432198142
