1.0
1.0
1.0
40.0
30.0
1.0
240.46333333333334
182.0
255.0
1.0
1.0
1.0
40.0
30.0
1.0
0.0
0.0
0.0
40.0
30.0
1.0
995.0
1.0
19.888442211055278
13.883417085427135
0.0
19.888442211055278
13.883417085427135
0.0
0.7272502554655251
0.0
0.0
50.06474908219312
40.0
30.0
49.4064773081425
49.4064773081425
948.25
36.40960155984236
0.22504162663103633
2074.132518312893
2.1873266736756056
995.0
242.0
252.0
60584463.0
0.8226238917988442
6.0
4.537803376933678
255.0
3.4822352970884576
246.7145728643216
247.0
229.0
26.0
2.4112954553209662
246.75677809877573
-0.8533144804788245
60584463.0
0.6178197520264639
20.82707406378627
1.6832968509871864
1.2564221107379812
0.8873050683635451
0.49090278974530765
0.5906831845790999
0.17193896245351403
0.5482391728251488
0.17193896245351403
0.6537954019523071
0.14085173625562336
0.47783719022806964
1.431999751132576
-0.2556600331387669
0.5707784758141602
0.9140305187732429
0.9656122075092971
0.9140305187732429
0.9426870125154954
0.17193896245351403
0.6576084080352618
1.260060788679062
0.1906555367581535
118.16719089130049
0.5132784024922932
0.2433607987538534
2.2721072762853582
43.50075105260037
64.99038279072525
38.12834311806915
0.6819731809286604
4.05689832963755
34.633143568760005
0.14484399428178504
0.23190954773869343
21.358301929836532
0.3220238403160511
0.8834807665780711
0.181659608750546
15.421052631578947
0.8116343490304709
0.09418282548476455
3.6842105263157894
29301.842105263157
31443.21052631579
28766.5
0.32894736842105265
1.9473684210526316
0.10249307479224377
0.20902589432921959
0.796629602414621
0.062124967307869226
3.5368867237421635
0.019095477386934675
26559.390581717453
3.1756614636576592
234.31658291457288
0.23549405318047523
3.5830751748693217
614.7306532663316
0.19109012398676803
1.771859296482412
54.630150753768845
84.87738693467337
47.06834170854271
0.807035175879397
0.030781142579868356
0.07331380257295549
0.02014797758159657
