1.0
1.0
1.0
40.0
30.0
1.0
232.14083333333335
145.0
255.0
1.0
1.0
1.0
40.0
30.0
1.0
0.0
0.0
0.0
40.0
30.0
1.0
911.0
2.0
18.86827661909989
13.783754116355652
0.0
18.86827661909989
13.783754116355652
0.0
0.788945988189082
0.0
0.0
47.18330566782212
40.0
30.0
49.4064773081425
49.4064773081425
854.3333333333334
37.22507971612744
0.22567921919723768
1929.3489730007918
2.258309371440646
911.0
233.0
253.0
53862314.0
0.8960622019377904
8.0
3.4352739213378034
255.0
5.703193436483714
243.04061470911086
243.0
221.0
34.0
3.9972215223537977
243.15506203489636
-0.6893187757399836
53862314.0
0.6365943264479391
55.643795011814376
4.936286123588797
2.1967368351336467
1.1769129451138647
0.5014478326888161
0.5976285677075837
0.15512178650094002
0.5883081670789276
0.15512178650094002
0.6193426266091961
0.1304926431994598
0.514724844590654
1.4587638664558773
-0.2891675923081438
0.6188493466885303
0.9224391067495301
0.9844878213499061
0.9224391067495301
0.9612195533747651
0.15512178650094002
0.6955394304448503
1.3036420799549377
0.1881875885521309
100.45573036622056
0.45899558460733336
0.36569794550166285
5.084460524950721
38.75744618217657
176.88119384790951
9.171540302849536
0.29443656269092
4.137674881596189
35.01840932669364
0.1572571941026606
0.23847420417124038
19.206647036249276
0.36210853706390655
1.65829644841599
0.15560762264292405
14.466666666666667
0.4822222222222222
0.7655555555555555
3.433333333333333
13711.233333333334
57323.73333333333
3359.775
0.687962962962963
9.2
0.30666666666666664
0.519146195198695
0.7639531417559369
0.48847076099519715
2.627877967531028
0.03293084522502744
12789.09888888889
3.1895562539467406
213.4390779363337
0.23429097468313248
4.142979873988006
579.9374313940724
0.19824055542635988
4.922063666300768
54.4423710208562
261.25137211855105
12.447402122210024
0.24268203439443836
0.043608019090874146
0.16262676885406355
0.02293867495021254
