1.0
1.0
1.0
40.0
30.0
1.0
237.19583333333333
178.0
255.0
1.0
1.0
1.0
40.0
30.0
1.0
0.0
0.0
0.0
40.0
30.0
1.0
985.0
2.0
18.37258883248731
13.98984771573604
0.0
18.37258883248731
13.98984771573604
0.0
0.7121356771650188
0.0
0.0
48.567179123225316
40.0
30.0
49.4064773081425
49.4064773081425
923.75
34.58642099291282
0.22031585873484139
2081.970951872886
2.253825117047779
985.0
234.0
250.0
57956607.0
0.4769898409833758
6.0
3.1343242026985605
255.0
4.330409956453399
242.5005076142132
243.0
228.0
27.0
2.9118777030864953
242.56791816697003
-0.48725142799723264
57956607.0
0.8159519699038882
32.69873070679482
1.2891188982193442
1.1058606176661514
0.8153246342536135
0.46231197497400967
0.32168983337002544
0.05692590955821894
0.6994776376039049
0.05692590955821894
0.3125950815037847
0.053511207994457716
0.7571809205414199
0.7553759496487105
-0.450055845542658
0.592095158316867
0.9715370452208905
0.9886148180883563
0.9715370452208905
0.9810246968139269
0.05692590955821894
0.8656764275547393
0.6984500400904917
0.0946539357320611
96.05725166017069
0.6560546867819002
0.17197265660904992
1.6625344587789692
111.394772530969
123.21666424850673
108.43929960158454
0.8343663853052578
4.369742513453005
13.52227278789847
0.0874986686557015
0.1482233502538071
49.70298635546378
0.17850992871827612
0.4106311079134065
0.12047963391949351
4.142857142857143
0.5918367346938775
0.20408163265306123
3.142857142857143
111721.28571428571
113487.42857142857
111279.75
0.4642857142857143
1.2857142857142858
0.1836734693877551
0.21524253057772075
0.7538267142511902
0.08059648465935343
2.807354922057602
0.007106598984771574
91920.77551020405
2.2809692796993417
389.2497461928934
0.39517740730242984
2.6365492540390116
803.71269035533
0.09202401504805587
1.3076142131979696
63.69847715736041
77.83350253807106
60.16472081218274
0.9230964467005076
0.02168497032202616
0.03620360346620318
0.01805531203598191
