1.0
1.0
1.0
40.0
30.0
1.0
209.67833333333334
135.0
255.0
1.0
1.0
1.0
40.0
30.0
1.0
0.0
0.0
0.0
40.0
30.0
1.0
742.0
1.0
19.65633423180593
14.574123989218329
0.0
19.65633423180593
14.574123989218329
0.0
0.7239492669438078
0.0
0.0
51.6619802135908
40.0
30.0
49.4064773081425
49.4064773081425
679.1666666666666
37.40065270449456
0.2322360331206274
1608.935972353197
2.368985480765444
742.0
212.0
242.0
38154794.0
1.0882941020864203
15.0
2.5495746298166546
255.0
8.77663632202614
226.49056603773585
227.0
205.0
50.0
6.292722906890048
226.7632140715612
0.16425156860374865
38154794.0
0.5004976714787018
123.57875197070639
2.9589606120771896
1.6797656262528327
1.5516545900194907
-0.1563280318954076
0.7951367290486906
0.24593568476944772
0.5270301769828605
0.24593568476944772
0.7980778357596467
0.18377146780979806
0.34400007292515467
1.8904326983876074
-0.21947590458179095
0.5999262462074756
0.877032157615276
0.9754064315230551
0.877032157615276
0.938516078807638
0.24593568476944772
0.5141662081646932
1.6444970136181603
0.26026810345453455
125.61551410525911
0.4861415385145136
0.30239516899473506
2.447561615521704
15.21315626969729
50.42467116524766
6.578612160744459
0.668051031733589
3.5479784137117383
58.26300021117094
0.21815919914870036
0.34871967654986524
6.2300392473274675
0.4358676048054757
0.8285790532349357
0.3536625427420591
6.625
0.4140625
0.609375
3.25
7875.125
25039.5
3594.1701388888887
0.6458333333333334
1.75
0.109375
0.1755545750179773
1.1832686850971017
0.06299718947350476
3.452819531114779
0.0215633423180593
5724.484375
3.668613238589727
115.69272237196766
0.1559201110134335
3.996229321205164
371.36927223719675
0.2720265037307198
2.9137466307277626
42.5633423180593
139.33423180592993
18.996555855046424
0.5425277029050614
0.041588296282374385
0.11228079611599057
0.02763330651266807
