1.0
1.0
1.0
40.0
30.0
1.0
209.3125
136.0
254.0
1.0
1.0
1.0
40.0
30.0
1.0
0.0
0.0
0.0
40.0
30.0
1.0
652.0
5.0
15.567484662576687
16.188650306748468
0.0
15.567484662576687
16.188650306748468
0.0
0.7879590029620183
0.0
0.0
43.82751659437303
39.0
30.0
48.82622246293481
48.82622246293481
596.5833333333334
34.53428627800348
0.2433643041948664
1408.2334552620534
2.3604974805342422
652.0
211.0
244.0
33370496.0
1.1481428032809446
16.0
2.3133179813601
254.0
9.58071436636682
225.93251533742333
225.0
208.0
46.0
7.114927891156461
226.23382225319082
0.4327063509690611
33370496.0
0.4750037637848621
136.2408445933231
2.7175453071491265
1.5887423718727178
2.0335934836805585
0.13800994134338979
0.9756500540370432
0.2022593455092302
0.6559617086258682
0.2022593455092302
0.7196845678377941
0.1598261173631918
0.32856482009941707
1.9071401534987074
-0.32856817553811785
0.7190315331076469
0.8988703272453848
0.979774065449077
0.8988703272453848
0.9494351636226925
0.2022593455092302
0.4351648348325141
1.704880807989478
0.2944773498865684
100.84806766354238
0.4983027297369527
0.33224855481286925
2.3702263843520894
20.236938914472354
59.69218687965859
10.61995122513588
0.7064753815229339
3.7791576394852524
42.39297126554194
0.20151092521016584
0.3113496932515338
8.939063829627294
0.40756367423146517
0.8836475850919996
0.3139931809666464
9.0
0.42857142857142855
0.43537414965986393
2.9047619047619047
3330.285714285714
9770.095238095239
1728.6402116402116
0.6296296296296295
1.8571428571428572
0.08843537414965986
0.19898860122778492
0.4400470389556889
0.14063098865230073
4.106603137064469
0.032208588957055216
2366.331065759637
3.8080305111095667
106.579754601227
0.16346588129022546
4.001449057171892
309.70245398773005
0.30100869434303135
2.6533742331288344
46.37116564417178
132.43251533742333
25.57668711656442
0.6156271301976823
0.041517486894212356
0.09945224575003828
0.028847172638369136
