1.0
1.0
1.0
40.0
30.0
1.0
214.41
137.0
255.0
1.0
1.0
1.0
40.0
30.0
1.0
0.0
0.0
0.0
40.0
30.0
1.0
833.0
1.0
19.41776710684274
14.39015606242497
0.0
19.41776710684274
14.39015606242497
0.0
0.7419889875652653
0.0
0.0
45.328575078448395
40.0
30.0
49.4064773081425
49.4064773081425
775.25
33.63330353023404
0.228811444839018
1783.6141028266907
2.3006953922304945
833.0
213.0
240.0
42973244.0
1.0522539910411093
15.0
2.478780891106611
255.0
8.180616784528937
226.9075630252101
227.0
207.0
48.0
5.93379545621123
227.13108156147302
0.08618100437555751
42973244.0
0.5083075246905485
101.48605324482733
2.8959052349001335
1.662216135779149
1.2442648880992284
-0.23640483207285343
0.76742386060074
0.23573052624852836
0.5298261149009447
0.23434548469728184
0.7850363612071056
0.17958325741500522
0.35258837190229364
1.8347893951985659
-0.2189770672416607
0.5943822331793084
0.8829657618064838
0.97649087236982
0.8830580979099002
0.9414828809032418
0.2331335733399411
0.5186138235191807
1.5949244019964184
0.2507885967123171
129.91708653222847
0.48740704318586225
0.295838389439928
2.4426029792749038
19.118176561788548
62.110325830357375
8.453009087418042
0.6655501138391955
3.705535098972708
56.56406728331019
0.2073280350206626
0.32022809123649454
8.654523179443366
0.43051312547734955
0.8402171389554359
0.3441832387998086
7.588235294117647
0.4463667820069204
0.48442906574394473
2.823529411764706
11561.35294117647
36908.82352941176
5227.883986928105
0.6748366013071895
1.3529411764705883
0.07958477508650519
0.20532921193025627
0.2492475950294286
0.20025012450695195
3.8077635764171895
0.02040816326530612
9160.35294117647
3.6910619685258883
131.51140456182472
0.15787683620867315
4.195757534706559
423.4201680672269
0.260027180139763
2.87875150060024
45.64585834333734
144.78031212484993
21.089002267573697
0.5436507936507936
0.04093200054020096
0.0927916769504476
0.02895377241032467
