1.0
1.0
1.0
40.0
30.0
1.0
206.52333333333334
134.0
254.0
1.0
1.0
1.0
40.0
30.0
1.0
0.0
0.0
0.0
40.0
30.0
1.0
890.0
1.0
20.376404494382022
14.087640449438203
0.0
20.376404494382022
14.087640449438203
0.0
0.7182012402906867
0.0
0.0
48.28668338472851
40.0
30.0
49.4064773081425
49.4064773081425
836.25
34.67955589643571
0.2277624497112892
1884.6299409248093
2.253668090791999
890.0
204.0
232.0
42535224.0
1.0442776521841255
12.0
3.2568909119517397
254.0
8.194859234945083
218.35730337078652
219.0
196.0
58.0
5.6737661850253325
218.61469876669761
0.3074063955222523
42535224.0
0.5807196061103395
112.47458149223583
5.092993458748713
2.225313530581322
1.9897370480643621
0.6452428408660945
0.751225199190802
0.18733987286769913
0.6010693996725278
0.1841641562172125
0.6953549743864459
0.15285995107113157
0.4555719048829147
1.7023043250097252
-0.2880947979793538
0.656181306522934
0.9082354935564425
0.9890360495369086
0.9084472079998083
0.9632730259782404
0.18138540414803672
0.6465359326820695
1.5047014038086304
0.23464126801462531
95.28089202727985
0.40713831029797193
0.4571791709962153
5.333152272315771
30.717673567103226
143.59841068662362
7.221013269704915
0.30414064962346016
4.1809343687756115
45.267407005049584
0.190417232881764
0.26179775280898876
15.104345176820704
0.4289172946692267
2.0815138594952476
0.1819059330034215
17.7
0.4425
0.96
4.2
10513.4
43251.0
2596.230034722222
0.6314236111111111
13.25
0.33125
0.5950046157907619
1.6162079045591866
0.470692650945946
3.1658841998018756
0.0449438202247191
10018.3375
3.4686677784927804
180.07191011235955
0.20232798889029163
4.757384168665573
516.8404494382022
0.24939275344022216
5.119101123595506
52.44494382022472
259.42471910112357
11.822776217228466
0.24445224719101125
0.055928545242483176
0.2275417561947792
0.02924180260431264
