1.0
1.0
1.0
40.0
30.0
1.0
221.51333333333332
153.0
255.0
1.0
1.0
1.0
40.0
30.0
1.0
0.0
0.0
0.0
40.0
30.0
1.0
825.0
4.0
18.04
15.450909090909091
0.0
18.04
15.450909090909091
0.0
0.845976725527917
0.0
0.0
40.834378157723286
40.0
30.0
49.4064773081425
49.4064773081425
768.1666666666666
34.54493352283944
0.2304604317455076
1760.0488636552143
2.2912330618206305
825.0
220.0
251.0
45450813.0
1.1775647275019099
16.0
2.1748429024976637
255.0
9.011640771349862
234.4690909090909
234.0
214.0
41.0
6.837305626268135
234.71662605246894
0.16991057352089456
45450813.0
0.5330938475665749
116.13995371900828
4.103761484306194
1.9868120882343783
2.7555610689628987
0.17709386818186063
0.8533139724069047
0.22802637553902214
0.5787486094671204
0.22662839035707893
0.7731772761589212
0.17566836282168835
0.40775743258847014
1.924678953989194
-0.2697952840480086
0.6661129584534483
0.8868256033396549
0.9772618848391106
0.8869188023517844
0.9434128016698275
0.22540515332287858
0.6168584782742415
1.6916208043462024
0.27033508698648173
105.36705760570331
0.41003764806158294
0.43515237096775716
3.3018399223895787
22.832811163092437
96.12163931576467
6.458355952095084
0.5489141231707966
3.7723301700583773
58.757883630516176
0.22382322399765286
0.3115151515151515
11.881077832528726
0.46505136112616846
1.0330275499540582
0.3532714883306092
30.95
0.77375
0.31
1.75
7868.875
31932.825
1982.748611111111
0.8958333333333334
7.05
0.17625
0.4175671452783056
0.4196002600536069
0.41731235478668643
3.269099746425989
0.048484848484848485
7443.484375
3.653323279017797
134.8521212121212
0.163457116620753
4.92872580348944
439.80242424242425
0.2987753902662994
4.008484848484849
47.28121212121212
206.70181818181817
13.277912457912457
0.3758249158249158
0.0566986785847897
0.13430606480527116
0.04118086446793457
