1.0
1.0
1.0
40.0
30.0
1.0
210.86333333333334
139.0
255.0
1.0
1.0
1.0
40.0
30.0
1.0
0.0
0.0
0.0
40.0
30.0
1.0
767.0
1.0
20.903520208604956
14.491525423728813
0.0
20.903520208604956
14.491525423728813
0.0
0.8083725994774098
0.0
0.0
44.95917526891802
40.0
30.0
49.4064773081425
49.4064773081425
708.4166666666666
36.34376538249573
0.2329916433895932
1649.4391301630878
2.328346025403724
767.0
214.0
244.0
40792940.0
1.0003523942438466
15.0
2.588657143838041
255.0
8.832509191910779
230.35984354628422
232.0
204.0
51.0
6.4786122153244845
230.61886017874474
-0.3722596760544024
40792940.0
0.5645201593094551
119.40115147487036
3.331809852933468
1.7940694837897753
1.446565428497888
-0.33333304201753045
0.6544584275184139
0.20216602557780092
0.5273631205026551
0.2013944206395293
0.7247125864371138
0.16102055356161699
0.4505044237314287
1.6684551811173018
-0.22611448877033422
0.5833132476564692
0.8993799501740626
0.9798190099778326
0.8994313905032807
0.9496899750870312
0.20071926631854167
0.643073661586103
1.463535327228349
0.2141561132740537
107.02155219579556
0.46538543431374335
0.3324541766816945
2.6563434251155735
27.3847814535548
100.94255943709899
9.179988069031065
0.6323765446155543
3.6391393504303475
56.011398246423624
0.23793612079312504
0.2998696219035202
15.573752814238784
0.4827776718447069
0.9733494736447713
0.3848502635353767
8.11111111111111
0.4506172839506173
0.5802469135802469
3.0
11277.611111111111
43226.166666666664
3298.5586419753085
0.6851851851851852
1.4444444444444444
0.08024691358024691
0.194350805772251
0.6540761980691602
0.14316969487565653
3.947702779220085
0.02346805736636245
9461.904320987656
3.4015875934632476
142.6897001303781
0.18603611490270938
4.816061493585636
432.986962190352
0.23646541070800234
3.2659713168187743
48.389830508474574
175.08865710560625
17.272852383021874
0.4581341445748226
0.04220787332268365
0.1101881424258341
0.028036835364064983
