1.0
1.0
1.0
40.0
30.0
1.0
206.97166666666666
145.0
254.0
1.0
1.0
1.0
40.0
30.0
1.0
0.0
0.0
0.0
40.0
30.0
1.0
749.0
3.0
23.06275033377837
15.31909212283044
0.0
23.06275033377837
15.31909212283044
0.0
0.7514401978387708
0.0
0.0
43.366013760714964
40.0
30.0
49.4064773081425
49.4064773081425
695.3333333333334
32.586965959830515
0.23613665568100514
1607.3708296466216
2.311655076193607
749.0
207.0
241.0
37387791.0
1.121371921423499
15.0
2.7657838203232705
254.0
9.33858941427912
223.1041388518024
223.0
202.0
52.0
6.506772986220616
223.4210015312653
0.34862079492239356
37387791.0
0.48903477890413743
141.48715242931831
2.431722694898938
1.4989788316149204
2.252874152566685
0.4859689352052978
0.9785479445884354
0.2395090538319705
0.6070378191391732
0.2395090538319705
0.7874356112002769
0.18045879059389647
0.3085807596895052
1.9857512745943682
-0.2703962627600481
0.6728712753553736
0.8802454730840148
0.9760490946168029
0.8802454730840148
0.9401227365420073
0.2395090538319705
0.42298294767632805
1.7462422207623984
0.3045142496051015
119.64539014373294
0.4870341711495843
0.32460792149136086
2.4296474078409993
16.115188201493247
39.2857956087159
10.520304859556031
0.6855941889384819
3.8295649079759544
49.24621182545326
0.19422822149866975
0.32843791722296395
6.016255471600073
0.37631184351430924
0.8818329638676737
0.27123493534244064
5.933333333333334
0.39555555555555555
0.46222222222222226
3.466666666666667
11046.466666666667
23499.733333333334
7947.520370370371
0.5314814814814814
1.8
0.12
0.07189794131771717
0.21764550014339865
0.03886232270487557
3.7735572622751814
0.020026702269692925
8553.128888888888
3.877931520145845
117.29639519359145
0.15660399892335308
3.4353450350355876
366.2870493991989
0.2962953720225098
2.4218958611481978
44.04405874499332
106.22696929238985
29.16588785046729
0.6712283044058746
0.03630394717101596
0.08828741315791509
0.024953150139549466
