1.0
1.0
1.0
40.0
30.0
1.0
209.65
141.0
253.0
1.0
1.0
1.0
40.0
30.0
1.0
0.0
0.0
0.0
40.0
30.0
1.0
683.0
3.0
15.617862371888727
15.612005856515374
0.0
15.617862371888727
15.612005856515374
0.0
0.7406672984677657
0.0
0.0
46.62007431691086
40.0
30.0
49.4064773081425
49.4064773081425
628.5
34.52996449867283
0.24172991167614327
1467.8801101464885
2.3355292126435776
683.0
214.0
240.0
35603666.0
0.9993485215745135
13.0
2.4402448776036403
253.0
8.114579336275883
228.10248901903367
229.0
207.0
46.0
6.080504094648955
228.31634702574428
-0.17784360587642717
35603666.0
0.5306427375565127
97.60882250170957
2.992693310981311
1.6928357022061453
1.0210462981613975
-0.3992175976304727
0.70038400592674
0.1924976331872484
0.5674931091118892
0.1924976331872484
0.7016479626731471
0.15437377935954513
0.4100655668977772
1.6323797841418792
-0.2616864027514199
0.6136495398712346
0.9037511834063758
0.9807502366812751
0.9037511834063758
0.9518755917031878
0.1924976331872484
0.5861518646560229
1.4398821509546316
0.2232204097784971
99.24881261874222
0.4940614236487401
0.28546773540660453
2.3930400672084042
27.23214941586203
95.87089409817963
10.135856113559454
0.6732041303007165
3.640316694685907
43.402004209534724
0.20829000966532735
0.29502196193265007
14.612153062742763
0.4222060074861197
0.8685982629782992
0.3303949418689322
7.133333333333334
0.47555555555555556
0.38222222222222224
2.533333333333333
9033.666666666666
33643.6
2883.0351851851856
0.6907407407407408
1.1333333333333333
0.07555555555555556
0.09841856482304939
0.1299056989034325
0.09350974426591656
3.9068905956085143
0.021961932650073207
6960.382222222223
3.4093022778299273
133.02049780380673
0.19475914758976096
4.414929398120856
362.4289897510981
0.24255663048860746
2.9604685212298683
48.50219619326501
160.56222547584187
20.544127216528388
0.5180169188221897
0.03714135944492215
0.09122359246827628
0.024976476044026415
