1.0
1.0
1.0
40.0
30.0
1.0
210.61583333333334
119.0
255.0
1.0
1.0
1.0
40.0
30.0
1.0
0.0
0.0
0.0
40.0
30.0
1.0
685.0
1.0
19.39124087591241
15.668613138686132
0.0
19.39124087591241
15.668613138686132
0.0
0.6994463703480929
0.0
0.0
49.29444267975941
40.0
30.0
49.4064773081425
49.4064773081425
620.25
34.47881901068984
0.23460228230479468
1499.2120825731365
2.417109363277931
685.0
214.0
254.0
38224621.0
1.5197300660208053
26.0
1.8021030218190854
255.0
12.814841493952798
235.76496350364962
237.0
207.0
48.0
10.57632984335687
236.2252451016988
-0.27434145470462423
38224621.0
0.365140391070382
217.24840748041984
4.655489130977328
2.0807332188181937
5.502259600287208
-0.09801648163795579
1.6391734147415822
0.3360546486870528
0.6597890229400601
0.3289925416718441
0.9282313393049778
0.22466651231937015
0.2030862794829872
2.5665184565799115
-0.2782989483370195
0.7444448035709832
0.8362099398655989
0.9667204785319965
0.8366807469999461
0.9181049699327994
0.32281319803353636
0.3384512026236033
2.2136619086339104
0.4938070158571588
109.4785204636281
0.3736035824369872
0.5123248914857301
3.7461719178926867
9.891004067348682
49.67736777248697
3.3726807138503774
0.5090744947237719
3.596288606703875
87.60534434366613
0.2895211923690084
0.4277372262773722
4.038923446353516
0.5308179420444924
1.5623034647191407
0.33071038081142257
15.74074074074074
0.5829903978052127
0.4554183813443073
2.3333333333333335
2911.740740740741
12856.555555555555
853.8909465020575
0.7901234567901234
3.074074074074074
0.11385459533607682
0.28212725653408716
0.28472114148526384
0.2815175675028547
3.574357762129122
0.03941605839416058
2268.0850480109734
4.224177188820852
99.37372262773722
0.14507112792370397
3.9168927486813363
250.12116788321168
0.5210634556982259
4.48029197080292
35.03211678832117
183.58102189781022
11.220113544201135
0.4137875101378751
0.05907591751217924
0.176873962074692
0.03793366705179864
