1.0
1.0
1.0
40.0
30.0
1.0
215.06416666666667
133.0
255.0
1.0
1.0
1.0
40.0
30.0
1.0
0.0
0.0
0.0
40.0
30.0
1.0
775.0
2.0
17.655483870967743
14.074838709677419
0.0
17.655483870967743
14.074838709677419
0.0
0.6582034890490496
0.0
0.0
46.973498268718615
40.0
30.0
48.25971404805462
48.25971404805462
721.1666666666666
30.91812045331008
0.2350280587274159
1654.708537271235
2.294488380778232
775.0
215.0
243.0
40716233.0
1.1350157746146048
14.0
2.683503807244085
255.0
8.373490946930282
228.96903225806452
229.0
210.0
45.0
6.0693398493831126
229.20967440033957
0.2248954136367797
40716233.0
0.5064374609781478
110.25710551508845
3.290957000330267
1.7667437172314207
2.4368984988332785
-0.07971464206373487
0.876910316040542
0.19900783347109222
0.6294902831516791
0.19825933047708022
0.7159119739313375
0.15860323843777427
0.3879721001609164
1.837136230493909
-0.324073239867221
0.7081484720694438
0.9009451850608611
0.9801337629449222
0.9009950852604619
0.9504725925304305
0.19760439035731975
0.577758538118335
1.635490607291261
0.2689795373779085
106.72390812625207
0.4792801247773109
0.32180660684514995
2.490497049370713
27.47445566305933
100.84490773522248
9.870502746707107
0.6677288525594758
3.7580010338355003
47.1726575508632
0.20551731174596324
0.2874193548387097
14.18088019745668
0.4425683473007783
0.7720277828732717
0.36684276174238095
10.333333333333334
0.5740740740740741
0.3333333333333333
2.111111111111111
11648.388888888889
44493.0
3496.5570987654323
0.7839506172839505
1.8888888888888888
0.10493827160493827
0.17805023129546868
0.23069139288586346
0.16495417439949506
3.683542362433226
0.023225806451612905
9794.608024691359
3.631181699777022
143.93935483870968
0.18572819979188346
4.656193132154007
392.4890322580645
0.28657481789802286
3.2051612903225806
49.55483870967742
178.25548387096774
19.643476702508963
0.4931541218637993
0.04042380871105909
0.09390159278765269
0.028195128808525934
