1.0
1.0
1.0
40.0
30.0
1.0
218.26916666666668
141.0
247.0
1.0
1.0
1.0
40.0
30.0
1.0
0.0
0.0
0.0
40.0
30.0
1.0
978.0
1.0
20.754601226993866
14.218813905930471
0.0
20.754601226993866
14.218813905930471
0.0
0.8199209152574868
0.0
0.0
44.23805757476321
40.0
30.0
49.4064773081425
49.4064773081425
923.9166666666666
36.271708655913244
0.22227766111403413
2063.8438733182747
2.2337987264200683
978.0
212.0
239.0
50485538.0
0.9319501990536593
13.0
2.5541668833656295
247.0
7.766871165644171
227.0
229.0
204.0
43.0
5.740020383896721
227.20300283882145
-0.4532262933009845
50485538.0
0.5464221042902965
92.20449897750511
2.95535503321332
1.681851421062161
0.8871642378163407
-0.43332610747495387
0.6872287787217883
0.1803984599463252
0.5836045190595255
0.1803984599463252
0.6765382194612943
0.1469646525966309
0.41922172806931235
1.555403869357218
-0.275739880048376
0.6191413056876092
0.9098007700268375
0.9639203080107349
0.9098007700268375
0.9398671800178916
0.1803984599463252
0.5916521910889982
1.3750054094108932
0.2169068096670284
125.02287293994043
0.506084623386845
0.24695768830657747
2.337875298401686
38.08443947496845
131.76755534807313
14.66366050669228
0.6655311753995785
3.8789524615987845
44.725841380076716
0.17505409264066132
0.2528118609406953
20.55248848957611
0.37093546159651525
0.6323724453979388
0.30557621564615933
5.0
0.5
0.25
2.5
40238.6
136793.6
16099.85
0.625
1.2
0.12
0.20638838211281435
0.5123789052221677
0.12989075133547595
3.3219280948873595
0.010224948875255624
30673.760000000002
3.314835910342993
209.35582822085888
0.21406526402950807
3.8031749616303046
534.4008179959101
0.2267889478548517
2.957055214723926
52.488752556237216
171.13905930470347
22.826175869120654
0.5107361963190185
0.03135195773378654
0.07592254755799162
0.020209310277735267
