1.0
1.0
1.0
40.0
30.0
1.0
205.12833333333333
153.0
242.0
1.0
1.0
1.0
40.0
30.0
1.0
0.0
0.0
0.0
40.0
30.0
1.0
637.0
4.0
18.452119309262166
16.971742543171114
0.0
18.452119309262166
16.971742543171114
0.0
0.8208452337772484
0.0
0.0
37.86321956733934
40.0
30.0
44.721359549995796
44.721359549995796
584.9166666666666
31.079843317311944
0.24678575376127546
1370.5452218884043
2.3431461266079006
637.0
207.6
228.0
30357118.0
0.7361377718903811
11.0
2.360673836086684
242.0
6.196801628512774
218.17582417582418
219.0
205.0
37.0
4.681804417932141
218.30342687471335
0.077842758823669
30357118.0
0.6714386756997208
55.695930443183215
1.6336848441994165
1.2319631338231005
0.9884515108526875
0.5639970959389142
0.5881166361615803
0.12440911453976973
0.6512222116766962
0.12440911453976973
0.537637810151774
0.1082597093349793
0.5354774153143458
1.2830126579774022
-0.358241253297819
0.6490918756417619
0.9377954427301152
0.9751181770920461
0.9377954427301152
0.95853029515341
0.12440911453976973
0.7058323089070146
1.1586035434376327
0.17813143767533748
95.35707427630662
0.6263645510270347
0.18681772448648265
1.7483932395454647
34.83749962738945
50.49554493077494
30.92298830154308
0.8129016901136339
3.9237981527344417
22.31370198584287
0.14263652908016125
0.239010989010989
15.451107860725578
0.3002534139733234
0.5715426147493591
0.23243111377931452
5.2
0.52
0.24
2.8
22210.5
24836.7
21553.95
0.55
1.4
0.14
0.020363027786416486
0.07086221825813444
0.007738230168487001
3.12192809488736
0.015698587127158554
18152.81
3.205107920858808
138.81475667189952
0.2179195552149129
3.4239826107957976
427.7064364207221
0.16428066215013962
1.6216640502354789
53.66248037676609
84.31240188383046
46.0
0.8445839874411303
0.027543907294879114
0.05062790838179566
0.02177290702314998
