1.0
1.0
1.0
40.0
30.0
1.0
225.5625
129.0
255.0
1.0
1.0
1.0
40.0
30.0
1.0
0.0
0.0
0.0
40.0
30.0
1.0
1042.0
1.0
18.891554702495203
14.095969289827256
0.0
18.891554702495203
14.095969289827256
0.0
0.7181493706525404
0.0
0.0
46.85809986979012
40.0
30.0
49.4064773081425
49.4064773081425
996.3333333333334
33.65111493146365
0.22176964511924374
2175.296510582451
2.1833019510697067
1042.0
216.0
246.0
56416582.0
1.0327440608392446
16.0
2.3646530889115462
255.0
9.326258744994306
232.41074856046066
234.0
207.0
48.0
6.917771786702146
232.6856099766617
-0.3518094465171382
56416582.0
0.5708993851334175
127.83704377746912
3.455181277419749
1.8198881543832361
1.9854725206763129
-0.27676321197204645
0.7506051071439939
0.1779467082918043
0.6163344403480718
0.1779467082918043
0.6702559935606986
0.14525294374468345
0.4529429782192384
1.6945362981734546
-0.3071736216967743
0.6703737049262735
0.9110266458540978
0.9822053291708195
0.9110266458540978
0.9555133229270489
0.1779467082918043
0.6464246318213911
1.516589589881651
0.23213795385894956
106.10407238471049
0.4313935239014963
0.3897916340762052
3.0559410951888273
37.67054863378426
140.22600221099484
12.643019065056466
0.5738326706050354
4.22020284986771
38.67938106548411
0.15269256047857918
0.23608445297504801
17.69202287405839
0.33952954661295986
0.8477577851859951
0.25512168498872256
13.583333333333334
0.5659722222222222
0.7482638888888888
3.125
23620.666666666668
92837.45833333333
6345.728009259259
0.7465277777777778
3.75
0.15625
0.37808060556351175
0.8509563220858051
0.32553882783476046
3.5994839817876825
0.023032629558541268
21735.659722222223
3.38681240786179
228.25911708253358
0.21905865363007063
3.8436529485228834
594.8771593090211
0.2443744681164599
3.4616122840690977
54.41458733205374
197.69769673704414
20.03974728087012
0.429382597568778
0.035778416666303964
0.10293879397746158
0.022491767457626793
