1.0
1.0
1.0
40.0
30.0
1.0
200.895
111.0
255.0
1.0
1.0
1.0
40.0
30.0
1.0
0.0
0.0
0.0
40.0
30.0
1.0
767.0
1.0
22.02346805736636
14.711864406779661
0.0
22.02346805736636
14.711864406779661
0.0
0.7255635750509881
0.0
0.0
46.21119981689291
40.0
30.0
49.4064773081425
49.4064773081425
706.4166666666666
33.529163346540386
0.2307747287861877
1662.1485432958366
2.352929399498648
767.0
202.0
245.0
39258694.0
1.5751628888682272
22.0
2.3476771258403435
255.0
12.865017023945716
225.6870925684485
227.0
192.0
63.0
9.331212492537782
226.24044275952537
-0.2929322035999767
39258694.0
0.3906192364637108
250.07418802663312
7.246658445393919
2.642935522973763
6.510569080139497
-0.3566494313578331
1.4880460932156823
0.4422736380967921
0.5420334141968653
0.3928060456654315
1.0717064400112843
0.2851969357108671
0.22982613186461703
2.686104437206804
-0.20238262637044854
0.6648123702550729
0.8085437364104203
0.9748568611548598
0.8118415759058444
0.9230877106146257
0.3495219022879909
0.41304545912808394
2.2119319999548877
0.4825799328281187
115.02021981181512
0.33269544670739437
0.6632436867471782
5.840446166978689
9.157880865851158
73.82567224740183
1.501245774449564
0.3271185887225842
3.626756977956423
117.1299586892401
0.333281438183664
0.4501303780964798
3.9944872598455126
0.5888984919288155
2.7792877728312684
0.2505103418892193
31.704225352112676
0.4465383852410236
0.7228724459432652
3.211267605633803
1419.7605633802816
12216.098591549297
177.0424491392801
0.6838810641627543
19.95774647887324
0.28109502082920057
0.5457354704158053
0.9912488144348336
0.46533885470215364
3.4561418119652396
0.09256844850065189
1303.0597103749255
4.211559224822085
96.01694915254237
0.12518507060305395
5.100285743911581
299.6049543676662
0.5474792151476571
7.044328552803129
34.249022164276404
283.29204693611473
5.092079530638853
0.23415543966391425
0.09911592219098272
0.37749736468057693
0.057805721833902465
