1.0
1.0
1.0
40.0
30.0
1.0
195.06
96.0
255.0
1.0
1.0
1.0
40.0
30.0
1.0
0.0
0.0
0.0
40.0
30.0
1.0
752.0
2.0
22.0531914893617
17.397606382978722
0.0
22.0531914893617
17.397606382978722
0.0
0.7451116468726772
0.0
0.0
47.414909035587634
40.0
30.0
49.4064773081425
49.4064773081425
705.3333333333334
35.32940095782488
0.24088824724560232
1590.7360326501241
2.2552968326797598
752.0
209.0
249.0
40540772.0
1.4199911504407816
18.0
3.8186549363749274
255.0
11.8788337483024
231.66489361702128
234.0
183.0
72.0
7.756139556958532
232.18656520959559
-1.0080241544264206
40540772.0
0.4772769069714803
241.97812924400182
8.395891121979895
2.8533642500519214
6.7753903837545835
-0.8600287511282668
1.3159198872655762
0.29985461245454664
0.6272226200581997
0.2780919831281894
0.892719326813684
0.22050807282613558
0.35055911721651345
2.2861143905977053
-0.2842512652845613
0.7197915236659111
0.863130271368541
0.9827455397849035
0.8645811133236315
0.9451070243519073
0.2590496824676268
0.5692910895557592
1.9728787717668017
0.4039436249300308
79.39808949767612
0.3105718990530018
0.7786567214547897
7.073959966550737
21.938513433568744
195.09966697270954
2.8178276832556137
0.27904974539751837
4.054983774513249
68.2231930018975
0.26129844542806385
0.3387632978723404
12.574939871339122
0.5137529149441893
2.861126438940767
0.20168541692016648
15.76595744680851
0.33544590312358535
1.0737890448166594
4.659574468085107
4348.765957446809
38939.95744680851
495.2492612293144
0.5623522458628842
9.340425531914894
0.1987324581258488
0.42945737458272293
1.276151294128958
0.3183492166292001
3.8516292768412947
0.0625
4092.7659574468084
3.9212496680853155
115.16755319148936
0.15314834200995925
5.418621265278406
358.91223404255317
0.4724422815753735
8.300531914893616
44.9813829787234
406.13563829787233
5.6730293291962175
0.18231937056737588
0.06631770368460622
0.3550686380368735
0.03075035443868468
