1.0
1.0
1.0
40.0
30.0
1.0
190.2875
97.0
254.0
1.0
1.0
1.0
40.0
30.0
1.0
0.0
0.0
0.0
40.0
30.0
1.0
634.0
3.0
17.78706624605678
13.594637223974763
0.0
17.78706624605678
13.594637223974763
0.0
0.5144884793614926
0.0
0.0
52.76336052259972
40.0
30.0
47.70744176750625
47.70744176750625
591.0833333333334
27.14614112127454
0.2519225979874962
1352.0190389116801
2.2873577424136697
634.0
199.0
248.0
31918743.0
1.6551163333592125
27.0
2.047833199993474
254.0
14.619480739185382
223.7018927444795
225.0
189.0
65.0
11.526489628748845
224.3769607262115
-0.17388247398923867
31918743.0
0.35943237568291064
302.4836872692534
6.8729874970498335
2.5556115216063926
8.34475479566763
-0.04460654213729798
1.767093262235678
0.40016967517478086
0.6307983667997719
0.3633877314066757
1.0249314198801567
0.2656484827743649
0.20594074911329194
2.774390723290585
-0.25918999325711445
0.7431419749305804
0.8219843286734727
0.9771097004679794
0.824436458258013
0.928548518510935
0.3312035306095835
0.35310405732347766
2.326522828267149
0.5418157343526147
85.522061436
0.3230421190282929
0.6987329313156248
5.561445472952894
11.166200944388361
85.2542041018335
2.0237182320405065
0.3578295642535898
3.7722032153143314
79.44952471915283
0.29635662760065923
0.4167981072555205
5.16108139033369
0.5444266233108696
2.4054872529966276
0.2589550657776569
23.0
0.41818181818181815
0.7768595041322315
3.4545454545454546
814.9090909090909
6410.327272727272
121.77929292929294
0.6609848484848484
12.49090909090909
0.2271074380165289
0.4789578904526476
1.040623967097259
0.37940390916664674
3.7977868266938772
0.08675078864353312
682.0310743801651
4.370784331273779
81.67192429022082
0.12882006985839245
5.058533769865358
227.8801261829653
0.5961050463234783
6.697160883280757
37.1577287066246
287.87697160883283
6.359051875219067
0.2562434279705573
0.08725137113497111
0.3441329990490179
0.04936748823989229
