1.0
1.0
1.0
40.0
30.0
1.0
239.26416666666665
176.0
255.0
1.0
1.0
1.0
40.0
30.0
1.0
0.0
0.0
0.0
40.0
30.0
1.0
627.0
5.0
20.13237639553429
18.14194577352472
0.0
20.13237639553429
18.14194577352472
0.0
0.6144190048518426
0.0
0.0
53.200805242063815
40.0
30.0
49.4064773081425
49.4064773081425
579.8333333333334
32.68758581414554
0.2520610518162926
1334.075778612278
2.3007917998487115
627.0
243.0
255.0
39883190.0
0.7689793402332354
4.0
3.945368042200621
255.0
3.865891348641284
252.16267942583733
255.0
239.0
16.0
2.4672905765563145
252.20934445223696
-1.545264809050223
39883190.0
0.6513816075639295
23.53653380951291
3.4236866933726318
1.8245383021502688
0.9547929964278832
-0.5553001820661507
0.47862749749788547
0.0998564261563501
0.6526520516854682
0.0998564261563501
0.4666467164924908
0.08964904372987997
0.6211089944430023
1.0900140052883738
-0.37086420799835373
0.6217361089333371
0.9500717869218249
0.9800287147687299
0.9500717869218249
0.9667145246145499
0.0998564261563501
0.7746100890720939
0.9901575791320241
0.14462098091355888
65.18724748637065
0.5084611718140459
0.24576941409297703
2.3217669305593915
48.95795168615177
185.05151469821107
14.934560933136948
0.6695582673601521
3.6703680509366903
20.39226809659701
0.15343288833639335
0.20494417862838915
22.466163598071166
0.36943321036459464
0.49524403043177295
0.33798050534780016
7.5
0.625
0.1875
1.75
8353.916666666666
32115.416666666668
2413.5416666666665
0.8125
1.1666666666666667
0.09722222222222222
0.12806409235000582
0.1281427307332849
0.12804443275418606
3.4182958340544856
0.019138755980861243
5623.854166666666
2.633982307189673
203.59968102073364
0.324720384403084
4.201816706475482
408.4162679425837
0.1743091962180353
3.325358851674641
58.377990430622006
214.47368421052633
19.354066985645932
0.41866028708133973
0.030338216774098144
0.07232311152058436
0.019841993087476587
