1.0
1.0
1.0
40.0
30.0
1.0
231.35833333333332
96.0
255.0
1.0
1.0
1.0
40.0
30.0
1.0
0.0
0.0
0.0
40.0
30.0
1.0
1135.0
1.0
20.469603524229075
14.888105726872247
0.0
20.469603524229075
14.888105726872247
0.0
0.7763095217926018
0.0
0.0
44.601280552574806
40.0
30.0
49.4064773081425
49.4064773081425
1098.6666666666667
34.62439877710702
0.2208861450575856
2331.0930746261315
2.1217473373417457
1135.0
211.0
254.0
63840449.0
1.3934087268264723
15.5
3.368070002253602
255.0
11.339250519125155
236.71101321585903
240.0
189.0
66.0
7.647490088904054
237.16469305095973
-1.0150798941378874
63840449.0
0.4650220264317181
214.9878522773584
9.294757371107309
2.991612513524389
7.551112689384673
-0.5240989338403619
1.5016943182911762
0.1218219460509449
0.8498842790314809
0.1213511362581012
0.5304140246742293
0.10648549210672631
0.39037216407565517
1.9529116419895778
-0.5830959927143563
0.8926043401319896
0.9393715128502338
0.9928423115815829
0.9394029001697568
0.9757454664081413
0.12093917768936299
0.5882076187954196
1.8298206144105635
0.4058790660855303
62.1433700183359
0.33439693258045194
0.6989390372758947
8.22858811571327
80.75936295716579
762.6714653456722
9.735315358615075
0.20998686228213165
5.010422714753549
20.321811695384703
0.1058269214153494
0.16365638766519824
38.185770956928536
0.2742838000341407
1.640936310431774
0.09954090497881879
4.285714285714286
0.30612244897959184
1.1428571428571428
5.142857142857143
37679.21428571428
351094.28571428574
4283.345734126984
0.5248015873015873
2.0
0.14285714285714285
0.32788454868605316
0.614066110696353
0.2689450974061722
3.3248629576173525
0.012334801762114538
31106.63775510204
3.3054416030643234
416.18237885462554
0.36668051000407537
3.230354945758699
527.8
0.41632944555493023
9.295154185022026
62.37797356828194
596.4458149779736
7.761496573666177
0.1409997552618698
0.026510659427745643
0.20105235620108705
0.007535657759584588
