1.0
1.0
1.0
40.0
30.0
1.0
221.72416666666666
162.0
252.0
1.0
1.0
1.0
40.0
30.0
1.0
0.0
0.0
0.0
40.0
30.0
1.0
768.0
1.0
17.940104166666668
11.727864583333334
0.0
17.940104166666668
11.727864583333334
0.0
0.7836204300876328
0.0
0.0
43.46667099378508
40.0
30.0
49.4064773081425
49.4064773081425
724.9166666666666
34.0613714186275
0.2414580150836645
1616.222771940079
2.2295290565905215
768.0
224.0
241.0
41873560.0
0.5037113034242465
8.0
2.809828419938092
252.0
5.060763888888889
233.41666666666666
234.0
218.0
34.0
3.813934508887007
233.50131602055978
-0.3995439286481992
41873560.0
0.8107740614149306
39.52430555555555
3.755998267598897
1.932339704043946
0.38239727371614973
-0.21444917504651154
0.18169894428474948
0.09348552069649893
0.3177922237173201
0.09348552069649893
0.44738509861075537
0.08467388111383178
0.7788738367584234
0.743184188696469
-0.12091806974136723
0.29418823982961123
0.9532572396517506
0.9906514479303501
0.9532572396517506
0.9766286198258753
0.09348552069649893
0.8798750278803876
0.6496986679999708
0.0687961162453121
66.02144150532396
0.4929930287095242
0.2712761457784645
2.689162321389472
90.8547275036068
359.91227046423666
23.612602834538226
0.5921823287477493
3.6015097960105242
26.896901194006375
0.20084892865165435
0.17415364583333334
55.10854283369705
0.45180551697091226
0.6874802373231708
0.40541270547952263
15.31578947368421
0.8060941828254847
0.23822714681440443
1.5789473684210527
24881.052631578947
99404.15789473684
6250.5102339181285
0.9137426900584795
3.210526315789474
0.16897506925207756
0.2883350879274989
0.3935985803669555
0.27663909785857044
2.9000516989995395
0.024739583333333332
23247.191135734072
2.052219344212543
304.7109375
0.396759033203125
4.374016655815972
622.6744791666666
0.09541659884982638
3.7044270833333335
62.236979166666664
246.16015625
16.26775896990741
0.3267867476851852
0.03472681408356166
0.08536558966758
0.02279049981718671
