1.0
1.0
1.0
40.0
30.0
1.0
229.06833333333333
172.0
255.0
1.0
1.0
1.0
40.0
30.0
1.0
0.0
0.0
0.0
40.0
30.0
1.0
858.0
4.0
22.052447552447553
15.923076923076923
0.0
22.052447552447553
15.923076923076923
0.0
0.6369626457617735
0.0
0.0
45.74343502112175
40.0
30.0
49.4064773081425
49.4064773081425
816.9166666666666
29.13685939728548
0.23619392095030867
1789.2344292208566
2.190228822875679
858.0
229.0
249.0
48535117.0
0.6400549988067143
10.0
2.5600779382306023
255.0
6.378975337017295
237.7074592074592
236.0
223.0
32.0
4.504161391638456
237.8397263520866
0.5086347190648605
48535117.0
0.7746290228807712
62.89926836954809
4.402379038358937
2.0816270441948124
0.9563621865677929
0.41055564974203107
0.34498632459753853
0.0682535068060453
0.6676364227539425
0.0682535068060453
0.3574439481256606
0.06341514870041484
0.7393534910722588
0.8826970533193399
-0.4238939740892312
0.6110443881502741
0.9658732465969774
0.9931746493193956
0.9658732465969774
0.9829366232984886
0.0682535068060453
0.8558756316142673
0.8144435465132952
0.10330995785089599
52.95677013454415
0.44362769100461985
0.3949805315834326
4.575161907295303
128.97323906771192
533.8073431949001
31.91123316617921
0.35312961768029466
4.429593633495109
17.356566170515645
0.14082541272300572
0.13898601398601398
72.21959937605004
0.35764419296663624
1.2717231228304844
0.20453244084659677
12.454545454545455
0.5661157024793388
0.5144628099173554
2.5
25324.727272727272
102095.18181818182
6310.54797979798
0.7765151515151515
9.454545454545455
0.4297520661157025
0.6666478254943465
0.8998300188656565
0.6210416889852761
2.1818990579175583
0.02564102564102564
23803.727272727272
2.2434607375483475
388.27039627039625
0.45252959938274623
3.5049635679006306
664.6317016317016
0.12065246330980597
4.414918414918415
65.72727272727273
284.9300699300699
15.895493395493396
0.25634550634550635
0.03732560667580508
0.11704328281213203
0.021547958653062266
