1.0
1.0
1.0
40.0
30.0
1.0
226.94583333333333
175.0
252.0
1.0
1.0
1.0
40.0
30.0
1.0
0.0
0.0
0.0
40.0
30.0
1.0
840.0
2.0
21.827380952380953
12.467857142857143
0.0
21.827380952380953
12.467857142857143
0.0
0.7018695723249216
0.0
0.0
43.37889024600447
40.0
30.0
48.82622246293481
48.82622246293481
801.8333333333334
30.44632314489287
0.2383194329171386
1751.3814225486547
2.1842212711061997
840.0
227.0
243.0
46925392.0
0.4240902730183982
9.0
2.684494634952705
252.0
5.219614512471654
236.26904761904763
237.0
221.0
31.0
3.881138472115583
236.35473742821807
-0.4538074327142258
46925392.0
0.8619246031746033
40.49904195011338
3.895639748614994
1.9687031014141185
0.3643809944384192
-0.10703723370518453
0.14075521599533417
0.061365360569830996
0.39184158699844995
0.061365360569830996
0.3323284728108573
0.05755926336727652
0.8440133255906912
0.5950361128606705
-0.19386823504976852
0.343047307098896
0.9693173197150845
0.9938634639430168
0.9693173197150845
0.9846586598575423
0.061365360569830996
0.9178072964716497
0.5336707522908402
0.05053014414129128
52.18681886295522
0.476358300049964
0.3191853747571642
3.1316005254215478
146.86637628470015
585.614317737187
37.37156268867917
0.5236249145162497
3.9719739412815143
19.97746287803106
0.18356562453284225
0.12976190476190477
83.6090172216313
0.42507574747436094
0.9100148842346935
0.33825451425993436
12.777777777777779
0.7098765432098766
0.4228395061728395
2.0555555555555554
33651.0
134555.22222222222
8428.216049382716
0.8595679012345678
4.222222222222222
0.2345679012345679
0.486353786039759
0.6065354672882878
0.4730002276575839
2.836591668108975
0.02142857142857143
31473.222222222223
1.7844326461405944
434.18333333333334
0.5168849206349206
3.6437868480725624
724.0166666666667
0.07106575963718821
3.8642857142857143
67.03571428571429
267.1642857142857
17.229761904761904
0.29583333333333334
0.033250013309997724
0.08833192884737669
0.02063253266198455
