1.0
1.0
1.0
40.0
30.0
1.0
222.6825
165.0
255.0
1.0
1.0
1.0
40.0
30.0
1.0
0.0
0.0
0.0
40.0
30.0
1.0
707.0
5.0
22.888260254596887
18.17114568599717
0.0
22.888260254596887
18.17114568599717
0.0
0.5981447170232733
0.0
0.0
45.47364278221771
40.0
30.0
48.25971404805462
48.25971404805462
667.0
27.199819193987025
0.24798996049911923
1488.6773510768917
2.231900076577049
707.0
226.0
248.0
39981702.0
0.7464420487142389
10.0
2.6612128723149953
255.0
6.336525630740484
237.67185289957567
238.0
220.0
35.0
4.529109589041096
237.80497280742
-0.2953500799452128
39981702.0
0.7385810514775462
63.295431220228515
4.112583294320297
2.0156360275441685
0.9161153946393914
0.1517034144075939
0.33563231163182194
0.1365002377191908
0.4216142206015453
0.1365002377191908
0.5736380492261876
0.11764724267194646
0.6682171597737252
1.1589123130726267
-0.19227694317467164
0.46183392881136986
0.9317498811404046
0.9863499762280808
0.9317498811404046
0.9658749405702023
0.1365002377191908
0.8134605781371868
1.0224120753534365
0.1180331373377532
63.598124145968974
0.4170661695613918
0.4213555135719022
3.550173635348318
49.641211245147275
201.3284376819994
12.70904011108847
0.49880136657303176
3.7789518485553946
29.352346038212644
0.1919195741775331
0.21499292786421498
26.45139039294481
0.43492674100303313
1.0135696913213867
0.34352020939051064
28.027027027027028
0.7574872169466764
0.33162892622352086
1.8108108108108107
9720.243243243243
38948.64864864865
2431.9106606606606
0.8873873873873874
12.297297297297296
0.3323593864134405
0.5941165355361625
0.6024913861386442
0.592482136365689
2.2715283817306315
0.05233380480905234
9355.123447772095
2.6999880272759813
198.83592644978785
0.28123893415811574
4.968244409811763
522.1768033946252
0.14645222857302906
4.045261669024045
57.967468175388966
240.47524752475246
14.54231494578029
0.30626276913405626
0.05780312583412537
0.12848532099727625
0.043156899559813444
