1.0
1.0
1.0
40.0
30.0
1.0
217.42666666666668
167.0
248.0
1.0
1.0
1.0
40.0
30.0
1.0
0.0
0.0
0.0
40.0
30.0
1.0
639.0
2.0
18.03599374021909
15.794992175273865
0.0
18.03599374021909
15.794992175273865
0.0
0.7577788504632688
0.0
0.0
45.5950062150556
40.0
30.0
49.4064773081425
49.4064773081425
591.75
34.55093139651043
0.24897539390419812
1369.0517794866487
2.313564477374987
639.0
220.0
240.0
34190480.0
0.7698205808588183
11.5
2.129815152626278
248.0
6.2351189382863
231.19561815336462
232.0
217.0
31.0
4.971598433606267
231.31413377051373
-0.21230162407724923
34190480.0
0.6508629240230113
54.814628686744015
3.4149286277280333
1.8321666523444322
0.7006803312135942
-0.4159867840772493
0.3953751741152782
0.1631426586105273
0.4137244985632276
0.1631426586105273
0.6398152360217446
0.1361485794515579
0.5845925041855394
1.201906235098238
-0.15706553287231861
0.42198987232280555
0.9184286706947363
0.9673714682778944
0.9184286706947363
0.9456191137964909
0.1631426586105273
0.7505953230391688
1.0387635764877112
0.13962945818145137
85.6751938397689
0.5107985688063517
0.24460071559682417
2.2900694785806808
33.239156151530764
127.06497326727285
9.782701872595247
0.6774826303548298
3.2763079350907973
39.59582758363953
0.23153780248082928
0.26291079812206575
17.89929824041411
0.48459178411647474
0.6299729085098588
0.4482465030181286
19.095238095238095
0.909297052154195
0.04535147392290249
1.1428571428571428
11819.47619047619
46823.04761904762
3068.5833333333335
0.9642857142857143
3.6666666666666665
0.1746031746031746
0.36672225907214295
0.36672284210302897
0.36672211331442145
2.9803419725690796
0.03286384976525822
10893.578231292515
2.8683197366580666
148.0015649452269
0.2316143426372878
5.288236461019639
415.90140845070425
0.17456853798849434
3.323943661971831
52.852895148669795
200.43505477308295
15.95735524256651
0.41901408450704225
0.0474093009950749
0.0919812750202962
0.03626630748876958
