1.0
1.0
1.0
40.0
30.0
1.0
211.50833333333333
155.0
241.0
1.0
1.0
1.0
40.0
30.0
1.0
0.0
0.0
0.0
40.0
30.0
1.0
751.0
3.0
17.08122503328895
12.689747003994674
0.0
17.08122503328895
12.689747003994674
0.0
0.6933082195205928
0.0
0.0
51.43057876799859
40.0
30.0
48.25971404805462
48.25971404805462
699.0
35.65724299455471
0.23885600388168618
1594.6525785996257
2.281334161086732
751.0
211.0
234.0
37591363.0
0.9994358951033889
15.0
1.9378498510339086
241.0
7.375685504103716
223.56458055925432
225.0
208.0
33.0
5.967695042031939
223.72992028416655
-0.214864116002601
37591363.0
0.5003909567536227
73.95554972420261
2.5386487052505093
1.5393805432374323
0.8471887006051233
-0.11785459048282224
0.8346587515755188
0.15898584892357462
0.6798780549796809
0.15898584892357462
0.6264547365683057
0.13268189303925396
0.3704958067111994
1.6209263538865224
-0.3715031025158173
0.7172005625862796
0.9205070755382126
0.9682028302152851
0.9205070755382126
0.9470047170254752
0.15898584892357462
0.4598876187756449
1.461940504962948
0.24841115012477338
96.4558329659024
0.5146716681567491
0.2426641659216254
2.246177799823633
30.166659919874718
80.23231494785014
17.650246162880862
0.6884555500440918
3.893394611668332
29.618943851486957
0.1517475861890034
0.24966711051930757
12.049616734026321
0.2918292259841179
0.520953891083184
0.23454805970935133
4.25
0.53125
0.234375
2.125
21941.625
57475.125
13058.25
0.71875
1.25
0.15625
0.06306628343822629
0.06409403825916295
0.06280934473299214
2.7499999999999973
0.010652463382157125
13129.109375
3.4468468025562315
161.29294274300932
0.21477089579628406
3.3288877147380944
375.7936085219707
0.24980452162318859
2.5419440745672435
52.36617842876165
140.79227696404794
30.25965379494008
0.6145139813581891
0.02811363696980494
0.06409015366762182
0.019119507795350717
