1.0
1.0
1.0
40.0
30.0
1.0
231.9325
185.0
255.0
1.0
1.0
1.0
40.0
30.0
1.0
0.0
0.0
0.0
40.0
30.0
1.0
854.0
2.0
17.297423887587822
15.14519906323185
0.0
17.297423887587822
15.14519906323185
0.0
0.7409154631648509
0.0
0.0
46.738608358181274
40.0
30.0
48.25971404805462
48.25971404805462
806.0833333333334
34.62935765938245
0.23299086365233931
1797.7606121975807
2.2302416361388366
854.0
231.0
247.0
48482293.0
0.17876497264687433
6.0
3.2050752234439543
255.0
4.370292164164779
238.20023419203747
237.0
228.0
27.0
3.3055372092104287
238.2663108679311
0.5311304331314236
48482293.0
0.9475865057122015
31.483325472086175
1.07100890982149
1.0274873572428114
0.24771766284900543
0.1371389239580539
0.08401748586646923
0.022906323813888064
0.5712912003242755
0.022906323813888064
0.156309092766731
0.022343803456191483
0.9241942917036298
0.2967540521638668
-0.36589645650701264
0.3473382977436397
0.988546838093056
0.9954187352372224
0.988546838093056
0.992364558728704
0.022906323813888064
0.9610594808502446
0.27384772834997906
0.02673095242008932
75.63861397977725
0.8012447311107435
0.09937763444462827
1.336626920126808
156.9804554155329
159.2240630374192
156.41955351006132
0.9158432699682981
4.344458318288368
7.055332462282832
0.07340899573763135
0.11036299765807961
63.22612475155161
0.1870735773036188
0.33441437492080306
0.1502383778993227
2.6
0.52
0.24
2.8
137842.0
138027.4
137795.65
0.55
1.0
0.2
0.2631923318403894
0.4527684564078635
0.2157983006985209
2.321928094887361
0.00585480093676815
108669.36000000002
1.7016383056744158
430.23653395784544
0.5037898524096551
2.2837124099841493
809.2388758782201
0.02620674714389921
1.0807962529274004
68.17096018735363
70.79508196721312
67.51492974238876
0.9798009367681498
0.019922962495345954
0.024801879193432946
0.01870323332082421
