1.0
1.0
1.0
40.0
30.0
1.0
248.06
217.0
255.0
1.0
1.0
1.0
40.0
30.0
1.0
0.0
0.0
0.0
40.0
30.0
1.0
532.0
5.0
21.76691729323308
16.43045112781955
0.0
21.76691729323308
16.43045112781955
0.0
0.7373586795629307
0.0
0.0
43.2615711196499
40.0
30.0
45.221676218380054
45.221676218380054
462.75
31.899294956602866
0.2424049511969419
1193.549009168763
2.579252315869828
532.0
249.0
252.0
33390639.0
0.8424339712600264
2.0
3.15292364080846
255.0
1.1347942223981025
250.52443609022558
250.0
249.0
6.0
0.9061688433889106
250.52816013884825
0.8115564784802514
33390639.0
0.6051783594324156
1.8659442308779464
3.2613241728857085
1.7915304780459949
0.641754603884416
-0.37182237336445306
0.4331375387950382
0.22653452250455125
0.3116791590138082
0.22653452250455125
0.7684544940799394
0.17439098277897191
0.49577298657123337
1.40895763066041
-0.09075425395160491
0.33797974031913675
0.8867327387477244
0.9546930954990898
0.8867327387477244
0.9244884924984829
0.22653452250455125
0.678263216793719
1.182423108155859
0.16491801532489736
103.29085319968695
0.5029890298030699
0.24850548509846504
2.4739361341881887
14.682536609776655
54.569647184094876
4.710758966197098
0.6315159664529528
3.0542626231690826
61.082823317380054
0.2911062511053404
0.3862781954887218
7.463082679085091
0.5462645548896291
0.9825139713789716
0.43720220076729344
26.05
0.65125
0.174375
1.675
1108.5
4299.6
310.725
0.83125
7.25
0.18125
0.41923321283546233
0.5143354491394192
0.39545765375947306
3.4991128603062736
0.07518796992481203
931.61
3.3939306950237964
75.16165413533835
0.14128130476567358
5.72494205438408
321.9548872180451
0.19741082028379217
3.18796992481203
40.650375939849624
152.49624060150376
12.688909774436091
0.45300751879699247
0.07794704069319179
0.1480892151486047
0.06041149707933856
