1.0
1.0
1.0
40.0
30.0
1.0
232.43416666666667
182.0
248.0
1.0
1.0
1.0
40.0
30.0
1.0
0.0
0.0
0.0
40.0
30.0
1.0
820.0
1.0
21.62682926829268
15.953658536585365
0.0
21.62682926829268
15.953658536585365
0.0
0.7769279702403072
0.0
0.0
43.28981387036953
40.0
30.0
49.4064773081425
49.4064773081425
770.75
33.6330672223869
0.23427547150893638
1735.2670733309171
2.2514006789891887
820.0
233.0
243.0
46988624.0
-3.203426503814917e-16
5.0
3.1767323514231354
248.0
3.111070791195718
239.34878048780487
240.0
229.0
19.0
2.191469303135812
239.38086807428868
-0.8889932806202587
46988624.0
1.0
15.36127900059489
1.0
1.0
0.0
0.0
0.0
0.0
1.0
0.0
-3.203426503814917e-16
0.0
1.0
-3.203426503814917e-16
0.0
0.0
1.0
1.0
1.0
1.0
0.0
1.0
-3.203426503814917e-16
0.0
79.25
1.0
0.0
1.0
204.6659904594889
204.6659904594889
204.6659904594889
1.0
3.99882711664465
6.138754537516148
0.0774951143672869
0.09664634146341464
74.52547428330993
0.16360052711516734
0.16360052711516734
0.16360052711516734
1.0
1.0
0.0
1.0
672400.0
672400.0
672400.0
1.0
1.0
1.0
1.4872099940511601e-06
1.4872099940511601e-06
1.4872099940511601e-06
-3.203426503814917e-16
0.0012195121951219512
0.0
1.3819683860863887
454.83170731707315
0.5546728138013087
1.9583045806067818
820.0
0.0
1.0
69.6390243902439
69.6390243902439
69.6390243902439
1.0
0.017400004186408077
0.017400004186408077
0.017400004186408077
