1.0
1.0
1.0
40.0
30.0
1.0
242.33333333333334
209.0
253.0
1.0
1.0
1.0
40.0
30.0
1.0
0.0
0.0
0.0
40.0
30.0
1.0
1015.0
1.0
17.64729064039409
14.11231527093596
0.0
17.64729064039409
14.11231527093596
0.0
0.6965711970510445
0.0
0.0
45.74055153950944
40.0
30.0
49.4064773081425
49.4064773081425
977.9166666666666
31.861550739651086
0.22705740200478092
2098.3746229719613
2.145760159834984
1015.0
242.0
249.0
61323669.0
0.4674321063769645
4.0
4.136753088918846
253.0
2.453405809410565
245.7783251231527
246.0
235.0
18.0
1.5675314499564783
245.79952783065593
-0.8857695168410885
61323669.0
0.8207886626707759
10.422781431240749
1.28125869448294
1.1024926664834855
0.8142784134564027
0.4599495875510759
0.3155035453024406
0.0524386099350326
0.7149928813106337
0.0524386099350326
0.2950077481518468
0.04957565469705548
0.7664532676842079
0.729970484517414
-0.4691377137193665
0.5981028608120618
0.9737806950324838
0.9895122780129935
0.9737806950324838
0.9825204633549891
0.0524386099350326
0.8712880285489982
0.6775318745823817
0.0919855388093683
67.28027892484822
0.6180330425534938
0.1909834787232531
1.7747279042222863
183.67707166255855
202.62146248812917
178.94097395616592
0.8063180239444285
4.558084958573402
8.716929692585124
0.07759105501311826
0.10714285714285714
82.53376427969694
0.18932844597813234
0.5275368231281037
0.10477635169063948
5.285714285714286
0.7551020408163265
0.12244897959183672
3.5714285714285716
120298.71428571429
123168.0
119581.39285714286
0.35714285714285715
1.2857142857142858
0.1836734693877551
0.2214505161181957
0.8858015514568853
0.05536275728352325
2.5216406363433164
0.006896551724137931
99273.71428571428
1.9839536827414317
512.0187192118227
0.5044519401101701
2.211118930330753
833.1004926108375
0.08960566866461209
1.2985221674876848
68.51724137931035
83.86600985221675
64.68004926108374
0.9253694581280788
0.019658142476111043
0.03454131356063681
0.0159373497049796
