1.0
1.0
1.0
40.0
30.0
1.0
238.4075
195.0
255.0
1.0
1.0
1.0
40.0
30.0
1.0
0.0
0.0
0.0
40.0
30.0
1.0
943.0
2.0
19.300106044538705
15.390243902439025
0.0
19.300106044538705
15.390243902439025
0.0
0.7197278189110144
0.0
0.0
46.81706538661365
40.0
30.0
49.4064773081425
49.4064773081425
892.0833333333334
33.695544358521786
0.22518544144976635
1990.1268795798223
2.230875530589245
943.0
236.0
251.0
56407544.0
0.7185216629973452
8.0
2.40648163235724
255.0
4.774772870140984
244.5068928950159
246.0
231.0
24.0
3.5796393112059226
244.57538680400515
-0.464287406089228
56407544.0
0.6820418128105852
33.49915715395801
1.5596351970865017
1.206327415438824
0.969231643866592
0.5605584280413041
0.5363041384384553
0.11869409845994054
0.638173037898168
0.11869409845994054
0.5214122766841531
0.10398489388454088
0.5685159876662613
1.2129707337468187
-0.34877242616894416
0.6272311350223347
0.9406529507700299
0.9762611803080119
0.9406529507700299
0.9604353005133532
0.11869409845994054
0.7343255353312057
1.0942766352868787
0.16374955922459894
103.78459133749647
0.5593450804588143
0.22032745977059287
1.9837177309001524
54.24983965290354
69.21831718892436
50.50772026889834
0.7540705672749619
4.234852017658735
22.943928866843123
0.11875556323057418
0.1964475079533404
24.892396558077685
0.2311420390127331
0.5655628283761989
0.14753684167186665
6.636363636363637
0.6033057851239669
0.1983471074380165
3.1818181818181817
51601.36363636364
54606.0
50850.204545454544
0.45454545454545453
2.090909090909091
0.19008264462809918
0.37589117622108204
1.2274699387281804
0.16299648559430754
3.0271691184406153
0.01166489925768823
44252.198347107435
2.975708154720774
241.49840933191942
0.25609587415898133
2.944770249952488
643.1654294803817
0.1589790935947074
1.5949098621420996
58.12619300106044
84.68080593849417
51.487539766702014
0.851272534464475
0.026541578396411
0.05428915943070995
0.019604683137836258
