1.0
1.0
1.0
40.0
30.0
1.0
231.85666666666665
178.0
250.0
1.0
1.0
1.0
40.0
30.0
1.0
0.0
0.0
0.0
40.0
30.0
1.0
872.0
1.0
17.22591743119266
14.841743119266056
0.0
17.22591743119266
14.841743119266056
0.0
0.8265526033895989
0.0
0.0
44.895674919703524
40.0
30.0
49.4064773081425
49.4064773081425
819.25
37.108636985814066
0.22932462288646577
1846.3374121849276
2.253692294397226
872.0
231.0
247.0
49909672.0
0.05094499527260497
7.0
2.5168587544721506
250.0
4.523819543809444
239.1743119266055
240.0
226.0
24.0
3.5697943072672262
239.2401771971445
-0.3375798038832092
49909672.0
0.9885978663412169
31.510899755912806
1.0136457195238537
1.0063575992160212
0.024832266761529758
0.01774781386393242
0.014414453444840533
0.010854156248419383
0.14453802443122515
0.010854156248419383
0.08548528906508132
0.010724694872347628
0.9766410002810224
0.1051817120210776
-0.10812489413980614
0.0616010180790288
0.9945729218757903
0.9978291687503161
0.9945729218757903
0.9963819479171936
0.010854156248419383
0.9882153226597692
0.09432755577265851
0.006317152423314978
85.41635597770014
0.9127878588906438
0.04360607055467809
1.1377639361671839
171.00093905285166
171.29941727473312
170.9263194973813
0.965559015958204
4.149139539764202
7.004792818089037
0.07576355654534643
0.10722477064220184
67.99414959719456
0.1592424025369575
0.28696169584699843
0.12731257920944727
1.6666666666666667
0.5555555555555556
0.2222222222222222
3.0
250568.66666666666
250585.66666666666
250564.41666666666
0.5
1.0
0.3333333333333333
0.3541671101124712
1.4166671101124713
0.08854211011247115
1.5849625007211552
0.0034403669724770644
166081.5555555555
1.5723774834646536
435.1467889908257
0.49902154700782764
2.126567628987459
862.0573394495412
0.0057010668293914655
1.0172018348623852
68.42201834862385
68.51490825688073
68.39879587155963
0.9956995412844036
0.01939835889121194
0.02532343534381133
0.01791708977806209
