1.0
1.0
1.0
40.0
30.0
1.0
246.62666666666667
225.0
255.0
1.0
1.0
1.0
40.0
30.0
1.0
0.0
0.0
0.0
40.0
30.0
1.0
803.0
1.0
18.768368617683688
14.701120797011209
0.0
18.768368617683688
14.701120797011209
0.0
0.637365323613437
0.0
0.0
49.81242905220095
40.0
30.0
49.4064773081425
49.4064773081425
740.3333333333334
31.748714962827425
0.22815926773918244
1734.5928266026876
2.342988959841541
803.0
246.0
252.0
49720204.0
0.8989377852081326
3.0
2.898961957607727
255.0
1.9339804500247362
248.82191780821918
248.0
246.0
9.0
1.5306436479639713
248.83340263417332
0.8156475814118709
49720204.0
0.5683993244511165
5.715484740442517
1.926121383656496
1.3299276789792234
0.9751810501498317
0.4710380166740047
0.7567369822225565
0.12732330656234814
0.7118612690828825
0.12732330656234814
0.5473666272594118
0.11069409654176222
0.4472757590657856
1.4488281148200264
-0.41589145391156934
0.7270934289820125
0.9363383467188259
0.9745353386875304
0.9363383467188259
0.9575588978125507
0.12732330656234814
0.6064106677396026
1.3215048082576786
0.22101507219622613
105.10777012489403
0.5512646553328048
0.2243676723335976
2.0334460007884787
36.09716866921419
65.52901722714806
28.739206529730723
0.7416384998028803
4.006980534601853
28.36966072501697
0.14492720436376372
0.23816936488169366
16.78093760752126
0.32769061046118036
0.6481663696811059
0.24757167065619895
10.571428571428571
0.7551020408163265
0.12244897959183672
3.5714285714285716
23352.785714285714
28825.0
21984.73214285714
0.35714285714285715
4.142857142857143
0.29591836734693877
0.5341061153524047
1.922138036158399
0.1870981351509061
2.5566567074628206
0.017434620174346202
20062.943877551017
3.399947076753857
178.33001245330013
0.2220797166292654
3.7170697059129143
456.4246575342466
0.21580033777444171
1.9452054794520548
54.05105853051059
103.01120797011208
41.81102117061021
0.7636986301369864
0.03561935695130412
0.08409895184723952
0.02349945822732026
