1.0
1.0
1.0
40.0
30.0
1.0
244.38
199.0
254.0
1.0
1.0
1.0
40.0
30.0
1.0
0.0
0.0
0.0
40.0
30.0
1.0
1111.0
1.0
20.71917191719172
13.665166516651665
0.0
20.71917191719172
13.665166516651665
0.0
0.7303712167631332
0.0
0.0
45.01847573125656
40.0
30.0
49.4064773081425
49.4064773081425
1076.6666666666667
32.88019889665944
0.2228947962741454
2279.143691636754
2.116851725978409
1111.0
241.0
251.0
67803836.0
0.8186822701281877
5.0
5.161466383956959
254.0
3.020734476687993
247.008100810081
248.0
230.0
24.0
2.1338484775921445
247.0416065271912
-1.2613375197707721
67803836.0
0.620319187634335
16.55348973241158
1.7037958067629635
1.2574382742875392
0.9745031320482327
0.5426676942670231
0.6275723785572306
0.13703803219930805
0.6419028579030938
0.13703803219930805
0.5714510035878582
0.1174714053304853
0.5002233892912454
1.3625720932899639
-0.34433022772317123
0.6512530253991577
0.931480983900346
0.9725923935601384
0.931480983900346
0.954320655933564
0.13703803219930805
0.6740427096128067
1.2255340610906562
0.19115260268913464
100.93678218665349
0.5123848815753898
0.24380755921230512
2.2689261665109557
65.35920368109785
89.97685310863933
59.20479132421248
0.6827684583722611
4.423496518923267
22.34924178991345
0.10890440288681827
0.17709270927092707
28.433175503673105
0.21954500748051056
0.5833797724481444
0.12858631623860206
10.2
0.68
0.16000000000000003
3.4
46444.2
51290.0
45232.75
0.4
1.9333333333333333
0.1288888888888889
0.2853930524261447
1.1113496900403577
0.07890389302259145
3.373557262275182
0.013501350135013501
40958.32888888889
2.889840043245557
341.10621062106213
0.30702629218817473
2.8803317775521924
689.1746174617462
0.18984040618283254
1.7641764176417642
60.386138613861384
96.93969396939694
51.2477497749775
0.8089558955895589
0.025085068172350112
0.057108671042841244
0.017079167454727328
