1.0
1.0
1.0
40.0
30.0
1.0
237.77
206.0
249.0
1.0
1.0
1.0
40.0
30.0
1.0
0.0
0.0
0.0
40.0
30.0
1.0
1025.0
1.0
18.90048780487805
13.533658536585365
0.0
18.90048780487805
13.533658536585365
0.0
0.7578685219281154
0.0
0.0
45.732159192923376
40.0
30.0
49.4064773081425
49.4064773081425
977.8333333333334
34.65896389212211
0.22243336990919682
2141.8747684855152
2.190429284287215
1025.0
235.0
246.0
59392089.0
-3.203426503814917e-16
6.0
2.4586671561785396
249.0
3.3577365853658527
240.68
241.0
231.0
18.0
2.587977789256199
240.71456429434144
-0.4742840419442218
59392089.0
1.0
16.639063414634144
1.0
1.0
0.0
0.0
0.0
0.0
1.0
0.0
-3.203426503814917e-16
0.0
1.0
-3.203426503814917e-16
0.0
0.0
1.0
1.0
1.0
1.0
0.0
1.0
-3.203426503814917e-16
0.0
75.75
1.0
0.0
1.0
336.3020315221178
336.3020315221178
336.3020315221178
1.0
4.001937988882658
6.041267850923024
0.0853161563508589
0.07390243902439024
112.70264427589106
0.09947948499639919
0.09947948499639919
0.09947948499639919
1.0
1.0
0.0
1.0
1050625.0
1050625.0
1050625.0
1.0
1.0
1.0
9.518143961927424e-07
9.518143961927424e-07
9.518143961927424e-07
-3.203426503814917e-16
0.000975609756097561
0.0
1.1284788583065457
651.390243902439
0.6355026769779893
1.5002155859607376
1025.0
0.0
1.0
72.20780487804878
72.20780487804878
72.20780487804878
1.0
0.015791856706548923
0.015791856706548923
0.015791856706548923
