1.0
1.0
1.0
40.0
30.0
1.0
244.66166666666666
218.0
255.0
1.0
1.0
1.0
40.0
30.0
1.0
0.0
0.0
0.0
40.0
30.0
1.0
1107.0
1.0
19.0713640469738
15.206865401987352
0.0
19.0713640469738
15.206865401987352
0.0
0.7122283185824204
0.0
0.0
47.22462767398666
40.0
30.0
49.4064773081425
49.4064773081425
1067.1666666666667
33.63471716392436
0.22110376237684934
2284.0704369513105
2.1403127630341814
1107.0
242.0
250.0
66980956.0
0.5349436990971062
4.0
2.9291846249985087
255.0
2.6414710036892606
245.95844625112917
246.0
238.0
17.0
1.8783426374317551
245.98116863021554
0.11623235455318386
66980956.0
0.785841760856633
11.178038416939422
1.3342639254789792
1.124619160510566
0.8273653175781785
0.4768901242728077
0.35716568541987986
0.07918711210543716
0.6373531571458521
0.07918711210543716
0.39673435345659724
0.07265573512625437
0.7091678661110872
0.8846278421926949
-0.36956929990005716
0.5701674490613473
0.9604064439472814
0.9841625775789127
0.9604064439472814
0.9736042959648543
0.07918711210543716
0.8357872834367155
0.8054407300872579
0.10908819938132927
81.61741300507727
0.5643757626156445
0.21781211869217773
1.9626491917135396
126.75607720754117
139.49456965049453
123.57145409680282
0.7593377020716151
4.478805501047819
13.019707929337551
0.08707684941660043
0.13030713640469738
58.05587647623621
0.18096973659350257
0.49289502681083897
0.10298841403916849
8.2
0.82
0.09000000000000001
3.7
95037.1
96713.2
94618.075
0.325
1.4
0.14
0.23894352756977177
0.9557737927461908
0.05973596127566705
2.9219280948873596
0.009033423667570008
82782.61
2.1861877833074668
477.1174345076784
0.4310003925091946
2.4164449112121353
869.9268292682926
0.10707911957168352
1.3658536585365855
65.73893405600722
81.53026196928636
61.79110207768744
0.9085365853658537
0.021017678391909475
0.03928399462933489
0.01645109933255312
