1.0
1.0
1.0
40.0
30.0
1.0
233.71083333333334
171.0
249.0
1.0
1.0
1.0
40.0
30.0
1.0
0.0
0.0
0.0
40.0
30.0
1.0
871.0
1.0
19.545350172215844
14.772675086107922
0.0
19.545350172215844
14.772675086107922
0.0
0.8112691117955243
0.0
0.0
40.00435132592069
40.0
30.0
44.68780594300866
44.68780594300866
825.75
32.45429456813578
0.23251286097612253
1830.6396563329504
2.2169417575936428
871.0
232.0
244.0
49817972.0
-3.203426503814917e-16
6.0
2.4478740322549393
249.0
3.553723038960458
239.1182548794489
240.0
230.0
19.0
2.796070124178233
239.1574667766829
-0.3905799130745963
49817972.0
1.0
18.754098447091575
1.0
1.0
0.0
0.0
0.0
0.0
1.0
0.0
-3.203426503814917e-16
0.0
1.0
-3.203426503814917e-16
0.0
0.0
1.0
1.0
1.0
1.0
0.0
1.0
-3.203426503814917e-16
0.0
73.25
1.0
0.0
1.0
262.30181584739546
262.30181584739546
262.30181584739546
1.0
3.9997318128904187
5.862075758810902
0.08259985568881546
0.08409873708381171
94.35919704367458
0.13996343837697245
0.13996343837697245
0.13996343837697245
1.0
1.0
0.0
1.0
758641.0
758641.0
758641.0
1.0
1.0
1.0
1.3181465278043239e-06
1.3181465278043239e-06
1.3181465278043239e-06
-3.203426503814917e-16
0.001148105625717566
0.0
1.3042853045564693
512.0424799081516
0.5878788517889225
1.7218658100471764
871.0
0.0
1.0
71.06429391504018
71.06429391504018
71.06429391504018
1.0
0.016670719857020497
0.016670719857020497
0.016670719857020497
