1.0
1.0
1.0
40.0
30.0
1.0
242.52083333333334
206.0
255.0
1.0
1.0
1.0
40.0
30.0
1.0
0.0
0.0
0.0
40.0
30.0
1.0
920.0
1.0
21.05
14.394565217391305
0.0
21.05
14.394565217391305
0.0
0.7037546555927358
0.0
0.0
48.44932290192184
40.0
30.0
49.4064773081425
49.4064773081425
865.0833333333334
34.09643655254325
0.22536508326915575
1948.211598616226
2.252050783488557
920.0
241.0
255.0
56496500.0
0.9425025901951023
7.0
2.315127334225994
255.0
3.883421550094518
247.76304347826087
248.0
237.0
18.0
3.3853342560553625
247.80887621397824
-0.26686858108777034
56496500.0
0.5393218336483933
22.713416824196592
2.0597057088187065
1.376299872681679
0.9225286933747506
0.36227453913478647
0.800347104533175
0.13838781845266146
0.7053691109221278
0.13838781845266146
0.5748358275598748
0.11838913064058439
0.4122434078664974
1.5228448087997166
-0.4061686080237501
0.7297153497294364
0.9308060907736693
0.9723224363094677
0.9308060907736693
0.9538707271824461
0.13838781845266146
0.5545062180919902
1.3844569903470552
0.2346837307464591
108.37087656318141
0.5332391357442344
0.2333804321278828
2.1141844870869857
37.31663660127772
77.47007873630896
27.278276067519904
0.7214538782282536
4.172762548369438
27.46203459177476
0.1295996194962842
0.22092391304347825
14.10804860833176
0.2667891726748257
0.5773217603560266
0.18915602575452553
7.5
0.625
0.1875
3.25
27212.833333333332
42084.083333333336
23495.020833333332
0.4375
1.1666666666666667
0.09722222222222222
0.1969752955199037
0.7875208869667896
0.049338897658182196
3.4182958340544856
0.013043478260869565
21335.055555555555
3.361081683761341
214.8217391304348
0.23350189035916824
3.1937192816635163
496.1760869565217
0.2303390831758034
2.0793478260869565
55.504347826086956
114.99891304347825
40.63070652173913
0.7301630434782609
0.027765703906361253
0.06350861465761827
0.018829976218546998
