1.0
1.0
1.0
40.0
30.0
1.0
236.79083333333332
209.0
250.0
1.0
1.0
1.0
40.0
30.0
1.0
0.0
0.0
0.0
40.0
30.0
1.0
892.0
1.0
18.369955156950674
15.071748878923767
0.0
18.369955156950674
15.071748878923767
0.0
0.7414150362002985
0.0
0.0
48.343591459405964
40.0
30.0
49.4064773081425
49.4064773081425
846.0
35.842665611927906
0.23119877449758683
1871.0217618133088
2.211609647533462
892.0
237.0
245.0
52014157.0
0.012604020126545625
3.0
3.2765196726118533
250.0
2.4811629029339013
241.45627802690584
242.0
233.0
17.0
1.6055058263971465
241.47843630807643
-0.5015112510924269
52014157.0
0.9977603611574737
10.70100318727503
1.0024441346405224
1.0012220673202612
0.0024203135313279125
0.002426232325032288
0.002438157451582284
0.0024441346405222196
-0.001223563447944737
0.0024441346405222196
0.02472726208563563
0.0024381574515822835
0.9951206965023653
0.027171396726157527
-0.00015877568906403678
0.0020771251532049157
0.9987779326797389
0.9995111730718955
0.9987779326797389
0.9991852884531592
0.0024441346405222196
0.9975558653594778
0.02472726208563563
0.0012205730230261257
73.27849392410867
0.9719399257301438
0.014030037134928095
1.0427408861630174
241.44628539493294
241.48902628109596
241.43560017339217
0.9893147784592458
4.179020038725976
5.699942680270549
0.07407765460001046
0.08436098654708521
68.84693631669109
0.06149638584167132
0.10423727200468862
0.05081116430091699
1.0
0.5
0.25
2.5
396941.0
396942.5
396940.625
0.625
1.0
0.5
0.5000006298173152
2.000000629817315
0.1250006298173152
0.9999999999999993
0.002242152466367713
198025.0
1.240887230252938
522.4147982062781
0.5856668141325987
1.6095487542480242
890.0022421524664
0.001119819421263247
1.0033632286995515
70.9170403587444
70.92040358744394
70.9161995515695
0.9991591928251121
0.01707979837010373
0.0204430270696553
0.016238991195215838
