1.0
1.0
1.0
40.0
30.0
1.0
248.19166666666666
238.0
255.0
1.0
1.0
1.0
40.0
30.0
1.0
0.0
0.0
0.0
40.0
30.0
1.0
783.0
3.0
21.30140485312899
11.604086845466156
0.0
21.30140485312899
11.604086845466156
0.0
0.6875171762175175
0.0
0.0
44.585814863883364
40.0
30.0
48.25971404805462
48.25971404805462
724.25
30.653513534574113
0.23151043350876588
1684.6352825857898
2.326041121968643
783.0
248.0
252.0
48997164.0
0.9538437866180155
2.0
2.5725093589263284
255.0
1.1849013764722587
250.14814814814815
250.0
248.0
7.0
1.0333829062275288
250.15235204514164
0.42437819636569346
48997164.0
0.5316503802873644
2.1032117686012963
2.8888355997347905
1.6674655016127802
0.8053534787776856
-0.36549008925195065
0.660617384707818
0.2271218102070992
0.487804024967015
0.2271218102070992
0.7684784503185225
0.1744492262134332
0.38168117632910825
1.6596075280562408
-0.19073939626399872
0.5344509942577353
0.8864390948964503
0.9545756379585801
0.8864390948964503
0.9242927299309669
0.2271218102070992
0.5539045965092305
1.4324857178491421
0.2219347987287293
128.089694174905
0.5093192331548417
0.24534038342257913
2.2991124252704416
21.855083067728103
74.06545103024699
8.802491077098383
0.6752218936823896
3.498354979902058
63.06048553530632
0.24500801953757262
0.3215197956577267
11.47278828930095
0.48353368789115825
0.9207604040061813
0.3742270088624025
18.25
0.5703125
0.21484375
1.9375
6312.21875
23777.84375
1945.8125
0.765625
2.9375
0.091796875
0.20907993952045636
0.3522104632155906
0.1732973085966728
4.226409765557385
0.04086845466155811
5713.4990234375
3.613760428845157
126.4074074074074
0.16143985620358545
4.89102560965863
416.2822477650064
0.23417480985631778
2.8773946360153255
46.20817369093231
150.8978288633461
20.035759897828864
0.5306513409961686
0.04757946965740556
0.10562732666028903
0.0330675054066847
