1.0
1.0
1.0
40.0
30.0
1.0
242.6375
193.0
252.0
1.0
1.0
1.0
40.0
30.0
1.0
0.0
0.0
0.0
40.0
30.0
1.0
1058.0
1.0
17.807183364839318
13.376181474480152
0.0
17.807183364839318
13.376181474480152
0.0
0.7175011308680358
0.0
0.0
45.24596529943528
40.0
30.0
49.4064773081425
49.4064773081425
1019.9166666666666
32.464031269560714
0.22445205117252903
2183.083455682894
2.140452771320756
1058.0
242.0
249.0
63940316.0
0.4665940819806436
4.0
5.717555715644009
252.0
2.4329172637319045
245.81285444234405
247.0
233.0
19.0
1.5936405135114484
245.83547605145242
-1.3200773819628076
63940316.0
0.8212109733741662
11.121876351213725
1.272094382465379
1.103196446163268
0.7114557819897451
0.40907939435428725
0.29519199927153766
0.07498991204885014
0.5954045922769888
0.07498991204885014
0.38263262321119884
0.06920924822861178
0.7456997961111943
0.7994151448593187
-0.33163691845951415
0.5182843938904376
0.9625050439755749
0.98500201759023
0.9625050439755749
0.9750033626503833
0.07498991204885014
0.8593085978123068
0.7244252328104689
0.09254547783009695
77.97641437308869
0.5824633967431401
0.20876830162842996
1.8941418195718653
144.9668871341435
154.26178876388306
142.6431617267086
0.7764645451070337
4.46890813394902
12.343879815347819
0.08894137488625449
0.125945179584121
72.92145088938324
0.208705607918588
0.5297468481162115
0.12844529786918205
6.25
0.78125
0.109375
3.625
113890.0
114981.625
113617.09375
0.34375
1.5
0.1875
0.02294073069430365
0.09176250987665976
0.005735285898714619
2.499999999999998
0.007561436672967864
96399.9375
2.1020932299116644
471.0812854442344
0.44525641346335953
2.4555193842217546
868.8412098298677
0.08939451331291698
1.2977315689981097
66.33459357277883
78.17296786389414
63.375
0.9255671077504726
0.019613571519064812
0.03159641120503372
0.016617861597572586
