1.0
1.0
1.0
40.0
30.0
1.0
239.33666666666667
201.0
254.0
1.0
1.0
1.0
40.0
30.0
1.0
0.0
0.0
0.0
40.0
30.0
1.0
941.0
1.0
20.617428267800214
13.400637619553667
0.0
20.617428267800214
13.400637619553667
0.0
0.7074824708472329
0.0
0.0
48.21437263433589
40.0
30.0
49.4064773081425
49.4064773081425
892.3333333333334
34.11082348168917
0.2266505897174438
1977.6313988405275
2.216247365155615
941.0
238.0
250.0
55904241.0
0.48856137735972766
6.0
2.394733002460873
254.0
3.676004341143401
243.69925611052074
244.0
234.0
20.0
2.779272773177302
243.740426117875
-0.09945984500600007
55904241.0
0.8100467429566529
20.067895302101338
1.2935541145418918
1.1110376259925547
0.7454004365188599
0.42969056829358976
0.3157077212093785
0.07911752687154372
0.59964457763908
0.07911752687154372
0.3972053250488126
0.07266884564898737
0.7299185303105515
0.8386151952560503
-0.33319952220350973
0.5298162812713929
0.9604412365642281
0.9841764946256912
0.9604412365642281
0.9736274910428189
0.07911752687154372
0.8494036105716736
0.7594976683845069
0.09870631202023056
90.0562398749955
0.6124912844957472
0.1937543577521264
1.790418652578167
84.62620754381243
92.879150848206
82.56297171771402
0.8023953368554583
4.404683770455192
13.795602969298844
0.09108636680007498
0.1556854410201913
37.744114420829355
0.20999292859258342
0.5243626889552752
0.1314004885019105
6.636363636363637
0.6033057851239669
0.1983471074380165
3.1818181818181817
63208.454545454544
64027.72727272727
63003.63636363636
0.45454545454545453
1.5454545454545454
0.14049586776859505
0.22822312018042057
0.6359034503710232
0.12630303763276987
3.277613436819112
0.011689691817215728
55890.42975206612
2.4377164762368118
327.30605738575986
0.3478279037043144
2.784583746009231
762.2539851222105
0.09497662852167353
1.3188097768331561
62.91710945802338
75.51647183846971
59.7672688629118
0.9202975557917109
0.023595053649042567
0.04182934379324998
0.019036481112990715
