1.0
1.0
1.0
40.0
30.0
1.0
251.8475
247.0
255.0
1.0
1.0
1.0
40.0
30.0
1.0
0.0
0.0
0.0
40.0
30.0
1.0
785.0
4.0
17.929936305732483
16.136305732484075
0.0
17.929936305732483
16.136305732484075
0.0
0.7114543047717932
0.0
0.0
47.60457892939501
40.0
30.0
49.4064773081425
49.4064773081425
713.1666666666666
33.86848260616669
0.22529148177552383
1713.431356627584
2.402567922356977
785.0
252.0
254.0
50172655.0
-3.203426503814917e-16
1.0
2.123355727110524
255.0
0.6367674144995719
252.81146496815288
253.0
252.0
3.0
0.6297698882314284
252.81259895638667
0.4161671952784923
50172655.0
1.0
0.5733717392186296
1.0
1.0
0.0
0.0
0.0
0.0
1.0
0.0
-3.203426503814917e-16
0.0
1.0
-3.203426503814917e-16
0.0
0.0
1.0
1.0
1.0
1.0
0.0
1.0
-3.203426503814917e-16
0.0
117.75
1.0
0.0
1.0
91.0916472890526
91.0916472890526
91.0916472890526
1.0
3.7779986704708346
11.712540577874986
0.09611872387470105
0.15
39.27608630750988
0.20454007120908735
0.20454007120908735
0.20454007120908735
4.0
1.0
0.0
1.0
136377.75
136377.75
136377.75
1.0
1.5
0.375
0.0045326904203889405
0.0045326904203889405
0.0045326904203889405
1.4999999999999991
0.005095541401273885
97863.6875
1.9433970085409644
291.6980891719745
0.37158992251206946
2.65171974522293
785.0
0.0
1.0
63.49171974522293
63.49171974522293
63.49171974522293
1.0
0.020366201717771325
0.020366201717771325
0.020366201717771325
