1.0
1.0
1.0
40.0
30.0
1.0
226.57
176.0
254.0
1.0
1.0
1.0
40.0
30.0
1.0
0.0
0.0
0.0
40.0
30.0
1.0
748.0
3.0
15.659090909090908
14.0975935828877
0.0
15.659090909090908
14.0975935828877
0.0
0.8240405384245653
0.0
0.0
46.744504080898075
40.0
30.0
49.4064773081425
49.4064773081425
696.5833333333334
38.519366311212536
0.23905470279066557
1589.6525785996273
2.282070934704573
748.0
228.0
248.0
42855887.0
0.5954574674416723
9.0
2.627209658471685
254.0
5.757174211444422
239.25267379679144
240.0
223.0
31.0
4.168867737457862
239.36158124799417
-0.333713450047517
42855887.0
0.8015706768852412
52.1246586262118
4.262835536385655
2.053858338372776
0.7193990462940745
0.26746080186435855
0.2732651255941773
0.09527309146254657
0.48272312904316644
0.09527309146254657
0.45220860932482354
0.08600938566031183
0.7395682521997163
0.9197002431004196
-0.24687307749553855
0.47253674091154557
0.9523634542687268
0.9904726908537453
0.9523634542687268
0.9761817271343635
0.09527309146254657
0.8573247256429029
0.8244271516378736
0.09213455426418099
71.45483301957759
0.4892411189539837
0.3448297693527553
4.246819466653058
65.02769168396104
265.57543885637926
16.273550297968193
0.36704423081648313
4.1105303519319385
20.31104646987
0.13851321083068352
0.19318181818181818
34.56429872111177
0.3427810445971753
1.1794169554072909
0.20968949583740853
15.74074074074074
0.5829903978052127
0.5377229080932784
2.5185185185185186
12403.481481481482
49777.22222222222
3097.6183127572012
0.7849794238683127
9.296296296296296
0.3443072702331962
0.6012610415391492
0.6469249925612323
0.5923274870861673
2.3342117082267526
0.03609625668449198
11635.986282578875
2.5014058968292083
241.42513368983958
0.32276087391689784
4.100875060768109
599.5748663101605
0.10717170922817353
4.241978609625669
59.67112299465241
250.16711229946523
14.671902852049909
0.26823380867498514
0.044819621872317944
0.12463042877083494
0.028617143581618956
