1.0
1.0
1.0
40.0
30.0
1.0
233.66833333333332
185.0
255.0
1.0
1.0
1.0
40.0
30.0
1.0
0.0
0.0
0.0
40.0
30.0
1.0
780.0
1.0
21.433333333333334
14.25897435897436
0.0
21.433333333333334
14.25897435897436
0.0
0.7973149152084097
0.0
0.0
48.429443737742666
40.0
30.0
49.4064773081425
49.4064773081425
723.0
38.61351782734874
0.23304669381343757
1671.603903461638
2.3120385939994996
780.0
234.0
255.0
47932538.0
0.9885828987967062
14.0
2.3623957845104178
255.0
7.278027613412229
247.75384615384615
252.0
228.0
27.0
5.868215168113686
247.89508223212457
-0.8378017340700087
47932538.0
0.5078928336620644
70.00351084812623
2.7124916575792675
1.5986624139784338
0.8668961232574245
-0.2796443389468121
0.7939143429106389
0.16699116871206984
0.6522489747943762
0.16699116871206984
0.6461293337886695
0.13821755440553646
0.3813296897831092
1.611809640929032
-0.34095205486868985
0.6905463396523152
0.916504415643965
0.9666017662575861
0.916504415643965
0.9443362770959768
0.16699116871206984
0.515166829622399
1.4448184722169624
0.24022637790567716
106.85150393401466
0.5187430756088895
0.24062846219555525
2.218797797821403
32.732679072271345
105.5857440707226
14.51941282265853
0.6953005505446492
3.798638352101526
35.044360829017485
0.16543820024967543
0.26474358974358975
16.841762029900064
0.3339866129402852
0.5779082816491404
0.27300619576307134
5.285714285714286
0.7551020408163265
0.12244897959183672
3.5714285714285716
29686.85714285714
68912.71428571429
19880.39285714286
0.35714285714285715
1.2857142857142858
0.1836734693877551
0.008917589509828565
0.03566667238621038
0.0022303187907331094
2.5216406363433164
0.008974358974358974
17270.530612244896
3.3933820841402484
161.6
0.20717948717948717
3.514293228139382
396.15641025641025
0.2460535831689678
2.6884615384615387
50.87692307692308
149.88076923076923
26.12596153846154
0.5778846153846153
0.028730039819821567
0.06721260845268781
0.019109397661605004
