1.0
1.0
1.0
40.0
30.0
1.0
233.12166666666667
169.0
255.0
1.0
1.0
1.0
40.0
30.0
1.0
0.0
0.0
0.0
40.0
30.0
1.0
756.0
2.0
18.46825396825397
15.15079365079365
0.0
18.46825396825397
15.15079365079365
0.0
0.6341509112738876
0.0
0.0
51.88537546675753
40.0
30.0
49.4064773081425
49.4064773081425
696.0833333333334
32.9031581340321
0.2334944722521771
1626.72825911462
2.3369734358165255
756.0
233.0
255.0
45915903.0
0.9985404960243359
14.0
1.9101354997458035
255.0
7.525384227765182
246.29761904761904
249.0
229.0
26.0
6.451543793320728
246.44537209810093
-0.5610353074502674
45915903.0
0.5010113098737436
72.80428004535148
2.4535370742838727
1.5155506130139837
0.8146302381467716
-0.043692215027430814
0.8126333985506706
0.18622952951615826
0.6270705733237305
0.18622952951615826
0.686873468399049
0.15019655539951132
0.3503719805670743
1.685837860898387
-0.3127422523806572
0.6737368097392296
0.9068852352419209
0.9627540940967683
0.9068852352419209
0.9379234901612805
0.18622952951615826
0.42243584825590474
1.4996083313822293
0.24971573201670721
116.22820431044406
0.5326487972010834
0.2336756013994583
2.120990628928584
21.116559118235045
55.87283126035621
12.427491082704755
0.719752342767854
3.731828245871335
38.34956242052283
0.16876037754630308
0.28935185185185186
7.64365617399971
0.3220172560058724
0.5446695259801803
0.2663541885122953
5.8
0.58
0.20999999999999996
3.1
15375.6
26205.3
12668.175
0.475
1.0
0.1
0.1075219294127879
0.42745082497478115
0.027539705522289605
3.3219280948873595
0.013227513227513227
9660.239999999998
3.504970986676386
143.67989417989418
0.1900527700792251
3.265970997452479
378.7645502645503
0.24949434506312812
2.4325396825396823
47.957671957671955
126.16005291005291
28.407076719576718
0.6418650793650794
0.030704921849692257
0.06922854940771135
0.021074014960187487
