1.0
1.0
1.0
40.0
30.0
1.0
234.75666666666666
162.0
255.0
1.0
1.0
1.0
40.0
30.0
1.0
0.0
0.0
0.0
40.0
30.0
1.0
1030.0
1.0
18.053398058252426
14.19514563106796
0.0
18.053398058252426
14.19514563106796
0.0
0.7724273664795431
0.0
0.0
44.857330529332955
40.0
30.0
49.4064773081425
49.4064773081425
986.25
34.64902968807507
0.22365932273825537
2142.340328016373
2.1722081906376407
1030.0
229.0
251.0
59804577.0
0.8808803652435643
12.0
2.4805368533479366
255.0
6.741540201715526
240.82038834951456
242.0
220.0
35.0
4.954702845630824
240.96202214561708
-0.4318036760163144
59804577.0
0.6644490526911113
68.23667169384484
4.603207488604311
2.123657822396558
1.382985085103561
0.3263821504755285
0.5458987234857327
0.17277206149451318
0.5194824605804533
0.17277206149451318
0.6605579885655317
0.1422434630607522
0.5354694212392656
1.4968767678206534
-0.22978291788527835
0.5603963820091604
0.9136139692527432
0.9827227938505486
0.9136139692527432
0.9568069846263716
0.17277206149451318
0.7186517394874075
1.3241047063261404
0.17966769624506146
99.27522783050806
0.4203104257889777
0.42138682540431116
4.957463709197311
41.14608201737412
176.35330858551154
10.213493574178687
0.32650547208715025
4.2804046716838045
36.794432098774074
0.15178137281025392
0.22815533980582525
20.218960241369878
0.35415821657867963
1.702522491814662
0.16457649679564854
16.058823529411764
0.47231833910034604
0.9697231833910034
4.852941176470588
20132.352941176472
81437.14705882352
5020.108660130719
0.559640522875817
7.0588235294117645
0.20761245674740483
0.43064556758645084
1.0698458388746823
0.359623297128109
3.2294286270216874
0.03300970873786408
19214.61937716263
3.1741525822166228
229.98252427184465
0.223284004147422
3.9655763973984355
684.3825242718447
0.1893571495899708
4.632038834951456
55.442718446601944
248.026213592233
13.496413160733548
0.26351132686084144
0.04012205790262887
0.16472067457871317
0.019669149420175995
