1.0
1.0
1.0
40.0
30.0
1.0
231.0125
188.0
255.0
1.0
1.0
1.0
40.0
30.0
1.0
0.0
0.0
0.0
40.0
30.0
1.0
755.0
2.0
20.498013245033114
17.24503311258278
0.0
20.498013245033114
17.24503311258278
0.0
0.6479124798336208
0.0
0.0
46.58490847643175
40.0
30.0
49.4064773081425
49.4064773081425
707.1666666666666
30.18294357378716
0.2393852647919411
1603.4960627934988
2.2674938432149405
755.0
232.0
253.0
44159998.0
0.6974365274414289
11.0
2.0354170616551
255.0
6.4095118635147585
241.7271523178808
241.0
228.0
27.0
4.973596536833282
241.84719054841003
0.0757962126281773
44159998.0
0.6945888338230779
58.04740844699795
1.5313741829527392
1.199191593085398
0.9114903795499719
0.528978872350955
0.5056454300851021
0.1324011926069103
0.5854539512280572
0.1324011926069103
0.5592035755020135
0.114083863729759
0.5668928249242349
1.227325802455847
-0.2964154363758777
0.5813381546444533
0.9337994036965449
0.973519761478618
0.9337994036965449
0.95586626913103
0.1324011926069103
0.7346078106111469
1.0949246098489374
0.15951165567300307
95.60461820726961
0.5724684280718201
0.2137657859640899
1.9296402643603214
38.948114030266616
49.50802292063777
36.308136807673826
0.7675899339099197
4.0353636746126496
23.008071333817988
0.13293799005489537
0.22119205298013245
16.09650522467437
0.2494736037306539
0.5867981479065802
0.16514246768667223
8.666666666666666
0.7222222222222222
0.13888888888888887
3.5
31308.916666666668
32511.416666666668
31008.291666666668
0.375
1.5
0.125
0.0822145004148691
0.3132323275888176
0.024460043621381964
3.1887218755408635
0.015894039735099338
27350.409722222226
3.0983473144313107
165.72317880794702
0.21950089908337353
3.1124494539713172
524.4145695364239
0.15270558308846102
1.5642384105960265
55.39205298013245
78.49403973509934
49.61655629139073
0.8589403973509934
0.02625203251523813
0.05167088103330614
0.019897320385721128
