1.0
1.0
1.0
40.0
30.0
1.0
229.26083333333332
184.0
255.0
1.0
1.0
1.0
40.0
30.0
1.0
0.0
0.0
0.0
40.0
30.0
1.0
764.0
1.0
19.106020942408378
17.162303664921467
0.0
19.106020942408378
17.162303664921467
0.0
0.7717621336221442
0.0
0.0
44.48726393884702
40.0
30.0
49.4064773081425
49.4064773081425
709.6666666666666
34.33358573645606
0.23617978312692983
1629.0872429632423
2.2955668054907123
764.0
230.0
254.0
44770393.0
0.821487082845643
15.0
1.9094279809341606
255.0
7.428658068583647
241.9175392670157
242.0
225.0
30.0
6.013171249131965
242.07434981363957
-0.058412123138985736
44770393.0
0.6185411584112277
75.89503268824869
1.7661440152117012
1.2743716315639624
1.030358696227572
0.56472494251104
0.682343975179859
0.11394175896037213
0.7142291874345025
0.11394175896037213
0.5082570605302962
0.10048125953292927
0.5013758733969551
1.3343926289068166
-0.42606211171566816
0.7137963717334521
0.9430291205198139
0.9772116482079255
0.9430291205198139
0.962019413679876
0.11394175896037213
0.6686574889558515
1.220450869946445
0.19907143353505777
94.91678055345172
0.5819725800128785
0.20901370999356073
1.8940507205613224
41.08158522443361
65.9705527847702
34.85934333434946
0.7764873198596695
4.121966035707384
21.298189963087623
0.12496637254843351
0.21335078534031415
15.907027460443295
0.23616359146370638
0.4774752121993862
0.1758356862797865
5.285714285714286
0.7551020408163265
0.12244897959183672
3.5714285714285716
48139.142857142855
54289.142857142855
46601.642857142855
0.35714285714285715
1.0
0.14285714285714285
0.03874171693433493
0.15496553934444718
0.009685761331806875
2.807354922057602
0.009162303664921465
36226.97959183674
3.1283558876808626
193.01832460732984
0.25264178613524846
2.9794824703270195
472.565445026178
0.19072942079438612
1.7696335078534031
56.17015706806283
96.8979057591623
45.988219895287955
0.8075916230366492
0.024367271171606125
0.04628077701169667
0.01888889471158349
