1.0
1.0
1.0
40.0
30.0
1.0
246.21833333333333
183.0
255.0
1.0
1.0
1.0
40.0
30.0
1.0
0.0
0.0
0.0
40.0
30.0
1.0
1042.0
1.0
19.445297504798464
13.83397312859885
0.0
19.445297504798464
13.83397312859885
0.0
0.7599676403061112
0.0
0.0
45.38243877485226
40.0
30.0
49.4064773081425
49.4064773081425
993.4166666666666
34.48918490706104
0.22071128184675035
2181.4598259652857
2.1959162747742162
1042.0
241.0
255.0
65170959.0
0.9517418619079326
9.0
2.4248500152061565
255.0
4.828949937555493
250.02591170825335
253.0
236.0
19.0
3.909210272929398
250.08819749422744
-0.8621266753150146
65170959.0
0.5330753276034202
31.150000368404175
2.8667750475185865
1.6479912511353443
0.9162707014169804
-0.40266406927775233
0.757968626627359
0.1543974117748919
0.6614015222062478
0.1543974117748919
0.61680229455394
0.12985543847479977
0.4139615423240748
1.5402850832694424
-0.3539743278700743
0.6913722818398779
0.9228012941125541
0.9691205176450217
0.9228012941125541
0.9485341960750361
0.1543974117748919
0.5707925452478982
1.385887671494551
0.22809150960056274
114.18887783703696
0.5033441106984426
0.24832794465077868
2.381849380973236
40.71760749343082
133.72508168353443
17.465738945904917
0.654537654756691
4.122744151238988
32.28472888671678
0.13829515103196358
0.21785028790786948
17.407301962149837
0.2938004327601477
0.5501623023901036
0.2297099653526588
7.142857142857143
0.5102040816326531
0.24489795918367346
2.2857142857142856
17621.714285714286
45197.92857142857
10727.660714285714
0.6785714285714286
1.2857142857142858
0.09183673469387756
0.10429636154775189
0.32103445083719284
0.05011183922539166
3.5216406363433146
0.013435700575815739
12082.102040816324
3.237548392753144
258.3896353166987
0.24797469800067048
3.4540028956568833
555.464491362764
0.23346233619828982
2.885796545105566
56.12092130518234
173.61324376199616
26.747840690978887
0.5285508637236085
0.027375582670688233
0.0688262740050168
0.017012909837106092
