1.0
1.0
1.0
40.0
30.0
1.0
188.2625
67.0
255.0
1.0
1.0
1.0
40.0
30.0
1.0
0.0
0.0
0.0
40.0
30.0
1.0
662.0
2.0
19.493957703927492
16.4607250755287
0.0
19.493957703927492
16.4607250755287
0.0
0.686817513151909
0.0
0.0
48.81791495223007
40.0
30.0
49.4064773081425
49.4064773081425
612.5833333333334
33.528998944752054
0.24651628558462574
1414.9745445910314
2.309848256712335
662.0
200.0
255.0
37230783.0
1.7367556369033352
23.0
3.3439940936574617
255.0
15.55830998256679
236.32477341389728
242.0
183.0
72.0
10.467648123363889
237.14943279358744
-1.2054445380904895
37230783.0
0.33993391809129164
390.4549451903505
10.118001795973584
3.1111871815337198
14.798771766333145
-2.0691699226130087
2.2217594733815673
0.4694668590343161
0.647168062258042
0.3480500707864604
1.0750040486319696
0.3446484396837103
0.23954665391694424
2.6826807639909163
-0.3317145863803864
0.8014158096143861
0.8381166434315555
0.9746094789983486
0.8458863354416244
0.9344000966273749
0.24487756394536347
0.3848521201162454
2.2530124495875303
0.6728065831039709
64.71336471233941
0.26307574573671993
1.0644128630231864
7.211999154251327
17.359619251670686
192.94688068455
2.099279395063737
0.3371935931610205
3.750222675763495
93.75841902921853
0.3753548443082472
0.3719788519637462
9.586898745358244
0.6282172949802362
3.2274169764037217
0.2784692937051032
20.864406779661017
0.35363401321459353
0.863544958345303
4.1525423728813555
1207.3898305084747
12598.338983050848
127.26906779661017
0.5632062146892655
11.23728813559322
0.19046251077276644
0.4142249623493543
1.1331038054469542
0.28169103903077825
3.9836752524583123
0.0891238670694864
1081.4938236139042
4.037001545405727
118.13897280966768
0.1784576628544829
7.129325216089667
225.03625377643505
0.8308157099697886
9.830815709969789
43.41993957703927
505.17220543806644
4.600285330647868
0.19975243370258478
0.08771732365599255
0.45003426860281986
0.042497209851162406
