1.0
1.0
1.0
40.0
30.0
1.0
236.52416666666667
71.0
255.0
1.0
1.0
1.0
40.0
30.0
1.0
0.0
0.0
0.0
40.0
30.0
1.0
1124.0
1.0
18.310498220640568
14.077402135231317
0.0
18.310498220640568
14.077402135231317
0.0
0.7793375366668646
0.0
0.0
44.020179170188385
40.0
30.0
48.82622246293481
48.82622246293481
1089.9166666666667
34.30657799812864
0.2221331582663634
2305.6829898099677
2.1154672282070197
1124.0
239.0
252.0
67245902.0
0.8398784843072126
6.0
21.097559767786493
255.0
4.569363356593763
244.49110320284697
244.0
188.0
67.0
2.916506221391884
244.59622839818937
-2.991128926021678
67245902.0
0.656293929914768
51.41540127404669
10.250138830947249
3.183623346079722
1.3945322757508984
0.49734709932568644
0.581380348950265
0.12268433025423946
0.6507373693384495
0.11331640524997996
0.5206685769652613
0.10958986741891369
0.5792202512673628
1.267689914989281
-0.3878673244785692
0.6729834549693297
0.944278589875436
0.9929786569993844
0.944784802990883
0.9776354613775933
0.10623689237619509
0.7436361041059567
1.146269891379394
0.1760161698011261
71.91811609801314
0.42347549581544675
0.5078532379460902
11.321612110679451
112.30197736192176
1061.1439649897422
12.162507999711327
0.12672906604164008
4.613725429705578
20.48298484785074
0.11803334571332451
0.15013345195729536
63.648005298013565
0.29670091951320593
3.0284682413281088
0.061837357428084806
7.083333333333333
0.2951388888888889
1.4375
9.0
32563.0
297164.5416666667
3589.9728009259256
0.3107638888888889
4.583333333333333
0.1909722222222222
0.41778556258992355
1.32342278802232
0.2555726824772623
3.601227480952951
0.021352313167259787
30369.638888888883
2.6116552243091
445.2526690391459
0.39613226782842165
3.2780771520117526
737.6743772241992
0.1953836387583744
10.322953736654805
64.10142348754448
642.1218861209965
6.6776023131672595
0.10665035587188612
0.030128676289284662
0.2589625135839231
0.007633587500374218
