1.0
1.0
1.0
40.0
30.0
1.0
226.1975
70.0
254.0
1.0
1.0
1.0
40.0
30.0
1.0
0.0
0.0
0.0
40.0
30.0
1.0
1058.0
1.0
17.307183364839318
14.603024574669186
0.0
17.307183364839318
14.603024574669186
0.0
0.7943830768910065
0.0
0.0
41.941023415019586
40.0
30.0
45.17742799230607
45.17742799230607
1025.1666666666667
33.317239228381005
0.22637823330921
2171.9297592432968
2.118611373022237
1058.0
232.0
250.0
62033153.0
0.904722130254584
8.0
15.469608730477757
254.0
6.401431527188655
241.9234404536862
244.0
177.0
77.0
3.7148907445632915
242.1414251099
-3.037556620097032
62033153.0
0.6721227411279976
105.51871330505539
9.805823208236399
3.1109392882024545
3.218389449825062
-0.01889624323714914
0.6696317685023769
0.15817093122540327
0.6169063879220962
0.14118464520841606
0.6067686575029402
0.1376575503557003
0.580092353666381
1.4120909488007563
-0.34008213910072205
0.6566176292670809
0.9311063059974907
0.9909955855635113
0.9322387250652899
0.9723292804922163
0.12632164494355225
0.7505597629221352
1.2616849872985751
0.20695067493194508
67.65947668016481
0.36435368050783845
0.7340772099020487
9.55375239769821
71.81626039002558
672.2375905797102
7.947777295833037
0.19139010346363788
4.585848911972673
23.472314133986927
0.12620411464725165
0.17367674858223064
36.04937912699306
0.3298718123705582
2.3184324158244043
0.11643493543499317
7.96
0.3184
1.3376000000000001
6.72
29297.2
265401.28
3245.5925
0.40194444444444444
3.56
0.1424
0.28383075156276455
1.4111990466857045
0.11996743391058437
3.783465189601642
0.023629489603024575
27506.2176
2.733296313883484
368.3194706994329
0.34812804413935056
3.723593040333618
711.1058601134215
0.23785292362448673
9.77882797731569
61.64461247637051
600.8393194706995
6.625689193446755
0.12273550724637683
0.031209186144176917
0.2507593383219002
0.007985375491639376
