1.0
1.0
1.0
40.0
30.0
1.0
223.43333333333334
75.0
255.0
1.0
1.0
1.0
40.0
30.0
1.0
0.0
0.0
0.0
40.0
30.0
1.0
987.0
2.0
19.188449848024316
15.642350557244175
0.0
19.188449848024316
15.642350557244175
0.0
0.6679343122584184
0.0
0.0
45.34894066788205
40.0
30.0
48.25971404805462
48.25971404805462
947.8333333333334
30.290113496649614
0.2280951002774925
2045.766927817371
2.158361450132623
987.0
212.0
255.0
57903509.0
1.548416116593732
15.0
3.8995347836968706
255.0
12.274159822371685
241.69300911854103
248.0
191.0
64.0
8.278631092693525
242.21100140083385
-1.4045325789289949
57903509.0
0.37695204836121865
250.65854281957235
11.528546159649935
3.328515272661841
10.098949900475581
-1.9997078245674442
1.999086207220518
0.20127779644719007
0.8170016307962954
0.1821914169108936
0.707699664816964
0.16615920283600524
0.28945200669924476
2.2537245310273883
-0.490318553191675
0.8714194337417865
0.9108129294981828
0.9885145365138799
0.9120161410685982
0.9641900191282307
0.16614452006334268
0.431600500288206
2.022633328593005
0.550091000916927
70.90139289777294
0.3168745882207229
0.7700557476218377
9.235924689420466
48.862893805052586
622.7260031851378
4.711019751468775
0.19125950125184968
4.595883502999179
42.492597860347786
0.1901588619251769
0.2246707193515704
26.254466022083026
0.43509601694801275
3.084441065171915
0.12179758753520663
10.833333333333334
0.30092592592592593
0.8973765432098765
5.472222222222222
7528.25
102175.58333333333
635.2390046296297
0.4104938271604939
9.555555555555555
0.2654320987654321
0.5211708018783946
1.904129950186719
0.275016048429198
3.6683178789153645
0.0364741641337386
6776.576388888889
3.800151829883824
276.09625126646404
0.279732777372304
4.866740781117034
372.0516717325228
0.5980563947323309
11.407294832826748
56.744680851063826
690.7386018237082
5.82925954069571
0.12383907463694697
0.048464597272734
0.3592362103477737
0.014790457821456162
