1.0
1.0
1.0
40.0
30.0
1.0
169.16666666666666
71.0
255.0
1.0
1.0
1.0
40.0
30.0
1.0
0.0
0.0
0.0
40.0
30.0
1.0
582.0
4.0
16.84536082474227
10.778350515463918
0.0
16.84536082474227
10.778350515463918
0.0
0.6509054507698787
0.0
0.0
43.06947178525436
39.0
30.0
46.647615158762406
46.647615158762406
542.4166666666666
28.03415394680156
0.2600901104213112
1236.6561713177896
2.279900761378626
582.0
186.0
251.0
29695255.0
1.9898140508922466
42.75
1.9031899776971004
255.0
22.016072082285284
224.50687285223367
233.0
172.0
83.0
18.205245475334262
225.88221469183745
-0.5493331333829808
29695255.0
0.2815861881649957
619.4389562003282
13.858884927467999
3.6245504459026634
26.63202570048461
-2.677995467841602
3.4339427145217503
0.548651125017407
0.7244853845933198
0.4424494922500898
1.1799303861508954
0.348605234094778
0.14927051670338598
3.2674606375718067
-0.29112674209828854
0.8126913879165315
0.7893954171516868
0.9798090053818176
0.7959869443619544
0.9287521295736674
0.35413744574261946
0.315076814910872
2.71162804042698
0.9956484598847894
66.34627552320542
0.24922354894282095
1.1853950338182497
11.569593857212713
9.506932241811372
138.7893251385556
0.9502555518400233
0.15870204310542077
3.9432779836684144
98.86224863953309
0.36654510417176345
0.45704467353951883
4.531385802573473
0.6244653089639577
6.094866903022147
0.12071340567024218
19.779661016949152
0.3352484918126975
0.907210571674806
6.4576271186440675
1159.6271186440679
17972.13559322034
84.76139830508475
0.3073540489642185
16.11864406779661
0.2731973570812985
0.5352248904009762
2.5961119706994222
0.20840146859520606
3.7796961198368613
0.1013745704467354
1062.3205975294456
4.740104855028592
71.40893470790378
0.12269576410292746
5.713524875710018
163.8831615120275
1.1056671508366696
13.34364261168385
34.2680412371134
513.7113402061856
3.2769086483390613
0.12488306605574646
0.10685286756296002
0.8650106806595617
0.02857628301778106
