1.0
1.0
1.0
40.0
30.0
1.0
241.4275
180.0
255.0
1.0
1.0
1.0
40.0
30.0
1.0
0.0
0.0
0.0
40.0
30.0
1.0
1163.0
1.0
19.023215821152192
14.07652622527945
0.0
19.023215821152192
14.07652622527945
0.0
0.7361670226700271
0.0
0.0
45.697345746897064
40.0
30.0
49.4064773081425
49.4064773081425
1129.1666666666667
33.64087896241604
0.22017744224087893
2381.6795900216152
2.109236537288515
1163.0
236.0
251.0
68588773.0
0.5847204782629816
8.0
2.8261107947994493
255.0
4.766627063018595
242.77815993121237
242.0
222.0
33.0
3.420542538002856
242.84919013402788
0.2623168067852895
68588773.0
0.7682986967762827
34.49420916788718
4.593146157741076
2.1227298146885323
0.9906955544549179
0.5529254919310852
0.3945336198886603
0.04594732011408015
0.7901449489663082
0.04594732011408015
0.26765463518059773
0.04376329839280334
0.7371175594370816
0.7955625829633676
-0.5624819937297525
0.679323582552487
0.97702633994296
0.995405267988592
0.97702633994296
0.98851316997148
0.04594732011408015
0.8518257808989734
0.749615262849288
0.1101202350006851
51.409938431181544
0.5048115511483946
0.28222176961888457
5.7769998691983035
269.04615623769627
1128.9363944709664
65.81688914868472
0.2213159128990702
4.688837156845806
7.497098617905897
0.07367392507288317
0.08770421324161651
116.92415049591733
0.1746944559664296
1.1698008537409679
0.05126666131631804
4.6
0.46
0.8099999999999999
6.1
102680.3
416088.3
25521.188888888886
0.39166666666666666
3.0
0.3
0.5290451979590114
2.3614062895361165
0.32544948010919533
2.6464393446710135
0.008598452278589854
89154.61000000003
1.7990262699830923
685.895958727429
0.5897643669195435
1.9789053275655437
893.5313843508169
0.11686206027197132
4.645743766122098
70.84178847807395
317.93379191745487
16.751982420942007
0.23378236361899304
0.02114396785751656
0.10488619791886691
0.006441506684297092
