1.0
1.0
1.0
40.0
30.0
1.0
239.54833333333335
94.0
255.0
1.0
1.0
1.0
40.0
30.0
1.0
0.0
0.0
0.0
40.0
30.0
1.0
1086.0
1.0
17.72744014732965
13.904235727440147
0.0
17.72744014732965
13.904235727440147
0.0
0.7747158592774827
0.0
0.0
43.04117509907903
40.0
30.0
47.01063709417264
47.01063709417264
1053.9166666666667
33.3446809511956
0.22488843524942345
2227.0049558013725
2.1130749956208166
1086.0
227.5
255.0
68087198.0
0.7445411298219997
1.0
8.385015874307165
255.0
7.978697570620904
250.07918968692448
255.0
195.0
60.0
1.4724665253753453
250.39048325927644
-2.5875237915783575
68087198.0
0.7469501337972997
155.79299234523435
14.607361285906762
3.78011858181378
13.773855928217678
-3.878506140952632
1.3426768802481408
0.07052441218471422
0.8996051450530864
0.06276269565613699
0.33909091182932666
0.06642169656196117
0.7375682202922478
0.9469791295504698
-0.6474496993284999
0.7712260228729747
0.9693948238247891
0.9959884766337564
0.969912271593361
0.9877061847530584
0.055971193693631904
0.8555613280031967
0.8693493413945483
0.35330032310821374
35.634591945043994
0.3216251644545335
0.857416586527202
10.079825552816079
234.81615794638194
3677.4936088420422
15.864206053386944
0.17146089097887127
4.195151907831405
18.999972651960434
0.1764160367875649
0.10151933701657459
125.76520303753642
0.38310463394760863
2.479784286582503
0.10242726300644785
4.466666666666667
0.29777777777777775
0.9155555555555555
5.466666666666667
58510.53333333333
929398.3333333334
3757.361111111111
0.4412037037037037
3.933333333333333
0.26222222222222225
0.5093324442771305
1.496499936788537
0.36457839560417493
3.1329145639793943
0.013812154696132596
53268.773333333345
1.7376086916414926
654.1270718232045
0.6023269537966891
2.821067732975184
811.1878453038674
0.39347004738018443
14.514732965009209
69.86187845303867
1058.6307550644567
5.23980714139554
0.08614692040106404
0.026335704060288595
0.26311996065734117
0.007076122764282885
