1.0
1.0
1.0
40.0
30.0
1.0
247.78166666666667
225.0
255.0
1.0
1.0
1.0
40.0
30.0
1.0
0.0
0.0
0.0
40.0
30.0
1.0
734.0
4.0
17.970027247956402
12.196185286103542
0.0
17.970027247956402
12.196185286103542
0.0
0.6719128614521458
0.0
0.0
45.24701348516041
40.0
30.0
48.60041152089147
48.60041152089147
679.0833333333334
30.40205030297796
0.23711284249582204
1575.7153368479364
2.3203563679194055
734.0
249.0
255.0
46983454.0
0.5521085515004195
3.0
3.710832258308279
255.0
1.7887058334385157
252.99182561307902
254.0
247.0
8.0
1.263574211248282
253.00228321766485
-1.362020031373488
46983454.0
0.7766707006511295
5.2914863129134515
3.6954534263400776
1.9154496635790756
0.42719370538063345
-0.26068903241615476
0.20780642725040344
0.10179112879429876
0.3418536843209648
0.10179112879429876
0.4741963535423497
0.09137352061666447
0.7538277013609844
0.7826631768392882
-0.1272647495731654
0.3145742575462016
0.9491044356028506
0.9796417742411403
0.9491044356028506
0.9660696237352336
0.10179112879429876
0.8645540991819263
0.6808720480449899
0.07739938901117555
78.58805904320391
0.5056327572497534
0.24718362137512326
2.5859711222715855
61.40297276414912
242.30644292061038
16.177105225033802
0.6035072194321036
3.462186268456888
36.04452117270835
0.2313576816271331
0.21151226158038144
37.67056984362461
0.4878134803825148
0.7497178235647
0.4223373945869685
23.5625
0.736328125
0.1318359375
1.46875
8565.0625
34168.75
2164.140625
0.8828125
5.8125
0.181640625
0.4067432694833863
0.5013496854438333
0.3830916654932745
3.0519157366363276
0.043596730245231606
8038.93359375
2.400788231662152
241.70299727520435
0.32929563661471983
5.194024753320613
570.0762942779292
0.11166464967443518
3.6158038147138964
58.59945504087194
230.71117166212534
15.571525885558582
0.3460490463215259
0.048248301465101125
0.10247663002025918
0.03469121932631161
