1.0
1.0
1.0
40.0
30.0
1.0
227.43666666666667
133.0
255.0
1.0
1.0
1.0
40.0
30.0
1.0
0.0
0.0
0.0
40.0
30.0
1.0
1061.0
1.0
18.970782280867105
15.529688972667294
0.0
18.970782280867105
15.529688972667294
0.0
0.7178002345797168
0.0
0.0
46.421742569055056
40.0
30.0
49.4064773081425
49.4064773081425
1024.6666666666667
33.32153770566694
0.22482008821975769
2186.2714470780875
2.1336416204405535
1061.0
223.0
244.0
58625940.0
0.7134872188532435
8.0
4.324679316565645
255.0
6.122710689415941
234.91611687087652
236.0
203.0
52.0
3.897599107819208
235.06459296376707
-0.8206299647585374
58625940.0
0.7395251576545164
69.7808995301678
3.7834272120961607
1.9216199601123467
1.4027878515931682
-0.2918797303929954
0.4465520457430624
0.08334142527804625
0.6851913923338058
0.08034159364951396
0.40624660956349
0.07667468075253518
0.6854289229359306
1.068851340040289
-0.44006395218500727
0.6697035035020023
0.9601291863380962
0.9918043112396661
0.9603291751133317
0.9800645931690481
0.07771674097454821
0.8227110347037119
0.9750161936647422
0.13247336775527718
61.465758148971524
0.45217901125532706
0.3588595742234405
3.3118367649798253
139.28568035452003
548.5301608437785
38.129726669657835
0.5097695488384957
4.512971447026001
13.496368665202036
0.09692300741803139
0.12770970782280866
69.79388163724185
0.25268610717460427
0.5710786005596846
0.20074786653698307
3.75
0.46875
0.734375
3.375
102788.125
409411.5
26249.64236111111
0.6840277777777778
1.0
0.125
0.16042353762650652
0.4116130581605063
0.13251352702663055
2.9999999999999973
0.007540056550424128
85198.734375
2.1904258660675966
514.4043355325165
0.48482972246231526
2.775213396569843
784.636192271442
0.14072936367003902
3.7869934024505185
66.42884071630537
257.368520263902
20.07312284008797
0.3357157817572521
0.021659105713008144
0.07348749952209739
0.010113989334024995
