1.0
1.0
1.0
40.0
30.0
1.0
221.5725
135.0
255.0
1.0
1.0
1.0
40.0
30.0
1.0
0.0
0.0
0.0
40.0
30.0
1.0
937.0
1.0
16.91248665955176
16.542155816435432
0.0
16.91248665955176
16.542155816435432
0.0
0.6701839228792689
0.0
0.0
46.872367029694104
40.0
30.0
49.4064773081425
49.4064773081425
892.25
31.413106810597295
0.22876058533472393
1959.2685312466385
2.1958739492817467
937.0
218.0
244.0
51786304.0
0.8162814448420184
10.0
3.714533112861652
255.0
7.757280724034673
234.8708644610459
237.0
205.0
50.0
4.855180856827251
235.09189828733255
-0.9659099494583081
51786304.0
0.6922100894222917
103.87766766252568
3.8027177785281667
1.9223169630596535
1.6516398318090686
-0.26061945449875396
0.5079810649214134
0.07867409409256876
0.7283643580456707
0.07867409409256876
0.39356841491981187
0.07209874399796022
0.663136342508568
1.1205496194875995
-0.48113685300425657
0.7070550460686846
0.9606629529537156
0.9921325905907432
0.9606629529537156
0.9803314764768578
0.07867409409256876
0.8078759796178786
1.0418755253950314
0.14666378975349553
60.64035496976568
0.43586833836554795
0.38558519008537107
3.0760612244897962
119.90730909863946
473.7565709561602
32.77424885177837
0.5685157155454774
4.395975640741581
16.627006613756613
0.1140567492903834
0.14861259338313768
65.7412979403457
0.284675248504907
0.5947124834148645
0.23249902773396514
2.3333333333333335
0.3888888888888889
0.8055555555555556
4.166666666666667
99963.83333333333
395651.0
26256.300925925927
0.5787037037037037
1.0
0.16666666666666666
0.17737486000171496
1.511862445794936
0.02909834353546788
2.5849625007211543
0.0064034151547491995
75575.80555555556
2.3770315890000187
392.8420490928495
0.4192551217639803
2.985661224940744
648.6008537886873
0.1700401722612074
3.7545357524012806
63.998932764140875
250.78762006403414
19.20025495078857
0.35286967864342467
0.02254301966843894
0.08018397836030733
0.010473337756098438
