1.0
1.0
1.0
40.0
30.0
1.0
225.82583333333332
157.0
255.0
1.0
1.0
1.0
40.0
30.0
1.0
0.0
0.0
0.0
40.0
30.0
1.0
650.0
3.0
18.372307692307693
14.521538461538462
0.0
18.372307692307693
14.521538461538462
0.0
0.7267557670448005
0.0
0.0
47.9904382408456
40.0
30.0
49.4064773081425
49.4064773081425
568.25
34.877327754541874
0.22703605948709438
1461.3320644789662
2.5716358371825185
650.0
228.0
250.0
37191107.0
0.551075192155757
14.0
1.894556007164769
255.0
6.8821491124260366
239.06615384615384
239.0
225.0
30.0
5.56235884919132
239.2009358098494
-0.015798530029110486
37191107.0
0.7772260355029585
64.46177751479291
1.3772242087145425
1.1454311282420733
0.7727319148777962
0.453747625774037
0.3789451723700558
0.11813835202335426
0.5252465578726148
0.11813835202335426
0.5208486009839474
0.10373422734350533
0.6477240104597896
1.046246432603352
-0.25146549663773005
0.5026999590403727
0.940930823988323
0.9763723295953293
0.940930823988323
0.9606205493255486
0.11813835202335426
0.7954996957462497
0.928108080579998
0.1242708810983525
132.91777522264906
0.6834267445128492
0.15828662774357538
1.5930366657855715
20.132378113820565
24.658522795791843
19.000841943327742
0.8517408335536072
3.4692624536685095
36.44685719168597
0.18161001231318025
0.2988461538461539
7.81889294970785
0.3249318174885015
0.6304728275300012
0.24854656497812647
5.909090909090909
0.5371900826446281
0.23140495867768596
2.909090909090909
13966.727272727272
14488.454545454546
13836.295454545454
0.5227272727272727
1.0
0.09090909090909091
0.11129918646971731
0.43571968773229697
0.030194061154072405
3.4594316186372938
0.016923076923076923
10474.99173553719
3.184290998524471
110.48615384615384
0.16997869822485207
3.1088378698224854
505.1969230769231
0.11138698224852071
1.383076923076923
46.79076923076923
59.026153846153846
43.731923076923074
0.9042307692307693
0.03281936134852801
0.05729263377715759
0.02670104324137062
