1.0
1.0
1.0
40.0
30.0
1.0
235.04166666666666
159.0
255.0
1.0
1.0
1.0
40.0
30.0
1.0
0.0
0.0
0.0
40.0
30.0
1.0
944.0
2.0
18.133474576271187
12.264830508474576
0.0
18.133474576271187
12.264830508474576
0.0
0.6707725495769135
0.0
0.0
47.70031020670654
40.0
30.0
49.4064773081425
49.4064773081425
899.5833333333334
31.996058692962215
0.22912265186688296
1966.876226401221
2.1864302655687493
944.0
232.3
254.0
56767682.0
1.1058855165431738
11.0
2.9954331914292416
255.0
6.791713049411088
245.07838983050848
247.0
222.0
33.0
4.85216329330086
245.22490973784087
-0.8693245195742074
56767682.0
0.5039926565642058
71.83919401752371
5.725746735927218
2.3525235029826796
1.4028509302640122
0.2954612474652037
0.9089004072619395
0.14344494373101835
0.7273539266888152
0.14344494373101835
0.5899483384194035
0.12231356046003723
0.39805870099498497
1.6729043055634683
-0.42997206632044727
0.7716436183829397
0.9282775281344908
0.9856555056268981
0.9282775281344908
0.9641387640672454
0.14344494373101835
0.5409023322724819
1.5294593618324503
0.2630863377482394
80.93754800307221
0.41394021429353045
0.4236319730453532
5.455750768049155
49.24989439324116
282.5559571812596
10.045322500640042
0.2897788125106674
4.4294064972953535
26.718495583717356
0.13322203897547139
0.20603813559322035
23.17083453967782
0.3244326939438115
1.4780997457845033
0.15105383260827066
12.517241379310345
0.43162901307966706
0.7086801426872771
3.4482758620689653
9778.896551724138
51938.137931034486
2089.622605363985
0.6561302681992337
7.275862068965517
0.25089179548156954
0.5016170358688778
0.9416830444664763
0.4500007799167041
3.0726555637200725
0.03072033898305085
8719.281807372176
3.34052600546794
252.3728813559322
0.2673441539787417
3.8339378052283823
475.76906779661016
0.27703964378052287
5.747881355932203
57.88135593220339
336.48093220338984
11.617761299435028
0.21910310734463279
0.03924247364906414
0.16318992684565978
0.019917186882425424
