1.0
1.0
1.0
40.0
30.0
1.0
226.43166666666667
112.0
255.0
1.0
1.0
1.0
40.0
30.0
1.0
0.0
0.0
0.0
40.0
30.0
1.0
1052.0
1.0
17.224334600760457
13.854562737642585
0.0
17.224334600760457
13.854562737642585
0.0
0.8098418380054081
0.0
0.0
42.55402202428468
40.0
30.0
49.4064773081425
49.4064773081425
1016.4166666666666
34.46202741066932
0.22582918759140302
2164.803945674598
2.1298390873243562
1052.0
231.0
247.0
59894897.0
0.6620694894432926
7.0
10.89222178784974
255.0
5.757859373418727
238.43821292775667
239.0
190.0
65.0
3.274253422867475
238.60912123731268
-2.191027077619321
59894897.0
0.7934569677167517
81.53135346036521
9.139375191920905
3.0099262210588273
2.1485112970510256
-0.1893960505373118
0.4084767505075861
0.0896958167047307
0.6367999362239941
0.0831294817697506
0.41883615501636623
0.08256587490424609
0.7480927376553692
0.9683848062881406
-0.3909534490197986
0.6084616803238911
0.9590918926086227
0.9948396519868097
0.9595296482709548
0.9835929814772157
0.077383938701643
0.863091900515647
0.8744217366601881
0.12454314180307921
50.513886591115885
0.37428175785593865
0.6842664118384096
8.326906801318406
150.06547608959835
1358.4853446693123
16.854589191335123
0.21661118449740382
4.563172440274357
17.699744577311765
0.13151934646489172
0.1273764258555133
80.59284550020722
0.3406479077502247
2.0083394459609107
0.13593018858047487
5.888888888888889
0.3271604938271605
1.5833333333333333
6.277777777777778
48605.444444444445
437857.22222222225
5404.292052469135
0.5235339506172839
4.0
0.2222222222222222
0.4488291140261902
1.7276983341070784
0.32967005779304354
3.4138338639735966
0.017110266159695818
45189.69135802469
2.0390750809869553
527.0855513307985
0.5010318928999985
3.2068629010105685
834.7167300380228
0.15200089635530367
9.095057034220533
66.90304182509506
615.5456273764258
7.460597539079004
0.12579874313476974
0.028611651030994004
0.20476639177005826
0.009442792247482616
