1.0
1.0
1.0
40.0
30.0
1.0
233.2625
163.0
255.0
1.0
1.0
1.0
40.0
30.0
1.0
0.0
0.0
0.0
40.0
30.0
1.0
1018.0
1.0
19.94597249508841
14.767190569744598
0.0
19.94597249508841
14.767190569744598
0.0
0.7553614819158513
0.0
0.0
49.16247484223114
40.0
30.0
49.4064773081425
49.4064773081425
971.5
37.13543985147847
0.2237532727798495
2120.036141995721
2.182229688106764
1018.0
232.0
249.30000000000007
59363792.0
0.693721895069807
8.0
4.368689848480971
255.0
5.281803760213987
241.37721021611003
242.0
215.0
40.0
3.3507467987994395
241.48320340048073
-0.9364250116195038
59363792.0
0.7552966060807238
51.17991284578955
4.379343346541251
2.0749771297386785
1.1451039572346784
0.299255102746563
0.4037538586642543
0.10850343510608415
0.5769647416375044
0.10850343510608415
0.4934154688101732
0.09646635724369163
0.6676866897587066
1.1342981648642616
-0.3048221826513752
0.5748491770408952
0.9457482824469579
0.9891496564893916
0.9457482824469579
0.9728741412234789
0.10850343510608415
0.8120617373073792
1.0257947297581782
0.12806432344258462
81.83558960434519
0.46334160014764414
0.3717838924021408
4.622366793645906
82.75670550821505
341.8775708402434
20.67806282753045
0.3375387719144995
4.4069812901132845
22.456169343222513
0.12656694138287242
0.17166011787819252
44.43925247827391
0.30892945766557917
1.2590255485460236
0.1584368211211228
12.083333333333334
0.5034722222222222
0.8732638888888888
3.7916666666666665
32261.0
129664.83333333333
8054.949074074074
0.6724537037037037
5.5
0.22916666666666666
0.4758101733108508
1.2690165351989668
0.3876761105800178
3.2201755214643404
0.023575638506876228
30461.82638888889
2.5702041610709374
354.97445972495086
0.34869789756871405
3.4598754829570675
768.8919449901769
0.13357212609184
4.388998035363458
61.62671905697446
264.6090373280943
15.312486356690679
0.2640798952193844
0.03336224848667547
0.1270060235674711
0.016314592824009794
