1.0
1.0
1.0
40.0
30.0
1.0
238.02
212.0
247.0
1.0
1.0
1.0
40.0
30.0
1.0
0.0
0.0
0.0
40.0
30.0
1.0
1070.0
2.0
19.701869158878505
15.020560747663552
0.0
19.701869158878505
15.020560747663552
0.0
0.7542197934679378
0.0
0.0
45.20447841333635
40.0
30.0
49.4064773081425
49.4064773081425
1020.1666666666666
34.0941123727324
0.21770086848377443
2251.151459127286
2.20665067060345
1070.0
236.0
241.0
61127883.0
-3.203426503814917e-16
4.0
3.0736998376931166
247.0
1.714502576644251
239.00654205607478
239.0
235.0
12.0
1.3693102096828988
239.01644842316279
0.33987515039216104
61127883.0
1.0
4.735471220193904
1.0
1.0
0.0
0.0
0.0
0.0
1.0
0.0
-3.203426503814917e-16
0.0
1.0
-3.203426503814917e-16
0.0
0.0
1.0
1.0
1.0
1.0
0.0
1.0
-3.203426503814917e-16
0.0
83.75
1.0
0.0
1.0
288.5543073468605
288.5543073468605
288.5543073468605
1.0
4.461649108024562
4.633925148552808
0.05465871991011393
0.07827102803738319
89.39087409120985
0.11896398530266265
0.11896398530266265
0.11896398530266265
2.0
1.0
0.0
1.0
566066.0
566066.0
566066.0
1.0
1.0
0.5
0.013889330547546812
0.013889330547546812
0.013889330547546812
0.9999999999999993
0.001869158878504673
279841.0
1.317935622511676
620.2878504672897
0.5797082714647568
1.5275395231024544
1070.0
0.0
1.0
71.64859813084112
71.64859813084112
71.64859813084112
1.0
0.016210815478839513
0.016210815478839513
0.016210815478839513
