1.0
1.0
1.0
40.0
30.0
1.0
241.26916666666668
140.0
255.0
1.0
1.0
1.0
40.0
30.0
1.0
0.0
0.0
0.0
40.0
30.0
1.0
1148.0
1.0
19.483449477351915
13.914634146341463
0.0
19.483449477351915
13.914634146341463
0.0
0.7118939739091344
0.0
0.0
47.11930937384328
40.0
30.0
49.4064773081425
49.4064773081425
1112.9166666666667
33.54395239799922
0.2204985018999394
2355.3398440594565
2.116366763662559
1148.0
235.0
253.0
68742588.0
1.0761290767382419
10.0
5.027150627705875
255.0
6.059324503150456
244.57839721254356
246.0
207.0
48.0
4.249451197465609
244.7045220993852
-1.306138100203183
68742588.0
0.5288139348541321
61.710752831769234
5.416359909030127
2.2898427714757865
1.7093202588206768
0.31232262866686367
0.8590555604388685
0.16714072725005485
0.6744601110283202
0.16714072725005485
0.6460323225411934
0.13824935870741578
0.4033289064769242
1.7313583767668261
-0.35993905621090855
0.7242424781806093
0.9164296363749727
0.9832859272749945
0.9164296363749727
0.9582148181874862
0.16714072725005485
0.5758704496229645
1.564217649516772
0.25654907192223086
100.10974998547351
0.4221901446245381
0.40636103528595163
5.656464073159598
46.4462331674287
243.74367895376162
10.199565510170011
0.2707375994178059
4.533499449925731
29.404404587074723
0.12002374168920162
0.2055749128919861
19.695297645141803
0.28210608121555186
1.5862977999421233
0.10585785640391591
8.333333333333334
0.46296296296296297
0.9166666666666667
5.611111111111111
34598.11111111111
154625.38888888888
8206.168209876543
0.4645061728395061
1.6666666666666667
0.09259259259259259
0.11749849871384331
0.48792495338766734
0.076339962707342
3.6835423624332257
0.0156794425087108
30530.5061728395
3.293159821405049
311.9320557491289
0.2717178185968022
3.5078366861319186
607.0783972125436
0.26368764340953516
5.4921602787456445
57.609756097560975
312.37020905923345
12.414609949670925
0.22829558652729381
0.027801289424661337
0.1526149072998666
0.00840942048474155
