1.0
1.0
1.0
40.0
30.0
1.0
236.0225
144.0
255.0
1.0
1.0
1.0
40.0
30.0
1.0
0.0
0.0
0.0
40.0
30.0
1.0
1152.0
1.0
18.880208333333332
14.772569444444445
0.0
18.880208333333332
14.772569444444445
0.0
0.7696519124445055
0.0
0.0
45.151626910794164
40.0
30.0
49.4064773081425
49.4064773081425
1110.75
34.75103600187353
0.2182535759110722
2376.4771219791255
2.1395247553266943
1152.0
226.0
253.0
65587605.0
0.9459297110480385
12.0
2.877253099406816
255.0
7.192848488136574
238.42795138888889
239.0
209.0
46.0
5.393968073228981
238.6078056054188
-0.17621010177011093
65587605.0
0.6403823664158952
85.79689233097028
4.550764917400808
2.101217408238563
2.015185757619962
0.3516708218308139
0.6763818027541464
0.1338198273072577
0.6698191043128181
0.1338198273072577
0.5638972833673077
0.1152705550358257
0.5389108458834724
1.4939324920433648
-0.3820976562146866
0.7068913108707229
0.9330900863463711
0.9866180172692742
0.9330900863463711
0.9665450431731857
0.1338198273072577
0.7202848882461863
1.3601126647361077
0.20255040751535097
86.60623471340944
0.41222943845615667
0.43981746215394996
4.373559683503921
82.7536713450654
356.5490612760316
20.582741511647953
0.39198329429896966
4.460191602379332
31.603980863906514
0.14640797213539825
0.1812065972222222
48.28795758858643
0.334851467471067
1.0874583052696534
0.19693197163512643
8.375
0.5234375
0.625
2.875
50918.125
208411.5
12649.850694444445
0.7395833333333334
2.375
0.1484375
0.3233693362039574
0.32822596429925477
0.3225081761462065
3.1493974703476955
0.013888888888888888
45734.125
2.9331414988857714
368.453125
0.3198377821180556
3.4453818238811724
737.7204861111111
0.20947868441358025
4.564236111111111
60.453125
277.3732638888889
14.937403549382717
0.27772955246913583
0.02818368355733497
0.10409799098394502
0.01350679116976616
