1.0
1.0
1.0
40.0
30.0
1.0
234.66833333333332
189.0
255.0
1.0
1.0
1.0
40.0
30.0
1.0
0.0
0.0
0.0
40.0
30.0
1.0
718.0
1.0
19.360724233983287
13.49025069637883
0.0
19.360724233983287
13.49025069637883
0.0
0.8355604588298076
0.0
0.0
46.824358955295395
40.0
30.0
49.4064773081425
49.4064773081425
651.75
39.124582853098225
0.2306912216879544
1575.8217196003602
2.417831560568255
718.0
236.0
255.0
44205564.0
0.995607488863335
13.0
2.2262267955005024
255.0
6.222212738883157
248.02228412256267
250.5
232.0
23.0
5.095824252665928
248.1282690122356
-0.7571839678598
44205564.0
0.5030415654751281
52.584461635151804
2.6239552560761465
1.579002309178048
0.7877845649702948
-0.20041519440356048
0.7488801420977687
0.22610334291599535
0.5360773698849544
0.22610334291599535
0.7646044164032034
0.17340023837442142
0.3391080191186966
1.7409858221203456
-0.2268168189364002
0.5893133931481327
0.8869483285420023
0.9547793314168009
0.8869483285420023
0.9246322190280015
0.22610334291599535
0.46595063772005046
1.5148824792043505
0.243745871253441
126.71568171093787
0.5153478559317282
0.24232607203413586
2.245890047123444
19.841644615838163
62.65536399786875
9.13821477033052
0.688527488219139
3.482428576647936
54.481282264014716
0.21524960289875167
0.3433147632311978
10.478085511509736
0.42643406971048387
0.8037602288439304
0.33210252992712225
5.0
0.5
0.25
2.5
11686.4
32071.1
6590.225
0.625
1.0
0.1
0.008233059974868026
0.017064490358935962
0.006025202378851044
3.3219280948873595
0.013927576601671309
6531.16
3.613939895325947
121.96657381615599
0.16986987996679107
3.815969770563543
361.18384401114207
0.24847921726243588
2.616991643454039
42.92200557103064
124.56963788300835
22.510097493036213
0.5957520891364902
0.03836280113252358
0.08549965378444786
0.026578587969542506
