1.0
1.0
1.0
40.0
30.0
1.0
242.17166666666665
193.0
255.0
1.0
1.0
1.0
40.0
30.0
1.0
0.0
0.0
0.0
40.0
30.0
1.0
920.0
1.0
19.76195652173913
14.708695652173914
0.0
19.76195652173913
14.708695652173914
0.0
0.7606248264762263
0.0
0.0
45.51103752812955
40.0
30.0
49.4064773081425
49.4064773081425
855.9166666666666
34.61682502258656
0.22135174191841214
1969.4978117363244
2.3010392114532072
920.0
240.0
255.0
56257304.0
0.9425025901951023
9.0
1.8606568771573384
255.0
4.638775992438563
247.22391304347826
247.0
237.0
18.0
4.213995938923436
247.28373071890692
-0.06381284787497152
56257304.0
0.5393218336483933
29.580297731569004
2.073347237986809
1.3871041433079159
0.8658942903442238
0.31068043234129694
0.7728619629787701
0.17593038387387627
0.6296770981868868
0.17593038387387627
0.6640846205386952
0.14363214486840872
0.38197168170526796
1.6188493954967023
-0.3189241737958499
0.6692667166709498
0.9120348080630618
0.9648139232252247
0.9120348080630618
0.941356538708708
0.17593038387387627
0.5249306647551462
1.4429190116228263
0.23719808671316162
134.47205564063395
0.5436972881126432
0.2281513559436784
2.0574212142142896
26.01184399252145
53.29024266049333
19.192244325528478
0.7356446964464276
3.9714084307467252
38.831376839660095
0.14993790723989542
0.2684782608695652
9.651790649026612
0.32314678850831846
0.6228110690336304
0.2482307183769905
8.764705882352942
0.5155709342560554
0.2422145328719723
2.764705882352941
14395.411764705883
24163.58823529412
11953.367647058823
0.5588235294117647
2.5294117647058822
0.14878892733564014
0.32021770923488085
0.729087186775179
0.21800033984980627
3.572469458770131
0.01847826086956522
11466.692041522489
3.593605244704967
170.67608695652174
0.18551748582230623
3.5607561436672968
496.1760869565217
0.2303390831758034
2.0793478260869565
50.51304347826087
105.9445652173913
36.65516304347826
0.7301630434782609
0.0353434670667784
0.07374367944641624
0.02574341397186894
