1.0
1.0
1.0
40.0
30.0
1.0
251.17416666666668
204.0
255.0
1.0
1.0
1.0
40.0
30.0
1.0
0.0
0.0
0.0
40.0
30.0
1.0
1114.0
2.0
20.40843806104129
15.096947935368043
0.0
20.40843806104129
15.096947935368043
0.0
0.7480624479411144
0.0
0.0
44.87643458310339
40.0
30.0
49.4064773081425
49.4064773081425
1075.5
33.5703755091056
0.2206479741799044
2300.688331470952
2.1391802245197136
1114.0
249.0
255.0
71287653.0
0.48473098816026483
1.0
8.061896163527098
255.0
1.7472916915123007
252.95421903052065
254.0
241.0
14.0
0.9474292184869786
252.96740339681818
-2.2980672254310393
71287653.0
0.8120074520788141
6.670255987932273
3.688598976685852
1.9089332765659952
0.6122257476926645
-0.3540197952967036
0.25467625439823144
0.0764017060242685
0.5380479102813088
0.0764017060242685
0.38806776323358744
0.07043717307774842
0.7640238467110015
0.7561945715560012
-0.2810841366676746
0.4641216905980131
0.9617991469878657
0.9847196587951463
0.9617991469878657
0.9745327646585772
0.0764017060242685
0.870732423553861
0.6797928655317329
0.08276949010562497
72.4447978056405
0.5106481323002635
0.24467593384986824
2.680763036794242
153.38880424756792
606.188246855095
40.18894359568613
0.5798092408014395
4.113464870046681
17.393051182057995
0.12203527085652524
0.1270197486535009
84.0969467593768
0.31263041171917466
0.4992876415354306
0.26596610426511064
5.888888888888889
0.654320987654321
0.1728395061728395
1.6666666666666667
109414.66666666667
436787.0
27571.583333333332
0.8333333333333334
1.4444444444444444
0.16049382716049382
0.010564370213928639
0.019823968888504285
0.008249470545284729
2.7254805569978653
0.00807899461400359
94093.72839506171
1.9054192159305812
540.2603231597845
0.4849733601075265
2.9171536411076264
904.5763016157989
0.09399627396059294
3.68491921005386
66.65888689407541
258.44075403949734
18.713420107719926
0.328770197486535
0.02137128047575171
0.06500541548323566
0.010462746723880723
