1.0
1.0
1.0
40.0
30.0
1.0
218.08583333333334
99.0
255.0
1.0
1.0
1.0
40.0
30.0
1.0
0.0
0.0
0.0
40.0
30.0
1.0
964.0
1.0
20.054979253112034
14.647302904564315
0.0
20.054979253112034
14.647302904564315
0.0
0.7555834775962558
0.0
0.0
47.834322006194334
40.0
30.0
49.4064773081425
49.4064773081425
913.5833333333334
36.142823369899425
0.2247145156469371
2026.213056531947
2.2178743663580556
964.0
216.0
254.0
52931191.0
1.450971068832353
17.0
3.0721480377938475
255.0
11.277534822058847
233.8765560165975
233.0
194.0
61.0
8.340243933234012
234.3242934083613
-0.4768214990073256
52931191.0
0.4480875845801553
209.63102714312774
9.385303449932033
3.0167513129740398
6.402203276931523
-0.2580389733596993
1.3737808299512082
0.23577043984490556
0.705495883467836
0.22076221838409513
0.785560847045099
0.18525802794342716
0.34896979195760514
2.1715754169112382
-0.40387022398232064
0.810373710411837
0.8911197129540335
0.9863960015643141
0.8921202610514208
0.9563478303718747
0.20763002460588603
0.5546075830340961
1.9284011523777367
0.40238781744902835
84.70638803548906
0.31566309604027853
0.7374885012559316
7.587700991538223
33.114252549815426
341.6186082667123
3.643701375733091
0.2378498393598558
4.209349774279272
58.92268187673379
0.21261140819207774
0.2785269709543568
18.523404230924097
0.45652574005779006
2.4430660986899992
0.16464593569642488
14.575757575757576
0.44168962350780533
1.0101010101010102
3.787878787878788
12006.181818181818
113861.9696969697
1315.4156144781145
0.6776094276094276
11.06060606060606
0.3351698806244261
0.595503506775588
1.0379601433273797
0.5251383138575936
2.8625759375402673
0.03423236514522822
11152.833792470154
3.6716896930963445
196.08298755186723
0.20340558874675022
4.8856768995024185
431.9564315352697
0.4633044799504141
9.345435684647303
50.74273858921162
515.1504149377594
5.6094038151221755
0.14847712079299216
0.05225637238912777
0.28942146046408423
0.02435392693972418
