1.0
1.0
1.0
40.0
30.0
1.0
192.78333333333333
108.0
253.0
1.0
1.0
1.0
40.0
30.0
1.0
0.0
0.0
0.0
40.0
30.0
1.0
686.0
2.0
21.112244897959183
18.355685131195337
0.0
21.112244897959183
18.355685131195337
0.0
0.7109142078961221
0.0
0.0
44.16140126351976
40.0
30.0
46.400431032480725
46.400431032480725
638.1666666666666
31.39496759883795
0.24428160998909676
1467.4030862646725
2.299404157113616
686.0
196.5
240.0
34549038.0
1.418114973048917
22.0
2.5666118725453653
253.0
13.116465078326208
223.84839650145773
229.0
188.0
65.0
9.360933944783845
224.41708748337092
-0.7446425142261361
34549038.0
0.4443259186223427
254.92453824511895
7.072014471584632
2.601408951119055
7.277308124170494
-1.7817284535019904
1.5062271395450502
0.28787055107189125
0.6787237233572342
0.26125560434481854
0.8779903005115324
0.21834766889914736
0.35011224327887724
2.231901922738495
-0.30823151165075713
0.7415984150475411
0.8720336925002979
0.9835361137027194
0.8738080222821027
0.9486360440219388
0.23796752595862994
0.5613276791459139
1.92062582501755
0.4485244226542353
74.32825289171033
0.3251643056559598
0.677189841437027
5.106656078375696
22.550303078443132
185.41296868962453
3.5099570147250088
0.3997492328165192
3.854119215879263
64.07164536736077
0.2752795939599472
0.3330903790087464
13.042235207197217
0.5244942416988437
1.9455621394022355
0.2791248839720263
18.954545454545453
0.43078512396694213
0.6508264462809917
3.1818181818181817
3952.1363636363635
34730.704545454544
486.69412878787875
0.6581439393939393
8.0
0.18181818181818182
0.4209410090620926
0.6937062892079232
0.3692374198647897
3.6942612348780464
0.0641399416909621
3709.0599173553724
3.813661519882401
113.91836734693878
0.16606175998096032
5.569805098215879
304.8075801749271
0.5296708854303904
6.852769679300292
45.70553935860058
364.80320699708454
7.56620505344995
0.2549400712666019
0.06658877023976635
0.24681639668068933
0.03906562863375563
