1.0
1.0
1.0
40.0
30.0
1.0
184.535
86.0
253.0
1.0
1.0
1.0
40.0
30.0
1.0
0.0
0.0
0.0
40.0
30.0
1.0
693.0
3.0
17.5021645021645
15.20923520923521
0.0
17.5021645021645
15.20923520923521
0.0
0.7559302991290918
0.0
0.0
44.691573282703
40.0
30.0
49.4064773081425
49.4064773081425
638.6666666666666
33.7837143601434
0.2395357311074384
1497.2580348095037
2.3443497413509977
693.0
187.0
236.0
31495988.0
1.6635001939525664
28.0
2.2156274310726496
253.0
15.195767195767194
212.4126984126984
211.0
180.0
73.0
11.76726377346876
213.18713876018913
0.15196412414806768
31495988.0
0.3408294447255486
329.601685792162
4.852172266175689
2.1086191807996126
10.201317234754146
0.7681512928333001
2.0057516496431056
0.38283027144190007
0.6798351161652774
0.36646478363363133
0.9817261377371124
0.24432811094784768
0.17671879657270653
2.831782943638378
-0.282790621228664
0.7693889467946856
0.8184041569640113
0.9777693749941518
0.8194951894845625
0.9272525595335493
0.35214498180139625
0.31055400054786103
2.4236809093548395
0.5971454802712512
103.52730773327993
0.3396051292228507
0.6517009376101462
4.250571079733303
8.804373460680502
44.54860540973293
3.046427107105202
0.4871101509060225
3.7527990952561536
89.506087517162
0.2853465283390572
0.4401154401154401
3.2922788136452112
0.5234475328684429
1.8767499333661464
0.2990603141279501
13.266666666666667
0.44222222222222224
0.9288888888888889
3.933333333333333
2050.633333333333
8841.366666666667
633.1178240740741
0.656712962962963
2.8
0.09333333333333334
0.22325005619824276
0.31752166351460287
0.2113150933166695
4.119902579793951
0.04329004329004329
1517.0233333333335
4.4684877774797425
99.2943722943723
0.14328192250270172
3.7243096810196383
236.19480519480518
0.6237181128956021
4.757575757575758
33.74458874458875
178.67676767676767
11.341861071027736
0.4133898508898509
0.05962119144328139
0.21554419269177397
0.034795786760144644
