1.0
1.0
1.0
40.0
30.0
1.0
225.155
121.0
255.0
1.0
1.0
1.0
40.0
30.0
1.0
0.0
0.0
0.0
40.0
30.0
1.0
886.0
1.0
20.313769751693002
13.469525959367946
0.0
20.313769751693002
13.469525959367946
0.0
0.7607318626462921
0.0
0.0
41.368621972528636
40.0
30.0
43.829214001622255
43.829214001622255
851.9166666666666
31.470428848272032
0.2364554206151333
1837.946758185042
2.1574255207102127
886.0
222.5
255.0
51809249.0
1.4265123331622278
22.0
2.2009454215101805
255.0
11.108841318936658
241.47516930022573
244.0
211.0
44.0
9.156394194666635
241.8169769445488
-0.6029689970188681
51809249.0
0.3967943785700819
165.19295002777082
5.6652424703124264
2.3112668783942927
4.513034158234072
-0.4752330975637404
1.4787685627475768
0.18580029978795476
0.776308740998298
0.18396655348231544
0.6903632705572633
0.1511102761157344
0.30453642681785587
2.0967059980654663
-0.4651804262537407
0.8459264933073761
0.9082000978894061
0.9815046044660801
0.9083223476431154
0.9541000489447031
0.18236202546488106
0.39585848978242894
1.9053369238589328
0.416142215633883
73.66808301957386
0.35614652509624
0.5549618859768727
4.012105111666795
39.75674103492254
266.9689538090113
7.838621248830748
0.48849862102837277
4.188903014652626
36.522055393217336
0.17168272261033005
0.23363431151241537
19.975837317949544
0.38471975426027843
0.966645082247256
0.2781598827710687
8.076923076923077
0.621301775147929
0.5443786982248522
2.4615384615384617
20573.53846153846
116549.15384615384
4336.215811965812
0.8055555555555555
1.1538461538461537
0.08875739644970414
0.11103085766757562
0.11123544076888682
0.11100794189152029
3.5465935642949344
0.014672686230248307
15928.591715976332
3.544471996720365
216.803611738149
0.2446993360475722
4.07089462876244
351.55981941309255
0.458994695514372
5.590293453724605
54.92099322799097
343.80474040632055
11.782072987208428
0.293861299222473
0.030296024970894637
0.12305768798197317
0.015341999913243174
