1.0
1.0
1.0
40.0
30.0
1.0
243.54083333333332
209.0
255.0
1.0
1.0
1.0
40.0
30.0
1.0
0.0
0.0
0.0
40.0
30.0
1.0
920.0
1.0
21.565217391304348
14.865217391304348
0.0
21.565217391304348
14.865217391304348
0.0
0.7824260655303018
0.0
0.0
45.2798338434735
40.0
30.0
49.4064773081425
49.4064773081425
861.0
35.42812224201477
0.22303034912096625
1962.406293123218
2.279217529759835
920.0
241.0
254.0
56561159.0
0.9850989582991971
9.0
1.6910278732095698
255.0
4.466155482041587
247.89891304347827
248.0
239.0
16.0
3.7908002520478883
247.9506415643523
-0.14723183801756062
56561159.0
0.5102930056710775
25.649564035916832
2.2499654098941484
1.449637734482061
0.8102603119906657
0.14010789867961598
0.791938672917823
0.19789558710407035
0.6002142422328951
0.19789558710407035
0.7096317177376741
0.15702781820823042
0.3480550517808228
1.7004799267110928
-0.28698931717235726
0.6487415277028745
0.9010522064479648
0.960420882579186
0.9010522064479648
0.9340348042986432
0.19789558710407035
0.45141447196590373
1.5025843396070229
0.24745856500547336
134.17894959449757
0.5188132207116148
0.24059338964419258
2.210686807915637
26.434238497330682
60.922507229842346
17.81217131420277
0.6973282980210906
3.843041269925733
46.28453841371306
0.1729536392660939
0.28152173913043477
11.956105812765802
0.3494381220163658
0.6857275320994781
0.26536576949558777
5.909090909090909
0.5371900826446281
0.23140495867768596
2.909090909090909
25880.363636363636
34417.818181818184
23746.0
0.5227272727272727
1.0
0.09090909090909091
0.10230264694629759
0.10542372961005193
0.101522376280359
3.4594316186372938
0.011956521739130435
18885.322314049587
3.6422516633249433
164.95217391304348
0.17929584120982986
3.6864083175803404
469.4695652173913
0.24485349716446128
2.284782608695652
49.219565217391306
114.15
32.98695652173913
0.678804347826087
0.03267687177528016
0.06975801661244208
0.02340658556598968
