1.0
1.0
1.0
40.0
30.0
1.0
232.035
209.0
255.0
1.0
1.0
1.0
40.0
30.0
1.0
0.0
0.0
0.0
40.0
30.0
1.0
796.0
4.0
22.425879396984925
16.092964824120603
0.0
22.425879396984925
16.092964824120603
0.0
0.653264751077829
0.0
0.0
46.45194865800879
40.0
30.0
48.82622246293481
48.82622246293481
737.0833333333334
30.345420677154202
0.23177543696488612
1702.528706903565
2.3098184830800204
796.0
231.0
247.0
44908457.0
0.2545983724627149
10.0
2.192307526982845
255.0
5.593135274361758
237.43844221105527
235.0
230.0
25.0
4.667032135118906
237.5240188859617
0.6731670216916883
44908457.0
0.9182217620767152
40.64570812605743
1.1246528386605226
1.0485137034597034
0.39043964189665137
0.22034438745403834
0.1428519164390198
0.0417765434371752
0.5515642392566451
0.0417765434371752
0.24694104230047575
0.039853560311648356
0.8678322097502542
0.4687298372119415
-0.32938292767720934
0.39961733651456055
0.9791117282814124
0.991644691312565
0.9791117282814124
0.9860744855209416
0.0417765434371752
0.9305980248217092
0.42695329377476665
0.04615711496904874
97.6863277109185
0.7930472874326397
0.10347635628368015
1.3519872014715968
94.39357449439837
97.49653171831805
93.61783518841844
0.9120031996321007
4.064105420472751
13.192714503959593
0.10151973519446526
0.15483668341708542
37.18657407183437
0.1838479528032223
0.30123452465619494
0.15450130983997915
3.5714285714285716
0.5102040816326531
0.24489795918367346
2.2857142857142856
38346.857142857145
38551.71428571428
38295.642857142855
0.6785714285714286
1.2857142857142858
0.1836734693877551
0.010202682872821483
0.02858562854108571
0.005606946455755424
2.807354922057602
0.008793969849246231
25415.918367346934
2.1061637825413513
299.56532663316585
0.3763383500416656
2.6013168859372238
730.9045226130653
0.040889118961642386
1.1281407035175879
62.8391959798995
67.15075376884423
61.76130653266332
0.967964824120603
0.02030970331786167
0.025498692125277434
0.019012456116007728
