1.0
1.0
1.0
40.0
30.0
1.0
229.515
175.0
254.0
1.0
1.0
1.0
40.0
30.0
1.0
0.0
0.0
0.0
40.0
30.0
1.0
951.0
1.0
17.004206098843323
12.170347003154575
0.0
17.004206098843323
12.170347003154575
0.0
0.6452952229044225
0.0
0.0
45.89340726494059
40.0
30.0
49.4064773081425
49.4064773081425
916.6666666666666
29.614796470873284
0.23270350535293682
1961.0507151079114
2.1393280528449945
951.0
229.0
243.0
53526456.0
0.4260401998902227
6.0
4.016424894915814
254.0
4.510709298198475
237.16508937960043
238.0
219.0
35.0
2.739800347222221
237.24331638044606
-0.7650822379113232
53526456.0
0.8638082001236177
37.1115467585728
3.902369340306149
1.966924722626632
0.5539706294845729
-0.1796701817912539
0.1872806422701691
0.05303485742270167
0.5532220841177861
0.05303485742270167
0.297805110698639
0.050132628424639517
0.8340552893342414
0.6333794667321224
-0.3267817212398776
0.46310056196192884
0.9734825712886492
0.9946965142577299
0.9734825712886492
0.9867412856443245
0.05303485742270167
0.912294692777678
0.5803446093094214
0.06007887492321769
48.42724935802282
0.48114936576761397
0.33672723715077335
3.5769058866869647
214.89618863294072
854.1454667472073
55.35871163486577
0.45487442920312965
4.283376876060174
11.379744400983823
0.112253011294462
0.10541535226077814
107.07301703407273
0.2670376877480271
0.8654480882595411
0.18060732103190902
3.25
0.40625
0.859375
5.375
97424.375
389202.875
24487.666666666664
0.4618055555555556
1.0
0.125
0.18178015080185214
1.522058410631861
0.03286027720237454
2.9999999999999973
0.008412197686645636
83293.109375
1.6492248522908897
525.279705573081
0.5523445905079716
2.4496899052522054
821.4815983175605
0.07051075794918404
3.891692954784437
68.98107255520505
272.3333333333333
18.36850099310667
0.2922654515714453
0.020567498302432707
0.08165096168544919
0.007799845448850569
