1.0
1.0
1.0
40.0
30.0
1.0
216.86416666666668
156.0
255.0
1.0
1.0
1.0
40.0
30.0
1.0
0.0
0.0
0.0
40.0
30.0
1.0
865.0
2.0
19.82543352601156
14.0
0.0
19.82543352601156
14.0
0.0
0.6586282569218389
0.0
0.0
45.002595953001425
40.0
30.0
49.4064773081425
49.4064773081425
813.3333333333334
29.63998132948313
0.23080447692104838
1825.6559783879798
2.2446589898212865
865.0
213.0
241.0
44801273.0
1.214180644137644
15.0
2.8603042836989325
255.0
8.78856226402486
227.321387283237
227.0
209.0
46.0
6.454327893833266
227.5815879871468
0.43464401896594973
44801273.0
0.4649630792876474
118.36607437602324
3.009613870056552
1.6746031485928308
2.689224542292447
0.12598776603158357
1.045501052472621
0.2245206969338181
0.6459485126394546
0.2245206969338181
0.7585701789002572
0.17178117308450558
0.3160628495141953
2.028334473056281
-0.31201409853885426
0.7161550305383442
0.887739651533091
0.9775479303066181
0.887739651533091
0.9438698257665455
0.2245206969338181
0.46427802738095325
1.8038137761224635
0.3175054373516098
112.31487267012626
0.43762364834375783
0.3978277905179231
2.848943281182188
27.24289781616415
86.3999333502725
13.094136077577156
0.6224402483249254
4.009126216607539
59.71848461495027
0.22007589400138922
0.2971098265895954
14.069339321939083
0.45192982490177547
1.199076585821623
0.3070348831483595
8.894736842105264
0.46814404432132967
0.5650969529085872
2.8947368421052633
10998.157894736842
36383.52631578947
4696.5526315789475
0.7017543859649124
1.736842105263158
0.09141274238227147
0.11520362165886827
0.2685075852352463
0.09180570580000728
3.9976702764876086
0.021965317919075144
8925.51246537396
3.842143254993339
159.44161849710983
0.18432557051688997
4.634841123993452
402.19306358381505
0.3257121855056968
3.009248554913295
48.50057803468208
150.0520231213873
24.640012845215157
0.5503532434168272
0.03903512481849944
0.10842019982902175
0.024749243343118545
