1.0
1.0
1.0
40.0
30.0
1.0
230.39
195.0
255.0
1.0
1.0
1.0
40.0
30.0
1.0
0.0
0.0
0.0
40.0
30.0
1.0
837.0
1.0
19.19115890083632
13.124253285543608
0.0
19.19115890083632
13.124253285543608
0.0
0.6878816610037087
0.0
0.0
43.419796025595566
40.0
30.0
46.647615158762406
46.647615158762406
786.6666666666666
29.867681410528906
0.2318836528704061
1777.219856108647
2.2591777831889583
837.0
229.0
245.0
46873104.0
0.27175269469961477
8.0
3.321765035264557
255.0
4.859704040572734
236.56391875746715
236.0
227.0
28.0
3.34003405543468
236.64597819615648
0.7398281820264299
46873104.0
0.9111522205521512
38.83133852625508
1.112469347791113
1.04470356109293
0.3368939624770202
0.1927829388488663
0.12753213106490532
0.04328267097535533
0.491104213179631
0.04328267097535533
0.2559541888407281
0.04134157827995405
0.8732510206999157
0.4552834821301048
-0.27027294301824
0.35810958895884115
0.9783586645123223
0.9913434658049289
0.9783586645123223
0.9855724430082149
0.04328267097535533
0.9336551034193922
0.4120008111547498
0.04270370051006516
80.04787935779481
0.6946938199521
0.15265309002395
1.5641906152679945
124.60891354216267
127.55508280927594
123.87237122538436
0.8589523461830013
4.157488584507649
12.111830720800107
0.10177666080723263
0.13739545997610514
62.54508642632482
0.2315215222259736
0.5704895428547646
0.1467795170687759
6.25
0.78125
0.109375
3.625
79655.875
79822.0
79614.34375
0.34375
1.25
0.15625
0.18958256779165958
0.7583296822884278
0.04739578916746754
2.7499999999999973
0.009557945041816009
68709.484375
2.100316793178267
324.60334528076464
0.38781761682289684
2.6221856804968535
762.6344086021505
0.04442388972392441
1.1397849462365592
65.04540023894863
68.59020310633214
64.15919952210275
0.9650537634408602
0.022043649100420733
0.03647539657705642
0.01843571223126181
