1.0
1.0
1.0
40.0
30.0
1.0
253.4875
213.0
255.0
1.0
1.0
1.0
40.0
30.0
1.0
0.0
0.0
0.0
40.0
30.0
1.0
1166.0
1.0
20.027444253859347
14.786449399656947
0.0
20.027444253859347
14.786449399656947
0.0
0.7532134803884767
0.0
0.0
45.211671193708504
40.0
30.0
48.60041152089147
48.60041152089147
1132.4166666666667
34.054040213992614
0.22005425777252302
2387.583213704439
2.1083963915264747
1166.0
254.0
255.0
75385756.0
0.1724983462488883
1.0
26.42438263116856
255.0
0.8185025111139218
254.26586620926244
255.0
241.0
14.0
0.4773822120739611
254.27014577529556
-4.321564449231365
75385756.0
0.9498659856600242
2.1763134435065563
3.929200437398306
1.9796166417576335
0.17435670432546352
-0.09764558531470886
0.060567168701337576
0.019298975749189585
0.5114130544710105
0.019298975749189585
0.13664790349046818
0.01890558734911387
0.9411613404256226
0.24061729451509206
-0.3197975442178901
0.29042799112846246
0.9903505121254053
0.996140204850162
0.9903505121254053
0.9935670080836034
0.019298975749189585
0.9699671538830388
0.22131831876590283
0.019966536112631786
45.45036223952633
0.6233196771607034
0.18834016141964832
3.233587422209713
469.60940154903005
1875.202701420813
118.21107658108433
0.44160314444757176
3.904364588176204
8.83895299746693
0.14023802428792675
0.0619639794168096
155.98509659906568
0.19841889574641736
0.288409892888968
0.17592114646077972
5.285714285714286
0.7551020408163265
0.12244897959183673
1.4285714285714286
184403.7142857143
737473.4285714285
46136.28571428572
0.8928571428571429
1.5714285714285714
0.22448979591836735
0.35993314641369345
0.3599334785119166
0.35993306338913766
2.2359263506290312
0.006003430531732418
156657.67346938775
0.9762236246956383
843.8130360205832
0.7236818490742566
1.6067569118153278
1107.5437392795884
0.02506700716998785
3.922813036020583
73.92967409948542
294.0566037735849
18.89794168096055
0.2692967409948542
0.01812181480336242
0.06044149107772199
0.007541895734772532
