1.0
1.0
1.0
40.0
30.0
1.0
219.4175
183.0
249.0
1.0
1.0
1.0
40.0
30.0
1.0
0.0
0.0
0.0
40.0
30.0
1.0
814.0
3.0
18.633906633906633
16.159705159705158
0.0
18.633906633906633
16.159705159705158
0.0
0.818379093380243
0.0
0.0
44.26465226895274
40.0
30.0
49.4064773081425
49.4064773081425
760.3333333333334
36.22526599265726
0.23336120091033033
1726.334012396572
2.2704962898683543
814.0
219.0
236.0
42444054.0
0.8572523504338155
8.0
2.9833276713241634
249.0
5.209467005535802
228.25061425061426
228.0
215.0
34.0
3.722991949700712
228.34748188139164
0.16973346361360298
42444054.0
0.5956359531298105
44.22957578977233
3.20214619459355
1.7571867375183983
0.9573517004917615
-0.5408307874050655
0.5964089236797631
0.13882803592329135
0.6210313714675083
0.13882803592329135
0.5775395626694428
0.11894224263911359
0.5134392775593593
1.3393665918409599
-0.32376201963841683
0.6293881275728335
0.9305859820383543
0.9722343928153416
0.9305859820383543
0.9537239880255696
0.13882803592329135
0.6877727195567529
1.200538555917669
0.18380923990076362
94.05448468361507
0.5071675209633513
0.24641623951832436
2.3397143847443855
42.58283149965303
155.10764249286
14.451628751351294
0.6650714038139036
3.918778113983235
30.66255786812185
0.15933785089285563
0.2281941031941032
21.281213833727428
0.37589797368562594
0.5847181179543944
0.32369293761843393
8.384615384615385
0.6449704142011834
0.1775147928994083
1.6923076923076923
26947.69230769231
104315.61538461539
7605.711538461538
0.8269230769230769
1.7692307692307692
0.13609467455621302
0.25861566846039896
0.33073174144394496
0.24058665021451248
3.026986833359284
0.01597051597051597
23027.005917159764
3.036090148643406
208.06879606879608
0.25561277158328755
4.050649264408477
484.84766584766584
0.2021820234350947
3.156019656019656
55.52334152334152
193.9103194103194
20.926597051597053
0.460995085995086
0.03234427667463382
0.07614951396201397
0.021392967352788783
