1.0
1.0
1.0
40.0
30.0
1.0
229.52833333333334
184.0
253.0
1.0
1.0
1.0
40.0
30.0
1.0
0.0
0.0
0.0
40.0
30.0
1.0
955.0
1.0
19.969633507853402
13.996858638743456
0.0
19.969633507853402
13.996858638743456
0.0
0.7793000785587549
0.0
0.0
46.30783020605297
40.0
30.0
49.4064773081425
49.4064773081425
898.1666666666666
36.08769571746256
0.2213264710747189
2034.020787854508
2.2646362455236684
955.0
227.0
243.0
52543216.0
0.363145828641587
9.0
2.7812523013991286
253.0
5.199682026260247
234.47329842931939
234.0
223.0
30.0
3.714952747063322
234.56145110727323
0.5079331557975337
52543216.0
0.8919722595323593
41.34666922507606
3.9667858143031167
1.9893849064321505
0.22269236737637077
-0.003652765210300813
0.11197075327254047
0.07544289679101117
0.19566335256857678
0.07544289679101117
0.385475681173133
0.0697088833298953
0.8394494468473176
0.613566277764146
-0.0742047611582495
0.20936712302611382
0.9622785516044945
0.9924557103208989
0.9622785516044945
0.9811392758022472
0.07544289679101117
0.9153109146344744
0.5381233809731354
0.04685341251588791
89.69624086461047
0.5557683961766086
0.26993571940562505
3.68752591730472
82.98803670512223
331.957003940855
20.938911915046678
0.4070763610045575
4.087248974680616
21.123832136820905
0.13184223430724087
0.16727748691099475
44.233089043111804
0.33982064268775736
0.9874597000801891
0.23276981576972422
20.6875
0.646484375
0.6162109375
2.59375
25372.96875
101495.3125
6344.605034722223
0.8098958333333334
12.25
0.3828125
0.6338976079391001
1.4342449456452895
0.5449701099323059
2.2573556752231867
0.033507853403141365
24482.3193359375
2.1619890354934665
329.20942408376965
0.34472191003536085
3.673041857405225
851.8335078534031
0.056013815410761766
3.9643979057591623
62.37591623036649
250.25130890052355
15.658376963350785
0.27751599767306573
0.04225885329893059
0.12603075932719413
0.02595358605435581
