1.0
1.0
1.0
40.0
30.0
1.0
230.00583333333333
198.0
255.0
1.0
1.0
1.0
40.0
30.0
1.0
0.0
0.0
0.0
40.0
30.0
1.0
1048.0
1.0
19.299618320610687
13.672709923664122
0.0
19.299618320610687
13.672709923664122
0.0
0.7299226988328883
0.0
0.0
48.15338225482803
40.0
30.0
49.4064773081425
49.4064773081425
1002.0
35.14824673337579
0.2218865722513476
2182.3860873229296
2.178030027268393
1048.0
226.0
242.0
56923103.0
0.46543642481342584
8.0
4.773335251176396
255.0
4.911864110483071
232.96469465648855
232.0
222.0
33.0
3.281295731764665
233.05779964871212
1.2839296145774122
56923103.0
0.8560708146378415
43.38902070829205
4.0657636580285725
2.009596533357908
0.5031326539864276
0.09920798538266576
0.18328540518448794
0.07421594378116117
0.4229122787918735
0.07421594378116117
0.380989556185386
0.06866297834411515
0.809070140152025
0.7261778614062212
-0.22080373079387888
0.40344505184094853
0.9628920281094194
0.9925784056218838
0.9628920281094194
0.9814460140547097
0.07421594378116117
0.8984065316219008
0.6519619176250606
0.06437533724141228
69.0906504670751
0.4706754037518341
0.3625043824411645
4.002234622695804
117.33069558845506
472.0747107584816
29.507501606445352
0.4051314706333286
4.365867892978219
18.647055728887675
0.12804664141367644
0.13859732824427481
60.924034439012665
0.3435694604653019
1.095573820435889
0.23022149981827367
14.583333333333334
0.6076388888888888
0.6649305555555556
2.7916666666666665
39065.75
156342.75
9767.194444444443
0.7835648148148149
4.583333333333333
0.1909722222222222
0.3796390698302536
0.734436591322358
0.3402171044698717
2.959147917027241
0.022900763358778626
37158.97222222222
2.003128861101347
467.4751908396947
0.4460641133966552
3.3603046151156697
897.162213740458
0.07633223588368976
4.083969465648855
65.63167938931298
267.456106870229
16.41284987277354
0.2724766751484309
0.03054228146234462
0.10157063481845947
0.016193685079690705
