1.0
1.0
1.0
40.0
30.0
1.0
220.82166666666666
177.0
250.0
1.0
1.0
1.0
40.0
30.0
1.0
0.0
0.0
0.0
40.0
30.0
1.0
925.0
1.0
18.164324324324323
14.433513513513514
0.0
18.164324324324323
14.433513513513514
0.0
0.7836718061638012
0.0
0.0
46.30003163084572
40.0
30.0
49.4064773081425
49.4064773081425
875.0833333333334
36.284029413586
0.22712080577119043
1948.0203038975878
2.226096909510623
925.0
219.0
238.0
48467429.0
0.8343873313368197
9.0
2.7685914651818684
250.0
5.675738787436085
228.79243243243243
229.0
212.0
38.0
3.9367537082735216
228.90439170217016
-0.14051253353299606
48467429.0
0.6162056975894813
51.24340219138056
3.248116906483121
1.7767420707356856
0.8740666581368165
-0.48808771946594753
0.5340965534362884
0.16895797062984802
0.5185624353843342
0.16895797062984802
0.6529260341591897
0.139947472972975
0.5102557786519855
1.3853763523457872
-0.22546074421343443
0.5392523258635572
0.915521014685076
0.9831042029370152
0.915521014685076
0.9577605073425379
0.16895797062984802
0.6898934058297742
1.2164183817159395
0.1757636310165341
111.04369278078222
0.4988168481384888
0.25801356776171935
2.41921456269462
40.75801024868767
151.5939979391479
13.054129578220632
0.6503126114743598
3.7709669170725104
40.97198597881977
0.18060785699924073
0.2408108108108108
22.158730403827967
0.4126215021262942
0.6771230096190145
0.35161237740112894
9.461538461538462
0.727810650887574
0.33136094674556216
1.8461538461538463
37318.846153846156
145918.53846153847
10169.008547008549
0.8739316239316239
1.4615384615384615
0.11242603550295859
0.24124768227400095
0.8566327880351405
0.17287149130380147
3.5465935642949344
0.014054054054054054
32255.976331360947
3.0587962914912743
220.35135135135135
0.23821767713659606
4.3578390065741415
569.9902702702702
0.1927316289262235
3.2335135135135133
54.392432432432436
195.08648648648648
19.220120120120118
0.4428228228228228
0.03397734945830184
0.08749875555827936
0.02179819913450866
