1.0
1.0
1.0
40.0
30.0
1.0
216.57416666666666
172.0
254.0
1.0
1.0
1.0
40.0
30.0
1.0
0.0
0.0
0.0
40.0
30.0
1.0
742.0
2.0
18.60377358490566
16.68059299191375
0.0
18.60377358490566
16.68059299191375
0.0
0.6052777751252348
0.0
0.0
51.740450845842794
40.0
30.0
49.4064773081425
49.4064773081425
686.4166666666666
31.317344971948298
0.2363849544260179
1591.9258694530442
2.319183007580009
742.0
217.0
241.0
39148168.0
1.002653488751127
14.0
2.304116958538795
254.0
7.69226465951279
229.51212938005392
230.0
213.0
41.0
5.874112026930027
229.69617809577488
0.11890788516152014
39148168.0
0.5417172208862185
84.51669923932549
3.084819313323639
1.7155184314436986
1.2349274055361057
-0.4229454615508762
0.7366719218454386
0.1694155114314408
0.6259015161438892
0.1694155114314408
0.6528073352248395
0.14002114687322553
0.4300561451692149
1.6195726076928112
-0.3143238765603764
0.6686640916606174
0.9152922442842796
0.9830584488568559
0.9152922442842796
0.9576461221421397
0.1694155114314408
0.6078389010197145
1.450157096261371
0.22652185831921987
94.08461006285818
0.471010956592097
0.3162078923305113
2.630144077904976
31.01743933229818
107.52348146581608
11.98606156617182
0.6298305946929892
3.888328747001786
42.20647653557636
0.2049736219489227
0.2695417789757412
16.06936137243993
0.4412916885855909
1.040777332215133
0.3221806136994473
6.5
0.40625
0.484375
3.125
8703.5
30528.375
3250.9618055555557
0.6076388888888888
1.625
0.1015625
0.21255348089354695
0.5424957500555354
0.14884625827425169
3.8749999999999947
0.0215633423180593
6552.859375
3.4467896116198604
153.59838274932613
0.20700590667025087
4.614373624138157
401.95417789757414
0.24115634149708298
3.070080862533693
51.45013477088949
169.911051212938
21.968179095537586
0.49595687331536387
0.03854664014203065
0.104208238002199
0.024073355748034462
