1.0
1.0
1.0
40.0
30.0
1.0
237.43916666666667
212.0
247.0
1.0
1.0
1.0
40.0
30.0
1.0
0.0
0.0
0.0
40.0
30.0
1.0
919.0
1.0
20.363438520130575
14.516866158868336
0.0
20.363438520130575
14.516866158868336
0.0
0.648553753485514
0.0
0.0
49.48082264609385
40.0
30.0
48.82622246293481
48.82622246293481
869.0
32.09097325267519
0.22735729077166916
1936.964925647801
2.228958487511854
919.0
236.0
244.0
53291801.0
-3.203426503814917e-16
4.0
2.5198540506519365
247.0
2.5138527590073436
240.78890097932535
241.0
234.0
13.0
1.947543575300242
240.80884964524174
-0.37886085112328904
53291801.0
1.0
9.607232633285223
1.0
1.0
0.0
0.0
0.0
0.0
1.0
0.0
-3.203426503814917e-16
0.0
1.0
-3.203426503814917e-16
0.0
0.0
1.0
1.0
1.0
1.0
0.0
1.0
-3.203426503814917e-16
0.0
80.75
1.0
0.0
1.0
230.3422598612821
230.3422598612821
230.3422598612821
1.0
4.225927320294445
4.990092764162637
0.062036744813748
0.08786724700761697
76.19034323304953
0.13032422970893945
0.13032422970893945
0.13032422970893945
1.0
1.0
0.0
1.0
844561.0
844561.0
844561.0
1.0
1.0
1.0
1.1840470966573166e-06
1.1840470966573166e-06
1.1840470966573166e-06
-3.203426503814917e-16
0.001088139281828074
0.0
1.3310138502829063
527.0043525571273
0.5734541377117817
1.769207908013749
919.0
0.0
1.0
70.61044613710555
70.61044613710555
70.61044613710555
1.0
0.017045024504381206
0.017045024504381206
0.017045024504381206
