1.0
1.0
1.0
40.0
30.0
1.0
240.53583333333333
213.0
255.0
1.0
1.0
1.0
40.0
30.0
1.0
0.0
0.0
0.0
40.0
30.0
1.0
719.0
2.0
19.248956884561892
12.14047287899861
0.0
19.248956884561892
12.14047287899861
0.0
0.7485332563017878
0.0
0.0
47.562690677186005
40.0
30.0
49.4064773081425
49.4064773081425
651.4166666666666
35.60225573106872
0.2311489625866114
1572.1648653508685
2.4134550830510966
719.0
240.0
252.0
43232125.0
0.6374942008418709
6.0
2.4231001454190895
255.0
3.4931223051642175
245.17524339360222
244.0
240.0
15.0
3.0032270787765794
245.21037772964326
0.6451448530374257
43232125.0
0.7293877100980539
17.22937320223382
1.4828999234657936
1.1796000120300612
0.9285758820563298
0.5404876891889998
0.47751240577508297
0.11180022524878105
0.6212171101468343
0.11180022524878105
0.4999771868693181
0.09860519324945584
0.6067384912386122
1.1285513753474958
-0.3387300228165242
0.5990769163906001
0.9440998873756095
0.9776399549502438
0.9440998873756095
0.9627332582504062
0.11180022524878105
0.7644998753455481
1.0167511500987152
0.14732815775596603
115.37117476153617
0.6507120897759932
0.17464395511200342
1.679599463314135
30.937411145195437
39.814053500694335
28.718250556320715
0.8301001341714662
3.7939751340486096
27.757222920982542
0.1504638901869056
0.24721835883171073
12.203931984862628
0.2424163889820538
0.46705907491233184
0.18625571749948433
5.0
0.625
0.1875
3.25
24125.125
25299.625
23831.5
0.4375
1.25
0.15625
0.03558746161256302
0.14234041136806075
0.008899224173688592
2.7499999999999973
0.011126564673157162
16047.609375
3.108951300902497
144.11265646731573
0.20043484905050865
2.92579130727463
524.4297635605006
0.1353061449509731
1.4840055632823366
52.23783031988874
72.54937413073714
47.159944367176635
0.8789986091794159
0.026045637373581277
0.04460089883838973
0.021406822007379166
