1.0
1.0
1.0
40.0
30.0
1.0
195.85583333333332
147.0
254.0
1.0
1.0
1.0
40.0
30.0
1.0
0.0
0.0
0.0
40.0
30.0
1.0
571.0
3.0
17.140105078809107
14.49737302977233
0.0
17.140105078809107
14.49737302977233
0.0
0.6628830946183647
0.0
0.0
48.24416813219851
40.0
30.0
48.82622246293481
48.82622246293481
507.0833333333333
31.98024346876044
0.24329795856689315
1263.9557906614803
2.4925997515099034
571.0
199.0
226.0
25890584.0
1.1019270246858852
14.5
4.320521860950204
254.0
8.989568796562397
212.62346760070054
211.0
197.0
57.0
6.420529639889196
212.9378521932456
1.0727548049152305
25890584.0
0.5992712572958615
133.78992212635833
4.548916826081826
2.0956529112982354
4.079952116084649
0.8613577648222273
0.8374405607116353
0.20903673716573928
0.6013362947515716
0.20791061103961317
0.7371791994331391
0.16485132458315874
0.4788833933764672
1.8014109642320593
-0.2778752111705358
0.6594328231275979
0.896157307092806
0.9877235941571822
0.8962323821678811
0.958455415329615
0.20692525067925283
0.6793692536993985
1.588643884339981
0.26161932446934366
83.78225072749821
0.4183195073617599
0.4818857151193278
4.106757616905414
15.81968255662125
68.44001505207345
4.149812146106084
0.4331044795928712
3.688005054100482
48.53088362758147
0.2375971637384849
0.34938704028021017
7.108699853639356
0.47342978325303575
1.571383024981329
0.2884386499460369
27.227272727272727
0.618801652892562
0.6007231404958678
2.522727272727273
1834.0681818181818
7562.045454545455
456.08980429292933
0.8095012626262627
11.909090909090908
0.2706611570247934
0.5314658710965219
0.5943676215335161
0.5247970072922875
2.783330689485454
0.07705779334500876
1665.6585743801654
3.603710354394571
86.50262697022767
0.15149321711073147
4.986035498602936
342.18388791593696
0.2794249802938894
4.392294220665499
43.486865148861646
194.9246935201401
10.883476843743919
0.3167809885191672
0.07561359428963256
0.1888516632734692
0.054961243790107916
