1.0
1.0
1.0
40.0
30.0
1.0
208.10166666666666
107.0
253.0
1.0
1.0
1.0
40.0
30.0
1.0
0.0
0.0
0.0
40.0
30.0
1.0
840.0
1.0
17.34404761904762
14.130952380952381
0.0
17.34404761904762
14.130952380952381
0.0
0.7766718650487403
0.0
0.0
46.11988513707929
40.0
30.0
49.4064773081425
49.4064773081425
787.75
35.820017205249044
0.23145511288649476
1782.1446595505704
2.262322639861086
840.0
208.0
251.0
46309456.0
1.5495115739635765
22.25
2.9375471949872054
253.0
13.457006802721086
234.22857142857143
240.0
191.0
62.0
10.161353611423545
234.79843432592298
-0.9636844504192885
46309456.0
0.41971371882086167
267.28108843537416
8.772199474136801
2.914112495147527
7.358684867188587
-0.716196769256713
1.4928417220766788
0.37239836489483746
0.6000876970384436
0.3349375973123014
0.9951349957310254
0.2575536347659965
0.27303738241517306
2.554738438968741
-0.24482509694422816
0.7050609261537973
0.8362772781021028
0.978755286198819
0.8387746626076054
0.934261172790291
0.30215942567758236
0.4848785160516677
2.16565812319562
0.46631002174287906
96.99029733046416
0.29940004421451305
0.8313756943928551
7.76098569305091
13.749842390224089
125.47639283183393
1.8210252308273245
0.2551983446892551
3.9769060295676706
89.53385412615695
0.2716012867203414
0.3839285714285714
6.498758176939923
0.5201112232440688
3.3345441974004677
0.18481034149893388
18.703703703703702
0.34636488340192045
1.274691358024691
5.055555555555555
4462.222222222223
40327.38888888889
503.9976851851851
0.5686728395061729
9.518518518518519
0.17626886145404663
0.38931111277369923
0.9221778349419304
0.3278156934947423
4.018505680073498
0.06428571428571428
4220.246913580248
4.147207846162236
119.19047619047619
0.1418934240362812
4.994897959183675
352.5595238095238
0.5433319160997733
8.672619047619047
40.142857142857146
373.1011904761905
5.062665343915343
0.1784887566137566
0.06950326094944151
0.39146680561554437
0.0323849492024666
