1.0
1.0
1.0
40.0
30.0
1.0
248.25583333333333
227.0
255.0
1.0
1.0
1.0
40.0
30.0
1.0
0.0
0.0
0.0
40.0
30.0
1.0
604.0
8.0
23.32450331125828
14.415562913907285
0.0
23.32450331125828
14.415562913907285
0.0
0.7168406582200506
0.0
0.0
46.856562686385594
40.0
30.0
49.4064773081425
49.4064773081425
524.8333333333334
33.58868923803771
0.2318035107048196
1357.4121187411122
2.5863679620345104
604.0
249.0
255.0
38388138.0
0.615610534097851
4.0
1.7634263999642665
255.0
1.729036007192668
252.09602649006624
252.0
249.0
6.0
1.729036007192668
252.1041845498596
-0.09729583265566709
38388138.0
0.7417657120301742
4.11329546949695
3.6121587707714546
1.895077536634492
0.38578054385294785
-0.24720039305150232
0.2294707493902419
0.1461476782640419
0.22253904734371216
0.1461476782640419
0.5994480818116944
0.12467355574750313
0.687517230425355
0.9415663872211083
-0.05623117635391285
0.22626152912546493
0.9269261608679791
0.9707704643471917
0.9269261608679791
0.9512841072453193
0.1461476782640419
0.8220036975024709
0.7954187089570668
0.09390460691357094
103.56387348078523
0.5253506470158835
0.23732467649205824
2.808309839008368
19.799185578597346
77.15162753250989
5.461075090119208
0.547922540247908
3.181326038012004
49.19930097558774
0.2504647448496596
0.32491721854304634
9.765172061760236
0.5049899283258779
0.9752316031686923
0.3874295096151744
38.056603773584904
0.7180491278034888
0.1409754360982556
1.509433962264151
2108.3396226415093
8406.415094339623
533.8207547169811
0.8726415094339622
18.88679245283019
0.35635457458170167
0.6180294736125417
0.7369824015737713
0.5882912416222345
2.52244591998287
0.08774834437086093
1978.4656461374152
3.0519136485296476
102.19867549668874
0.16920310512696812
6.067946581290295
448.02649006622516
0.12911714398491295
3.543046357615894
47.0364238410596
184.9569536423841
12.556291390728477
0.36423841059602646
0.0889641315810111
0.16521018334976867
0.06990261863882172
