1.0
1.0
1.0
40.0
30.0
1.0
208.04083333333332
108.0
255.0
1.0
1.0
1.0
40.0
30.0
1.0
0.0
0.0
0.0
40.0
30.0
1.0
728.0
3.0
17.182692307692307
14.340659340659341
0.0
17.182692307692307
14.340659340659341
0.0
0.6919232200545138
0.0
0.0
47.52375414260764
40.0
30.0
49.4064773081425
49.4064773081425
671.5833333333334
32.88278899543212
0.23675880368782143
1566.4309691355725
2.3324446742309055
728.0
209.0
249.0
39557284.0
1.2359897118034862
24.0
2.012195638017056
255.0
12.751743448858834
232.6346153846154
237.0
202.0
53.0
10.373608360084695
233.1028283213839
-0.5354807495351736
39557284.0
0.4821164412510567
218.06429628064242
3.558258955052629
1.8364105356413765
2.930308508357178
-0.055276640079829506
0.9870869955029284
0.24384185925460217
0.6035011824752389
0.24304441108873295
0.7982244479063191
0.18356587844075278
0.3436069651076255
2.0698706368550592
-0.26578917154664217
0.6798385409876327
0.8785575392722205
0.975652619374503
0.8786107024832784
0.9392787696361102
0.24234664394359737
0.5443387764241447
1.823294153878873
0.30773221368938264
99.66040839746825
0.40670506868934103
0.4534363358658786
3.1915298459776023
17.392258518251474
63.45795293234573
6.643253507735923
0.5786394274044805
3.7930663023557276
57.86464874157537
0.22929499682248666
0.33688186813186816
7.9973626866407415
0.46396766230518405
1.2453272232220591
0.33428000667199465
9.583333333333334
0.3993055555555556
0.8732638888888888
4.708333333333333
5247.0
18287.416666666668
2026.2939814814815
0.5358796296296297
3.0
0.125
0.2811785255716077
1.7966214887308558
0.1084549939864653
3.970175521464339
0.03296703296703297
4326.888888888889
3.866749071572588
108.64285714285714
0.14923469387755103
4.3932722497282946
350.9807692307692
0.3296024030914141
3.489010989010989
44.145604395604394
162.75274725274724
17.099130036630036
0.4647435897435897
0.04801194101470462
0.16990799619094688
0.02800316768812848
