1.0
1.0
1.0
40.0
30.0
1.0
200.605
113.0
255.0
1.0
1.0
1.0
40.0
30.0
1.0
0.0
0.0
0.0
40.0
30.0
1.0
720.0
3.0
14.348611111111111
13.633333333333333
0.0
14.348611111111111
13.633333333333333
0.0
0.7949066268614902
0.0
0.0
41.844461515301674
40.0
30.0
49.4064773081425
49.4064773081425
671.75
33.26243975596389
0.24254737464744666
1529.29991037079
2.2765908602468032
720.0
203.0
251.0
38232383.0
1.635843779104167
23.0
2.2747614908104232
255.0
13.879645061728393
229.82361111111112
233.0
194.0
61.0
10.458283293155086
230.43552665429965
-0.46032770531103817
38232383.0
0.37948688271604936
281.63972029320996
8.264956171668576
2.8058777269356803
9.456554231162128
-0.5950288004351568
1.8196414036803479
0.2523944767698274
0.7559131533722319
0.24518658796557016
0.8164619652903461
0.190769375052596
0.2772849740910334
2.4627660525892616
-0.41019589803278855
0.8440088845284056
0.8781274948976406
0.9852804641100853
0.8786080208179244
0.9512029453670279
0.23887968526184505
0.477373474559491
2.2005537294273263
0.5180089701125439
71.05264734495267
0.3058672406616446
0.7765442979236884
6.26095811791758
21.635606793226312
193.25056841434738
3.022625323625398
0.32300462172642236
4.069598734200004
55.21335246256044
0.23339450573534173
0.3222222222222222
11.322678479682084
0.47220076733700456
2.061639354227237
0.22670443620271052
17.363636363636363
0.5261707988980716
0.7346189164370982
2.9393939393939394
5103.69696969697
44615.57575757576
633.6144781144781
0.7529461279461279
6.575757575757576
0.1992653810835629
0.4481920355142277
0.48506687485926026
0.44299328218747674
3.1742317917744782
0.04583333333333333
4627.663911845731
4.059726440023871
121.10277777777777
0.1681983024691358
5.10783950617284
273.23055555555555
0.5922839506172839
8.002777777777778
46.352777777777774
419.44444444444446
6.333333333333333
0.20281635802469136
0.057546586304274804
0.2544791671040844
0.03199321761580003
