1.0
1.0
1.0
40.0
30.0
1.0
230.51666666666668
181.0
255.0
1.0
1.0
1.0
40.0
30.0
1.0
0.0
0.0
0.0
40.0
30.0
1.0
848.0
1.0
18.443396226415093
16.10377358490566
0.0
18.443396226415093
16.10377358490566
0.0
0.7000921511824233
0.0
0.0
49.41873745027327
40.0
30.0
49.4064773081425
49.4064773081425
796.75
34.5976702102812
0.23151653747473855
1795.2164563202978
2.2531740901415724
848.0
229.0
250.0
48031888.0
0.48813774276678557
12.0
2.0411260514243184
255.0
6.448402456390176
237.87264150943398
236.0
226.0
29.0
5.303646951142533
237.99449018515233
0.4632067074056955
48031888.0
0.8102638839444642
57.98377981488074
1.3168315315811139
1.1171559761365877
0.8288718186259468
0.47452512522568563
0.34441539948327515
0.06927279365729878
0.6663743227621963
0.06927279365729878
0.36092914086048444
0.06427123107630137
0.7288846723534117
0.8321679875572127
-0.4041130324327835
0.5828838045953809
0.9653636031713506
0.9861454412685402
0.9653636031713506
0.9769090687809003
0.06927279365729878
0.8482076270347629
0.7628951938999142
0.10342204828514345
92.35563902331023
0.6808759560916836
0.1595620219541582
1.5982619837964283
80.16581842632178
91.2249247072923
77.40104185607916
0.8504345040508929
4.186155118004615
13.480343273154018
0.09742205627486952
0.15949292452830188
34.79251897252451
0.14400597890575587
0.3187465249475486
0.10032084239530767
3.4
0.68
0.16000000000000003
3.4
116170.0
119941.6
115227.1
0.4
1.0
0.2
0.07053239423648089
0.28212853267583354
0.017633359626642732
2.321928094887361
0.00589622641509434
87405.84
2.4574236906288194
285.2358490566038
0.33636302954788183
2.4686665628337487
687.1037735849056
0.09486805802776789
1.3183962264150944
62.12971698113208
77.25707547169812
58.347877358490564
0.9204009433962265
0.02045639655888561
0.0313007875451019
0.017745298812331535
