1.0
1.0
1.0
40.0
30.0
1.0
220.96
172.0
249.0
1.0
1.0
1.0
40.0
30.0
1.0
0.0
0.0
0.0
40.0
30.0
1.0
722.0
1.0
20.53601108033241
12.239612188365651
0.0
20.53601108033241
12.239612188365651
0.0
0.8133871645002977
0.0
0.0
42.321559070716745
40.0
30.0
45.65084884205331
45.65084884205331
667.4166666666666
34.42381292976214
0.23852998869184847
1548.3619917323747
2.3199330629027966
722.0
222.10000000000002
242.0
39523930.0
0.5803078828446395
10.0
2.631042548602219
249.0
5.645145448546283
233.86703601108033
236.0
218.0
31.0
4.0402092692133635
233.97069328990662
-0.6538264780952049
39523930.0
0.7613584917242808
48.49478595161179
3.66494777476273
1.9072332934635552
0.4387462644855882
-0.26993829827533866
0.2229550733837658
0.11350421125587076
0.3208757743401748
0.11350421125587076
0.5094818428615713
0.10049364486799062
0.7312767128121912
0.8382428577559033
-0.11530784060110108
0.30313725375528255
0.9432478943720646
0.9772991577488259
0.9432478943720646
0.9621652629147097
0.11350421125587076
0.8504811878356198
0.724738646500033
0.08411482115990915
80.8760371724927
0.5076510376455577
0.24617448117722113
2.527548501568033
63.79490530249226
251.8804646993893
16.773515453268
0.6181128746079918
3.3396636455879474
44.45130811470007
0.27765081052950047
0.22091412742382271
41.49693937282072
0.5399857624280472
0.9434895318532058
0.4391098200717576
22.307692307692307
0.8579881656804734
0.07100591715976332
1.2307692307692308
14349.076923076924
57300.307692307695
3611.269230769231
0.9423076923076923
4.769230769230769
0.1834319526627219
0.40881708465202676
0.4096186767936486
0.4086166866166213
3.002787199394257
0.036011080332409975
13577.946745562132
2.376391844484049
249.60387811634348
0.345711742543412
5.649457877088113
549.7008310249307
0.1193207541378596
3.5844875346260388
57.961218836565095
227.9639889196676
15.460526315789474
0.3538781163434903
0.04804732892695397
0.10150032820145603
0.034684079108328464
