1.0
1.0
1.0
40.0
30.0
1.0
240.8125
214.0
255.0
1.0
1.0
1.0
40.0
30.0
1.0
0.0
0.0
0.0
40.0
30.0
1.0
620.0
4.0
17.90967741935484
16.232258064516127
0.0
17.90967741935484
16.232258064516127
0.0
0.6639692376687548
0.0
0.0
47.106978746286266
40.0
30.0
46.61544808322666
46.61544808322666
547.5
31.277584767049927
0.23377960686153484
1384.4169764451785
2.5286154820916504
620.0
241.0
253.0
37613130.0
0.8061251933768372
6.0
2.1673934444589387
255.0
3.4504266389177958
246.2709677419355
245.0
241.0
14.0
3.083565329823294
246.30537694024753
0.526903722496592
37613130.0
0.6282466181061394
16.949157127991676
1.781174609864289
1.2864729639250094
0.9391901148623732
0.49867452537101753
0.6609003424614331
0.15648856382147774
0.6182608567258513
0.15648856382147774
0.6187294195308106
0.13072529350016676
0.46058025335837777
1.4552149838252069
-0.31650984337562543
0.6400332944820908
0.9217557180892612
0.9687022872357044
0.9217557180892612
0.9478371453928408
0.15648856382147774
0.6352827541642517
1.2987264200037294
0.20434722657072774
123.70023258563724
0.6292297886388952
0.1853851056805524
1.737917738455437
19.432460541607607
31.38873367310141
16.443392258734153
0.8155205653861408
3.4963080856240305
39.24701361299367
0.19043043591187464
0.31733870967741934
7.845326589603626
0.37265928744581217
0.5835617447391237
0.31993367312248433
7.142857142857143
0.5102040816326531
0.24489795918367346
2.2857142857142856
13463.857142857143
15052.357142857143
13066.732142857143
0.6785714285714286
1.8571428571428572
0.1326530612244898
0.3132430146822152
0.7506999680952214
0.20387877632896356
3.521640636343315
0.02258064516129032
11502.632653061224
3.5850574533404798
98.50645161290322
0.15888137356919876
3.654953173777315
389.51290322580644
0.1858766909469303
1.7403225806451612
45.403225806451616
78.65
37.09153225806452
0.8149193548387097
0.040552897607669114
0.07250044320296815
0.03256601120884435
