1.0
1.0
1.0
40.0
30.0
1.0
231.21
179.0
255.0
1.0
1.0
1.0
40.0
30.0
1.0
0.0
0.0
0.0
40.0
30.0
1.0
808.0
1.0
19.599009900990097
15.845297029702971
0.0
19.599009900990097
15.845297029702971
0.0
0.7034158912669454
0.0
0.0
48.38421799506287
40.0
30.0
49.4064773081425
49.4064773081425
757.0
34.03422782425133
0.23376677127901843
1718.2984524550754
2.2698790653303504
808.0
230.0
255.0
47338945.0
0.8376024568611413
15.0
1.8111090230756572
255.0
7.643864572100774
241.88737623762376
240.0
226.0
29.0
7.094602232454358
242.04917520582833
0.0858975261313975
47338945.0
0.6082736986569943
78.30043470002941
1.7713097603425685
1.2791679129367044
0.9887165407911976
0.5356308305297963
0.672533241354313
0.1323879569350887
0.6710999877213754
0.1323879569350887
0.5605985980966313
0.11432367197421331
0.4832157288810858
1.390415533463132
-0.372498093864255
0.682141231657738
0.9338060215324556
0.9735224086129822
0.9338060215324556
0.9558706810216371
0.1323879569350887
0.6546381085957513
1.2580275765280435
0.20123029957235045
98.28823139267446
0.5496055630385228
0.2251972184807386
2.02837326812745
37.02470296363942
57.44242056341679
31.920273563695076
0.7429066829681374
4.1240217365074585
24.57369910144829
0.13186590675727877
0.22153465346534656
14.521021089446794
0.2546131011228463
0.5367946964178593
0.18406770229909314
3.3333333333333335
0.5555555555555556
0.2222222222222222
3.0
61352.666666666664
72530.66666666667
58558.166666666664
0.5
1.3333333333333333
0.2222222222222222
0.011989317940581825
0.016705825605633325
0.010810191024318948
2.2516291673878213
0.007425742574257425
43217.555555555555
3.2075447417574905
190.66336633663366
0.23596951279286343
3.079330457798255
491.48514851485146
0.19586315067150278
1.801980198019802
55.31930693069307
94.0371287128713
45.63985148514851
0.7995049504950495
0.02538585528408283
0.04973914366351602
0.019297533189224534
