1.0
1.0
1.0
40.0
30.0
1.0
239.9625
202.0
255.0
1.0
1.0
1.0
40.0
30.0
1.0
0.0
0.0
0.0
40.0
30.0
1.0
620.0
8.0
14.380645161290323
15.311290322580644
0.0
14.380645161290323
15.311290322580644
0.0
0.6932543977473405
0.0
0.0
43.80275117603596
40.0
30.0
49.4064773081425
49.4064773081425
567.3333333333334
30.36644988621942
0.24859931917688602
1333.1419366489451
2.3498389012613603
620.0
241.0
255.0
38847196.0
0.9281738605896143
10.0
1.9269508034686098
255.0
4.957627471383976
250.2516129032258
253.0
240.0
15.0
4.302295231139471
250.31333912106138
-0.781165755588097
38847196.0
0.5489542143600417
30.897981269510925
3.1400189301416708
1.7256476032923271
1.1151372001525193
-0.615955481465046
0.7219397939955471
0.07384775947062219
0.8129362283612027
0.07384775947062219
0.3752521630443487
0.06792162164399301
0.5341846016229224
1.208509141706785
-0.5718063414070818
0.7833584148492053
0.9630761202646889
0.9852304481058756
0.9630761202646889
0.9753840801764592
0.07384775947062219
0.6887237235570162
1.134661382236163
0.1989468883665423
71.02953296703296
0.5773240324236204
0.21133798378818983
1.9138049450549453
59.00567438513867
215.25689266091052
19.94286981619571
0.7715487637362637
3.551306765073964
19.16331981510553
0.14912284623151456
0.1995967741935484
30.913254971474068
0.3411419026018414
0.4300385714391007
0.31891773539252655
13.470588235294118
0.7923875432525952
0.10380622837370242
1.3529411764705883
10137.058823529413
39083.35294117647
2900.485294117647
0.9117647058823529
1.7058823529411764
0.10034602076124567
0.22895546603035344
0.27307418896534363
0.2179257852966059
3.572469458770131
0.027419354838709678
8806.955017301038
2.864166132324645
195.8774193548387
0.3159313215400624
4.030957336108221
340.3516129032258
0.22552289281997923
2.9693548387096773
58.83870967741935
196.55322580645162
24.41008064516129
0.5076612903225807
0.0325094698124172
0.06710745627402694
0.02385997319701477
