1.0
1.0
1.0
40.0
30.0
1.0
234.78916666666666
193.0
255.0
1.0
1.0
1.0
40.0
30.0
1.0
0.0
0.0
0.0
40.0
30.0
1.0
889.0
1.0
17.885264341957257
14.101237345331834
0.0
17.885264341957257
14.101237345331834
0.0
0.7582190865532186
0.0
0.0
47.2306987953848
40.0
30.0
49.4064773081425
49.4064773081425
824.3333333333334
35.81121729790686
0.22191227778598507
1915.8935163700864
2.324173291188944
889.0
233.0
250.0
51457150.0
0.49037653872521525
8.0
2.5396161654460885
255.0
4.900563188881479
240.51068616422947
240.0
230.0
25.0
3.7155740548040255
240.5869042418735
0.48162723038255956
51457150.0
0.8091155365984202
36.6683334999323
1.2992958515986643
1.11602942750835
0.6937421042706718
0.4054457942146881
0.31266725252447153
0.09758486185277138
0.5254563102814274
0.09758486185277138
0.4582783473491253
0.08771093164471003
0.7071630111666685
0.9006367419955208
-0.2615586362501513
0.4799614058768522
0.9512075690736143
0.9804830276294456
0.9512075690736143
0.9674717127157428
0.09758486185277138
0.8351781415652644
0.8030518801427498
0.10256302859431071
118.25991403429322
0.6433774924694178
0.1783112537652911
1.6972015744867766
53.532089570926246
58.74353561776927
52.22922805921549
0.8256996063783059
3.9967996111413058
24.351212553161062
0.12781384942848
0.2061304836895388
25.578776078496304
0.24497819647638042
0.5298007210567209
0.17377256533129531
7.222222222222222
0.8024691358024691
0.09876543209876544
3.6666666666666665
70245.0
70834.66666666667
70097.58333333333
0.3333333333333333
1.0
0.1111111111111111
0.026751008754943663
0.10700350628516347
0.00668788437238871
3.169925001442309
0.010123734533183352
60487.95061728394
2.6792609720878398
227.33295838020248
0.25571761347604327
2.904951279290313
719.3037120359955
0.09544223170078993
1.3205849268841394
56.94150731158605
67.25759280089989
54.362485939257596
0.9198537682789651
0.02369765163283161
0.03889325430834751
0.019898750963952636
