1.0
1.0
1.0
40.0
30.0
1.0
233.3175
181.0
255.0
1.0
1.0
1.0
40.0
30.0
1.0
0.0
0.0
0.0
40.0
30.0
1.0
819.0
2.0
18.27960927960928
12.714285714285714
0.0
18.27960927960928
12.714285714285714
0.0
0.6721430490739939
0.0
0.0
49.293939954498185
40.0
30.0
48.82622246293481
48.82622246293481
753.3333333333334
33.13257910188678
0.22691271537063745
1764.4800317655706
2.3422301306622617
819.0
232.0
250.0
47233698.0
0.47323872288672686
9.0
2.5667001585852467
255.0
5.125092245971368
240.06593406593407
239.0
230.0
25.0
3.8071145968278413
240.15079206699056
0.4909497018145393
47233698.0
0.8178546456934737
40.75023145352816
1.2922508198758949
1.1118887337849173
0.715707386254284
0.4149895243386533
0.3106271924042875
0.08683076295771378
0.5643872025876792
0.08683076295771378
0.421582243694706
0.07883109043275524
0.7224399318862442
0.8586444608489321
-0.30254730555601395
0.5039737540218319
0.9565846185211432
0.9826338474084573
0.9565846185211432
0.9710564123474287
0.08683076295771378
0.8446958847362258
0.7718136978912186
0.09936448884050031
113.16317271235567
0.6765715818230644
0.16171420908846781
1.609932309334131
44.71690461250736
50.40156619372134
43.29573921720387
0.8475169226664673
3.9875387151726054
19.595034033289185
0.11246889146774994
0.2042124542124542
16.69516007361799
0.22893971270845073
0.47049998923147174
0.16854964357769547
5.0
0.625
0.1875
3.25
64100.125
65045.5
63863.78125
0.4375
1.0
0.125
0.14580538733068985
0.5824460203459765
0.036645229076868145
2.9999999999999973
0.009768009768009768
53619.484375
2.726576584294112
207.2173382173382
0.2530126229759929
2.974493150317326
669.8229548229548
0.09107267715326324
1.304029304029304
57.236874236874236
68.13431013431014
54.512515262515265
0.923992673992674
0.024824128063923985
0.04055305679455339
0.02089189588126663
