1.0
1.0
1.0
40.0
30.0
1.0
229.38166666666666
170.0
254.0
1.0
1.0
1.0
40.0
30.0
1.0
0.0
0.0
0.0
40.0
30.0
1.0
863.0
3.0
19.679026651216684
14.448435689455389
0.0
19.679026651216684
14.448435689455389
0.0
0.6994515343162891
0.0
0.0
42.75054157704748
40.0
30.0
49.4064773081425
49.4064773081425
818.6666666666666
29.901931898918175
0.23325909714450413
1814.332747410666
2.2162044960228005
863.0
228.0
247.0
49026373.0
0.428148700007675
9.0
2.4237471437767777
254.0
5.717880309196543
238.24449594438008
239.0
223.0
31.0
4.27370276315039
238.3468873348289
-0.2959781891496161
49026373.0
0.8702792409458504
48.79885440989085
4.084383257763561
2.0178714818283865
0.28266171738100654
0.07772515935906377
0.13495457154413018
0.08464306259458755
0.2296196614508776
0.08399706776254619
0.41679916426254776
0.07750844221659728
0.8176303710658892
0.6856424422350349
-0.09082406884686647
0.24291912530280207
0.958066065601931
0.9915655088866355
0.9581091319240671
0.9790330328009655
0.08343182228451003
0.9031056017874394
0.598453344175254
0.05489940853467942
67.64494424503512
0.4834896667728913
0.35024787828540604
4.1484269303095935
101.83148976153429
408.54197003427953
25.58105924948154
0.38106466019031116
4.13381548865179
24.825248605872083
0.17681250931030604
0.1607763615295481
60.51937800209848
0.42062419115801103
1.6308751163140875
0.23633329753538193
18.058823529411764
0.5311418685121108
0.7716262975778547
3.2941176470588234
18735.676470588234
74958.0294117647
4684.336601307189
0.7205882352941176
12.882352941176471
0.3788927335640138
0.6263807651407746
1.1366096618702886
0.569348232316421
2.3504437228397004
0.039397450753186555
18091.412629757786
2.163576939251958
332.60834298957127
0.3854094356773711
4.039751923079505
751.0509849362688
0.06836482184408857
4.073001158748552
63.5422943221321
256.2537659327926
15.879425775717781
0.2703746620316725
0.04581388984502432
0.13831381868227313
0.028623917578060796
