1.0
1.0
1.0
40.0
30.0
1.0
211.1925
91.0
255.0
1.0
1.0
1.0
40.0
30.0
1.0
0.0
0.0
0.0
40.0
30.0
1.0
1045.0
1.0
21.77416267942584
13.621052631578948
0.0
21.77416267942584
13.621052631578948
0.0
0.7760816184994269
0.0
0.0
43.41335641101866
40.0
30.0
49.4064773081425
49.4064773081425
1009.9166666666666
33.69230790795583
0.22641627237674075
2149.975518549851
2.1288642810956526
1045.0
203.0
253.0
53492242.0
1.7920638560917994
32.0
2.451884606347906
255.0
15.726077699686362
225.42392344497608
224.0
172.0
83.0
12.454272398555792
226.24930569033543
-0.13130483205289037
53492242.0
0.32638538494997826
372.8030640324169
13.694545196321624
3.608574739386639
18.821305475300726
1.4168075712371826
2.899040248724778
0.2083188471925046
0.8657280417775833
0.203737568557382
0.73744661815133
0.16559804856327007
0.2285250200984493
2.593637657681174
-0.5284916454290571
0.9175469125808492
0.8985893435848212
0.9920241924445995
0.898894762160496
0.9661528166365108
0.1997289497516497
0.3809016060302098
2.3789343424762985
0.7768397739793206
73.94254712410151
0.29221014160312236
0.9111505234601962
12.570915464850012
34.3663357060545
506.5828920909689
2.960491936966944
0.12544144890250192
4.808051558026314
37.55027832540436
0.1438298813017633
0.24210526315789477
15.63811022910022
0.32004877689833355
3.2360766418600035
0.06250614634903168
4.777777777777778
0.2654320987654321
1.5339506172839505
6.722222222222222
14425.5
185780.88888888888
1326.056697530864
0.44165123456790123
3.3333333333333335
0.18518518518518517
0.4137351320809589
1.3217686907753863
0.3430139640905166
3.308270834535256
0.01722488038277512
11055.052469135802
4.116811151801933
230.80095693779904
0.22086215974909
3.6228053387056156
341.07272727272726
0.8114686019092969
13.799043062200957
53.51100478468899
764.1358851674642
4.709796384901648
0.09743912812333864
0.03411961270419918
0.36204755259360527
0.008861959309448865
