1.0
1.0
1.0
40.0
30.0
1.0
218.36
122.0
255.0
1.0
1.0
1.0
40.0
30.0
1.0
0.0
0.0
0.0
40.0
30.0
1.0
881.0
2.0
18.39160045402951
15.19182746878547
0.0
18.39160045402951
15.19182746878547
0.0
0.7000662509231808
0.0
0.0
48.697435556625244
40.0
30.0
49.4064773081425
49.4064773081425
833.5833333333334
34.091431139699836
0.23173412011118996
1848.3894871112675
2.2174021638843557
881.0
214.0
251.0
48354941.0
1.3801441993207346
24.0
1.9119489088868165
255.0
11.876278246394756
233.87627695800228
237.0
205.0
50.0
9.60817901234568
234.27852153508957
-0.3170107283100101
48354941.0
0.42646950825924007
188.3127289312398
3.7531885071319273
1.865245437013559
4.497256740809686
0.1576483195637948
1.328855173739012
0.23270061092236533
0.7010684644833078
0.23206204131827846
0.7736925208123046
0.17628651704600887
0.2907677217861261
2.2266730019186585
-0.3519281328773136
0.7744185521015073
0.8840328363012695
0.976759411351029
0.8840754076082085
0.9420164181506349
0.2315032929147025
0.47573119960403065
1.9917706141171156
0.39038894616534436
95.97009134914506
0.36813649393121434
0.5256502255913114
3.7977249111995297
24.469122907021298
88.44759301154892
10.670386756742626
0.5067925617034696
4.209314836076483
52.889733494800296
0.19364403884068412
0.29625425652667425
11.45798764390164
0.3971856026803894
1.3828707280942971
0.23350905546456563
7.285714285714286
0.3469387755102041
0.693877551020408
5.285714285714286
11223.761904761905
40748.80952380953
4001.335978835979
0.40476190476190477
1.8571428571428572
0.08843537414965986
0.168981818954634
0.8074536796441721
0.07443070537549994
4.297079327540659
0.02383654937570942
9463.759637188208
4.055424662415985
147.45402951191826
0.1673712026241978
4.067388080565759
375.7196367763905
0.4098402264478633
3.8036322360953463
48.02383654937571
181.894438138479
20.287047546979444
0.45295749779291206
0.03767327820689801
0.14261164079075947
0.019199616105685182
