1.0
1.0
1.0
40.0
30.0
1.0
211.18666666666667
111.0
255.0
1.0
1.0
1.0
40.0
30.0
1.0
0.0
0.0
0.0
40.0
30.0
1.0
842.0
2.0
17.13895486935867
13.492874109263658
0.0
17.13895486935867
13.492874109263658
0.0
0.7733053306774688
0.0
0.0
44.354990354090866
40.0
30.0
49.4064773081425
49.4064773081425
791.1666666666666
34.299950482966175
0.23257961774330574
1778.6525785996264
2.248138923867234
842.0
207.0
249.0
45276340.0
1.3361643182569938
22.75
2.2556302770831356
255.0
12.362100191265
231.4085510688836
234.5
198.0
57.0
9.532823295586631
231.8887131727461
-0.5184197856717071
45276340.0
0.46699973482433527
222.45778911200003
8.278746020294495
2.837153568307773
3.924705637153674
-0.15554516512380326
1.1364355629203113
0.21945618884038173
0.6754563572311578
0.21675708926874085
0.7538056558430815
0.17040437320627688
0.34998087336136474
2.101479417319044
-0.3407831211896335
0.7509683616165743
0.8918913653227937
0.9871384435900654
0.8920713052942364
0.9567385521319731
0.21439537714355505
0.5507808341768423
1.8749468878713975
0.3389729379401732
88.04915341121598
0.36013585760321676
0.5823722373593836
7.492711665529962
26.854542751120206
229.96137453340083
3.532364969645079
0.20072529158121005
4.228779915039549
50.12818068480995
0.19807799550225763
0.2897862232779097
13.391919483696297
0.4220294258242497
2.8753376747256443
0.11105919766328073
7.333333333333333
0.3055555555555556
1.4722222222222223
6.166666666666667
11873.666666666666
104366.95833333333
1403.3399884259259
0.5040509259259259
5.0
0.20833333333333334
0.45583463371963856
0.8353467294994349
0.42173181374078067
3.200825794518084
0.028503562945368172
10642.826388888889
3.765663822839168
159.14964370546318
0.18901382862881613
4.407005151178339
393.21377672209024
0.3740457907594743
8.143705463182897
49.05225653206651
416.9964370546318
6.624513394035365
0.15615102929532856
0.04543403815735849
0.28098758886417236
0.017280859739973693
