1.0
1.0
1.0
40.0
30.0
1.0
215.655
93.0
255.0
1.0
1.0
1.0
40.0
30.0
1.0
0.0
0.0
0.0
40.0
30.0
1.0
940.0
1.0
20.306382978723406
16.127659574468087
0.0
20.306382978723406
16.127659574468087
0.0
0.7062389839153234
0.0
0.0
44.7303173573215
40.0
30.0
49.4064773081425
49.4064773081425
902.4166666666666
31.590293880644694
0.2319121765686269
1947.296026625526
2.157867976683564
940.0
220.0
253.0
53676234.0
1.3818240804892348
16.0
5.293786480100193
255.0
10.208003621548214
238.56170212765957
241.0
186.0
69.0
6.575039892500208
238.96103572705044
-1.4169653478888706
53676234.0
0.47367813490267086
190.6908736985061
9.966489913530006
3.112993218132457
7.302808413875233
-0.7259858405287976
1.341009140558941
0.23804183054178876
0.6974704257260342
0.2059734597122017
0.7735355020457078
0.194718199162241
0.3657093233038692
2.1331494695846525
-0.38345627624012746
0.7948847647153154
0.9002201072268579
0.9866372374181049
0.9020676385690394
0.9598410697465698
0.18065592456396823
0.5666605943437162
1.8655302755698262
0.3947627427751824
71.202891197718
0.313408147593972
0.8386788715707626
8.917667230970654
38.3012782861675
380.46874508599615
4.352267961526397
0.21903659929881597
4.587925593722757
40.21174702837176
0.17430696841196294
0.24122340425531913
19.71451068829316
0.4061077257556254
2.769727556487792
0.1407831686425265
10.128205128205128
0.2596975673898751
1.2991452991452992
6.743589743589744
9278.923076923076
86143.79487179487
1025.8230056980055
0.41257122507122507
8.179487179487179
0.20973044049967127
0.445915842880881
2.3522398001459917
0.2545850746294721
4.0991288212599235
0.04148936170212766
8697.989480604865
3.7190749744400717
221.18510638297872
0.23530330466274332
4.669538252602988
445.2574468085106
0.447324581258488
9.912765957446808
54.65744680851064
560.431914893617
6.102127659574468
0.14045508274231677
0.04763162129509014
0.3528158946596763
0.016549539964246032
