1.0
1.0
1.0
40.0
30.0
1.0
223.37583333333333
96.0
255.0
1.0
1.0
1.0
40.0
30.0
1.0
0.0
0.0
0.0
40.0
30.0
1.0
1044.0
1.0
17.31704980842912
14.53448275862069
0.0
17.31704980842912
14.53448275862069
0.0
0.8536809761931184
0.0
0.0
42.87967112285505
40.0
30.0
49.4064773081425
49.4064773081425
1005.4166666666666
36.60555950299877
0.2253450099646313
2153.7745084230774
2.142171081730371
1044.0
227.0
252.0
59946555.0
1.1400260969374358
15.0
7.2126907273499254
255.0
8.578861511134596
239.35153256704982
241.0
179.0
76.0
5.938301749940972
239.62485647169507
-1.4748663738093173
59946555.0
0.5671488968159599
130.91569688495468
9.938354874590242
3.1242601717527574
3.821557387485358
-0.07848528115956166
0.90612764241557
0.19673113254134114
0.642585083743082
0.18799745669564458
0.7129923745780047
0.16061465813804698
0.44825771799398884
1.8197490527880869
-0.327359035371322
0.7082792799572024
0.9068746392367473
0.9885817041301391
0.907456884293127
0.962691631189061
0.18035549033066006
0.6470589059184672
1.61852597683203
0.2757146937392278
84.69771523540592
0.3519416997736296
0.6823454932222742
9.672347207299476
42.718695987414016
413.2524911357849
4.677370005846037
0.1720714094661035
4.541130319682507
39.53102027906623
0.16042632748842017
0.22940613026819925
22.241726879834665
0.37245000032426095
3.100077710814423
0.09981886485919851
9.125
0.28515625
1.359375
7.0
17302.375
158592.625
1905.9420572916667
0.3951822916666667
4.6875
0.146484375
0.3113708361632497
1.2203464684359748
0.20348791316827775
4.113608500731234
0.03065134099616858
16237.984375
3.4089941940472492
245.31417624521072
0.23497526460269227
4.1567651678630675
592.1034482758621
0.30799973576430173
9.975095785440613
55.490421455938694
555.8927203065134
5.941710568326949
0.12279826521924223
0.03766271231956668
0.30287672997217896
0.010995330729385376
