1.0
1.0
1.0
40.0
30.0
1.0
222.95833333333334
97.0
255.0
1.0
1.0
1.0
40.0
30.0
1.0
0.0
0.0
0.0
40.0
30.0
1.0
1008.0
1.0
17.9890873015873
15.907738095238095
0.0
17.9890873015873
15.907738095238095
0.0
0.6895425137478935
0.0
0.0
44.368786008583584
40.0
30.0
47.80167361086848
47.80167361086848
974.9166666666666
30.594164236301093
0.22926320836632766
2073.9331590316438
2.127292752233501
1008.0
226.7
255.0
58993548.0
1.3099738076575425
18.0
5.687066807089868
255.0
9.567267416225748
241.59722222222223
242.0
184.0
71.0
7.588339619935111
241.9201216064824
-1.3098189379722625
58993548.0
0.457977056563366
156.12745260141097
11.087493243008607
3.2903356556558654
4.198633434115678
-0.2151439096471612
1.2200827182644283
0.17546448949213725
0.7481731807234697
0.1576106734015827
0.6517570261482211
0.1500862323754896
0.3678670942607648
1.923379877551687
-0.468273484161131
0.8294117569250261
0.9229800449082641
0.9900105408983018
0.9241037391439071
0.9690653856460855
0.14261720815384668
0.5141289556470524
1.7198007238222006
0.34888680193914146
64.93042929865781
0.33437680303992706
0.6857004235527308
9.427749843131302
60.312505801176215
685.4629073251169
5.84652371168912
0.17115830399811593
4.598498542362665
31.588015965326118
0.15837125776403618
0.1919642857142857
31.06082433969004
0.382436901094864
2.6293036999350345
0.10231327177716167
5.909090909090909
0.26859504132231404
1.3326446280991735
7.136363636363637
18199.909090909092
188390.81818181818
1856.3184974747476
0.384469696969697
2.272727272727273
0.10330578512396695
0.231832140707951
0.5978014738251574
0.17838572984384268
4.06148218672077
0.021825396825396824
16100.603305785122
3.318713911570322
327.41468253968253
0.32481615331317715
4.107851473922903
461.640873015873
0.3836766187956664
11.049603174603174
59.823412698412696
688.9027777777778
5.738060791446208
0.11186204805996472
0.03218820846055942
0.26892228776614996
0.008313577998942102
