1.0
1.0
1.0
40.0
30.0
1.0
211.58416666666668
78.0
255.0
1.0
1.0
1.0
40.0
30.0
1.0
0.0
0.0
0.0
40.0
30.0
1.0
674.0
3.0
24.43471810089021
15.600890207715134
0.0
24.43471810089021
15.600890207715134
0.0
0.7828417798641795
0.0
0.0
44.87502330135729
40.0
30.0
49.4064773081425
49.4064773081425
613.0
35.130043112681065
0.23767466360855014
1468.2777566528896
2.395232881978613
674.0
213.0
252.0
36643896.0
1.3691896554481984
21.0
1.957707331622355
255.0
11.276915355422696
232.7893175074184
234.0
209.0
46.0
8.883354733395045
233.1690335777557
-0.08807033080989661
36643896.0
0.42843997921968147
176.93187401491602
3.856971929992903
1.8977489587527894
4.320612196110648
0.1938383109781698
1.2484526565241736
0.2270927269009548
0.6917261996175577
0.2270927269009548
0.7693368176204214
0.1746597295797035
0.3094327082592251
2.175184912718861
-0.3476698055110616
0.7710056289580225
0.8864536365495226
0.9772907273099045
0.8864536365495226
0.9432268182747613
0.2270927269009548
0.5069311781172998
1.9480921858179072
0.368886345856282
95.0473388380793
0.41448119858180266
0.46780636502501144
3.0528502817372565
18.732453377143162
77.21805991346088
6.31339237406206
0.6150729671348679
3.7507294468669605
58.72904690897752
0.2497566364667052
0.3412462908011869
9.639100779740696
0.48985632144204144
1.2085629731129777
0.3579047459998358
9.08
0.3632
0.5824
3.68
5548.32
20200.16
2108.0711111111113
0.5522222222222222
3.08
0.1232
0.23028288455253626
1.1094449909221704
0.104773033193184
4.05366068968818
0.037091988130563795
4821.4784
3.9748025362148818
105.84569732937686
0.15704109396049978
4.915214539178825
288.7685459940653
0.40422122234060354
3.691394658753709
44.22848664688427
183.54896142433233
15.8787504121332
0.4672766238048137
0.04903890140241172
0.15825307740141886
0.02949956245762889
