1.0
1.0
1.0
40.0
30.0
1.0
227.65333333333334
95.0
255.0
1.0
1.0
1.0
40.0
30.0
1.0
0.0
0.0
0.0
40.0
30.0
1.0
1070.0
1.0
20.041121495327104
14.963551401869159
0.0
20.041121495327104
14.963551401869159
0.0
0.743474123753745
0.0
0.0
48.27183088391888
40.0
30.0
49.4064773081425
49.4064773081425
1026.25
35.88885716841055
0.2218431975524074
2217.890606583639
2.1611601525784545
1070.0
225.0
255.0
61962524.0
1.3300989097495546
18.0
5.88009601044181
255.0
9.732773167962268
240.29345794392523
242.0
184.0
71.0
7.543009773568871
240.64268311041465
-1.3530724482910397
61962524.0
0.47485893964538395
167.95500393047428
10.405462345266491
3.1848446617048265
5.716604856752453
-0.35406677805633624
1.2656869471538368
0.2168140219502941
0.7069110818189569
0.18109343560842078
0.720555964382593
0.1833798316368515
0.37558719327185003
2.021388344489928
-0.42314852416441484
0.8112076275909492
0.913025340829977
0.987973753920459
0.9150243839250983
0.9649283043094063
0.15344881065394422
0.5593423289394295
1.784961562534353
0.37062524227603266
76.86048396601302
0.32919312836751563
0.7595263171085573
9.354572167565099
45.77440986196257
471.00030643322793
4.906649183518706
0.19152260724105588
4.65866275350577
36.30687123112542
0.15404441043638673
0.21728971962616822
22.999016634714582
0.3736304073675946
2.5479974360734814
0.11664724095965706
10.161290322580646
0.32778355879292403
0.9490114464099897
5.903225806451613
14619.548387096775
137695.1935483871
1587.9478046594982
0.3711917562724014
3.5161290322580645
0.11342351716961499
0.2785085578407044
0.9430268508270946
0.12836322436939943
4.297276053077181
0.02897196261682243
13428.185223725288
3.498564476374581
294.9233644859813
0.27562931260372087
4.221242029871604
508.09906542056075
0.40659358895973446
10.438317757009345
56.953271028037385
612.5542056074767
5.9415044132917965
0.12526609553478713
0.0364447562946951
0.2842048396980807
0.00949553455022302
