1.0
1.0
1.0
40.0
30.0
1.0
235.48166666666665
101.0
255.0
1.0
1.0
1.0
40.0
30.0
1.0
0.0
0.0
0.0
40.0
30.0
1.0
1051.0
2.0
21.44719314938154
15.845861084681255
0.0
21.44719314938154
15.845861084681255
0.0
0.7004170385886559
0.0
0.0
44.95930519694867
40.0
30.0
49.4064773081425
49.4064773081425
1017.3333333333334
31.490263403050353
0.22677972985004136
2157.026135560475
2.120274707300598
1051.0
238.0
255.0
65585856.0
1.022912669270721
8.0
12.230129439222592
255.0
6.583397987146487
249.6327307326356
254.0
193.0
62.0
3.85151738355394
249.8065017105442
-2.7201082309634526
65585856.0
0.5644037982945878
86.78804382759024
13.791611009201205
3.686790210424631
3.1586515120401053
-1.093661772407904
0.9094617507144152
0.112780555022539
0.7787446771161047
0.11023213504292637
0.5028260048231552
0.10038298760387157
0.4920701901524158
1.4643565023969733
-0.4990919854031556
0.7874566390106688
0.9451387744764981
0.9934108218218438
0.9453086691418056
0.9780385203240685
0.10800226756076531
0.6614287235998114
1.3512272436145911
0.2555605764342386
62.228959620857594
0.3874352196596946
0.5546926918317862
11.4045447869904
97.14599612204638
1454.2299113468844
6.814499113645255
0.12203456852418572
4.706926853702774
18.39310561767426
0.11252396780971696
0.1519980970504282
49.686250883569194
0.29197014826521905
2.407510003711411
0.05931357840467762
3.4615384615384617
0.26627218934911245
1.136094674556213
8.384615384615385
36893.0
546872.5384615385
2609.9850427350425
0.27564102564102566
1.9230769230769231
0.14792899408284024
0.3429916269979281
2.0766680693610398
0.14153357600924135
3.5465935642949344
0.012369172216936251
30356.89940828403
2.730745572124565
409.89628924833494
0.39000598406121306
3.137936684830088
593.1883920076118
0.2839523049499321
13.751665080875357
63.72882968601332
911.6850618458611
4.757862881911407
0.08287081086795645
0.02620830825194017
0.29103820831112864
0.004213858113864651
